 1.49094879605106 4.269720276686161 0.5639412814707863 -4.861114354831976 4.031981114349318
 -2.962663496683138 -7.03831858053268 0.1721007635578806 7.284769761279228 -6.229911960889181
 -6.805754198498199 -16.47674372720961 0.1900043874556974 2.995419084770529 -2.655777040339073
 -6.284283457469227 -15.79478446778928 -0.2114319787623349 7.600013124854767 -6.96991184578085
 -3.019754352477998 -7.704012592916465 -0.1777790978220544 7.600013124854767 -6.96991184578085
 1.718592990764418 3.662360255348163 -0.546438018314764 -4.903629809390096 4.614589556312144
 1.878781451285443 5.596710386104513 0.03045076171936774 1.675993665212495 -0.956886926444988
 -0.03007961184289564 1.186387847467434 0.008054731061828871 -2.940828211786853 2.024032298077104
 -1.553396448590491 -1.066438568532853 -7.621985271882098e-06 -2.940955542155418 2.024109314645636
 -0.5323384917380677 -2.274004787981439 1.843250958809121e-05 1.388900593173415 -1.866417468504276
 -0.7031666353764392 -5.42927051468886 5.093899438198729e-05 0.6670265028586005 -1.657682104012842
 0.1507590133892091 -1.12156641822201 1.265869131275883e-05 0.384795920336803 0.524825460061779
 0.7057986950865408 0.6077568858075146 -9.055125677113615e-07 1.361816787523914 -1.857229744185761
 0.4336952499780261 2.030513062618203 -1.939025473519508e-05 -0.6920775298655419 1.663748464893408
 0.4393034738115661 4.032905152647039 -4.185832224089107e-05 1.276910150068965 -1.004818933068291
 -0.1506577734817418 1.121781686217708 -1.267962446926975e-05 -1.388326115019527 1.865929233302499
 -0.9883750003900571 -1.20330824123363 8.636613794619646e-06 -0.6671020974495725 1.65771476705211
 -0.1474780781759939 -2.768218915183652 3.270095024097558e-05 -0.05824038883835003 -0.8585581599614271
 0.1817103138597026 -5.676425231277218 7.036460700928753e-05 -0.7222659467843326 0.8229145577272611
 0.6696640943275707 -0.308255387296223 2.124121509794225e-06 -0.7222659467843326 0.8229145577272611
 1.945939674879117 4.996372249077387 -6.583769079556033e-05 -0.5322740906385297 0.08688057087556117
 1.047724690737293 3.542564075396112 -4.702257320037288e-05 -0.5322740906385297 0.08688057087556117
 1.047724690737293 3.542564075396112 -4.702257320037288e-05 -0.5322740906385297 0.08688057087556117
 1.047724690737293 3.542564075396112 -4.702257320037288e-05 -0.5322740906385297 0.08688057087556117
 1.047724690737293 3.542564075396112 -4.702257320037288e-05 -0.5322740906385297 0.08688057087556117
 -0.08196396100148276 1.714103601446283 -2.335872300448947e-05 -0.5322740906385297 0.08688057087556117
 -0.9482807406439266 0.1730433836052392 -3.191044905224403e-06 -3.833625185564026 1.850461260667964
 -1.02040883851405 -1.652180905003928 2.334855467087601e-05 11.74268507209586 -6.04285717714637
 -2.082507722386296 -4.15627082829074 5.797888725249711e-05 11.74268507209586 -6.04285717714637
 -2.69804290725122 -5.689040428414824 7.941588940198537e-05 18.2499799952488 -9.472063368911146
 -0.8745947046037206 -2.411246338894681 3.713186047743413e-05 10.35438378464231 -5.361757852710537
 0.7169189907207366 0.1875575957682304 5.170415051907371e-06 18.51627852836886 -9.603261100933075
 2.141257372635036 2.707280008942823 -2.745146123555683e-05 -4.036764542658165 2.108435787562676
 3.586527655343317 4.965057183593991 -5.370721562735633e-05 -25.54517771182608 13.27454317775914
 6.47919052751097 9.316072892144051 -0.0001023493535384656 -9.566510191264742 4.985157688106304
 6.493307582311433 9.427086549418707 -7.918038460707556e-05 -9.565384442340669 4.984804162664585
 6.215141833973328 9.101926976103606 1.480766094571509e-05 2.31033793238534 -1.166634885084698
 2.043745507521681 3.300883751766309 0.0003569135422461693 -18.50037387105612 9.580751774145323
 9.299858396713949e-05 0.8713554704355951 0.001001268350106202 -18.51038577167805 9.613549893147601
 -2.318866353301022 -2.773774948645754 -0.06133279504667763 2.291568959572568 -1.218676350780413
 -6.351235120942989 -8.339527020564027 -0.1999002783901255 -9.514681094735568 4.91173868740046
 -6.373652982121373 -8.461572035239415 -0.2045998750055049 -9.515268225158561 4.912200296647586
 -6.109880298277217 -8.191417624121089 -0.199590502251801 -25.37446738022865 13.13476754499532
 -3.195552359627346 -4.50249956226048 -0.1138378335930344 -3.44062502056042 1.7710456864925
 -2.409608464329525 -3.578894505819716 -0.09378311716513692 -3.431233477909749 1.762861638258331
 -1.773011539101886 -2.856847735080023 -0.07863978255635311 19.63457126327631 -10.18296350143111
 0.3700219603294223 -0.8740757348947678 -0.07459240960669496 6.481634989061471 -3.392377103440916
 1.439367826190027 1.256320679720115 -0.0916449314379216 9.005258043035797 -4.679753414458026
 3.02887305388077 3.852659997350066 -0.1810342152241348 8.163772860299645 -4.20825193879027
 10.88271475779263 15.35229401222065 -0.6356938567827157 8.163772860299645 -4.208251938790267
 9.755284096591135 13.84554630064573 -0.5691023540404513 45.12565479152499 -23.36672926651704
 7.743155929605092 11.02036044684893 -0.4514610010932232 45.12565479152499 -23.36672926651704
 2.137471418460345 3.222989931102135 -0.1230022467460576 -88.26590103978702 45.73044150474166
 1.068259684393337 1.823064322220266 -0.05956319353600014 -88.26590103978702 45.73044150474166
 0.4187253314072569 0.9726249325074823 -0.02102466737887733 -88.26590103978702 45.73044150474166
 0.2279628854613796 0.722858469248826 -0.009706245991179715 -88.26590103978702 45.73044150474166
 -1.409297020977789 -1.420816163558755 0.08743655090668814 -88.26590103978702 45.73044150474166
