    -4.18982971E-002     0.00000000E+000
    -4.18474457E-002    -8.61537909E-011
    -4.17965942E-002    -8.10116580E-011
    -4.17457428E-002    -7.64920986E-011
    -4.16948913E-002    -7.46609292E-011
    -4.16440399E-002    -7.45023244E-011
    -4.15931885E-002    -7.37289280E-011
    -4.15423370E-002    -7.09359711E-011
    -4.14914856E-002    -6.67352005E-011
    -4.14406341E-002    -6.29437297E-011
    -4.13897827E-002    -6.07385826E-011
    -4.13389312E-002    -5.95704006E-011
    -4.12880798E-002    -5.77705877E-011
    -4.12372284E-002    -5.41836463E-011
    -4.11863769E-002    -4.91746171E-011
    -4.11355255E-002    -4.40860616E-011
    -4.10846740E-002    -3.97874478E-011
    -4.10338226E-002    -3.57583560E-011
    -4.09829712E-002    -3.06087293E-011
    -4.09321197E-002    -2.34344610E-011
    -4.08812683E-002    -1.46284031E-011
    -4.08304168E-002    -5.39943833E-012
    -4.07795654E-002     3.49824001E-012
    -4.07287139E-002     1.24890417E-011
    -4.06778625E-002     2.26707002E-011
    -4.06270111E-002     3.46485857E-011
    -4.05761596E-002     4.78718514E-011
    -4.05253082E-002     6.11707257E-011
    -4.04744567E-002     7.38799349E-011
    -4.04236053E-002     8.64178574E-011
    -4.03727538E-002     9.97856482E-011
    -4.03219024E-002     1.14487349E-010
    -4.02710510E-002     1.30040441E-010
    -4.02201995E-002     1.45515487E-010
    -4.01693481E-002     1.60533166E-010
    -4.01184966E-002     1.75726326E-010
    -4.00676452E-002     1.92146492E-010
    -4.00167937E-002     2.10300884E-010
    -3.99659423E-002     2.29756882E-010
    -3.99150909E-002     2.49684571E-010
    -3.98642394E-002     2.69804478E-010
    -3.98133880E-002     2.90683775E-010
    -3.97625365E-002     3.13166059E-010
    -3.97116851E-002     3.37503969E-010
    -3.96608336E-002     3.63069990E-010
    -3.96099822E-002     3.89012054E-010
    -3.95591308E-002     4.15082165E-010
    -3.95082793E-002     4.41881251E-010
    -3.94574279E-002     4.70270270E-010
    -3.94065764E-002     5.00525359E-010
    -3.93557250E-002     5.32206347E-010
    -3.93048735E-002     5.64733015E-010
    -3.92540221E-002     5.98131707E-010
    -3.92031707E-002     6.33160009E-010
    -3.91523192E-002     6.70593167E-010
    -3.91014678E-002     7.10531823E-010
    -3.90506163E-002     7.52287229E-010
    -3.89997649E-002     7.95025565E-010
    -3.89489135E-002     8.38529149E-010
    -3.88980620E-002     8.83205426E-010
    -3.88472106E-002     9.29556297E-010
    -3.87963591E-002     9.77555175E-010
    -3.87455077E-002     1.02668958E-009
    -3.86946562E-002     1.07670933E-009
    -3.86438048E-002     1.12817197E-009
    -3.85929534E-002     1.18243252E-009
    -3.85421019E-002     1.24089789E-009
    -3.84912505E-002     1.30430266E-009
    -3.84403990E-002     1.37274311E-009
    -3.83895476E-002     1.44609973E-009
    -3.83386961E-002     1.52452733E-009
    -3.82878447E-002     1.60823973E-009
    -3.82369933E-002     1.69678134E-009
    -3.81861418E-002     1.78869675E-009
    -3.81352904E-002     1.88175355E-009
    -3.80844389E-002     1.97391904E-009
    -3.80335875E-002     2.06414940E-009
    -3.79827360E-002     2.15242464E-009
    -3.79318846E-002     2.23949155E-009
    -3.78810332E-002     2.32645932E-009
    -3.78301817E-002     2.41506004E-009
    -3.77793303E-002     2.50810131E-009
    -3.77284788E-002     2.60930790E-009
    -3.76776274E-002     2.72264226E-009
    -3.76267759E-002     2.85089286E-009
    -3.75759245E-002     2.99476682E-009
    -3.75250731E-002     3.15286057E-009
    -3.74742216E-002     3.32205146E-009
    -3.74233702E-002     3.49834578E-009
    -3.73725187E-002     3.67716465E-009
    -3.73216673E-002     3.85375630E-009
    -3.72708159E-002     4.02416927E-009
    -3.72199644E-002     4.18637390E-009
    -3.71691130E-002     4.34171328E-009
    -3.71182615E-002     4.49505801E-009
    -3.70674101E-002     4.65374986E-009
    -3.70165586E-002     4.82590201E-009
    -3.69657072E-002     5.01824510E-009
    -3.69148558E-002     5.23508006E-009
    -3.68640043E-002     5.47749676E-009
    -3.68131529E-002     5.74300667E-009
    -3.67623014E-002     6.02592478E-009
    -3.67114500E-002     6.31797954E-009
    -3.66605985E-002     6.61055654E-009
    -3.66097471E-002     6.89726114E-009
    -3.65588957E-002     7.17601133E-009
    -3.65080442E-002     7.45013672E-009
    -3.64571928E-002     7.72696972E-009
    -3.64063413E-002     8.01582625E-009
    -3.63554899E-002     8.32546906E-009
    -3.63046384E-002     8.66192582E-009
    -3.62537870E-002     9.02778819E-009
    -3.62029356E-002     9.42149808E-009
    -3.61520841E-002     9.83814309E-009
    -3.61012327E-002     1.02709849E-008
    -3.60503812E-002     1.07133284E-008
    -3.59995298E-002     1.11612419E-008
    -3.59486783E-002     1.16142989E-008
    -3.58978269E-002     1.20753827E-008
    -3.58469755E-002     1.25492075E-008
    -3.57961240E-002     1.30400842E-008
    -3.57452726E-002     1.35517310E-008
    -3.56944211E-002     1.40871166E-008
    -3.56435697E-002     1.46493039E-008
    -3.55927182E-002     1.52418734E-008
    -3.55418668E-002     1.58673461E-008
    -3.54910154E-002     1.65263719E-008
    -3.54401639E-002     1.72160202E-008
    -3.53893125E-002     1.79297457E-008
    -3.53384610E-002     1.86594681E-008
    -3.52876096E-002     1.93978093E-008
    -3.52367582E-002     2.01426834E-008
    -3.51859067E-002     2.08998423E-008
    -3.51350553E-002     2.16831306E-008
    -3.50842038E-002     2.25116902E-008
    -3.50333524E-002     2.34019321E-008
    -3.49825009E-002     2.43604909E-008
    -3.49316495E-002     2.53790981E-008
    -3.48807981E-002     2.64361597E-008
    -3.48299466E-002     2.75067264E-008
    -3.47790952E-002     2.85739032E-008
    -3.47282437E-002     2.96396252E-008
    -3.46773923E-002     3.07258164E-008
    -3.46265408E-002     3.18650995E-008
    -3.45756894E-002     3.30868629E-008
    -3.45248380E-002     3.44019046E-008
    -3.44739865E-002     3.57979447E-008
    -3.44231351E-002     3.72461379E-008
    -3.43722836E-002     3.87159143E-008
    -3.43214322E-002     4.01933567E-008
    -3.42705807E-002     4.16885731E-008
    -3.42197293E-002     4.32320604E-008
    -3.41688779E-002     4.48590422E-008
    -3.41180264E-002     4.65896409E-008
    -3.40671750E-002     4.84202662E-008
    -3.40163235E-002     5.03260231E-008
    -3.39654721E-002     5.22775191E-008
    -3.39146206E-002     5.42598717E-008
    -3.38637692E-002     5.62803798E-008
    -3.38129178E-002     5.83658694E-008
    -3.37620663E-002     6.05458373E-008
    -3.37112149E-002     6.28375103E-008
    -3.36603634E-002     6.52409013E-008
    -3.36095120E-002     6.77418303E-008
    -3.35586605E-002     7.03256616E-008
    -3.35078091E-002     7.29844081E-008
    -3.34569577E-002     7.57185122E-008
    -3.34061062E-002     7.85356138E-008
    -3.33552548E-002     8.14449478E-008
    -3.33044033E-002     8.44601597E-008
    -3.32535519E-002     8.75976882E-008
    -3.32027005E-002     9.08715462E-008
    -3.31518490E-002     9.42870271E-008
    -3.31009976E-002     9.78315688E-008
    -3.30501461E-002     1.01483425E-007
    -3.29992947E-002     1.05227743E-007
    -3.29484432E-002     1.09072748E-007
    -3.28975918E-002     1.13054688E-007
    -3.28467404E-002     1.17213862E-007
    -3.27958889E-002     1.21568343E-007
    -3.27450375E-002     1.26098437E-007
    -3.26941860E-002     1.30760415E-007
    -3.26433346E-002     1.35528394E-007
    -3.25924831E-002     1.40419756E-007
    -3.25416317E-002     1.45492285E-007
    -3.24907803E-002     1.50802936E-007
    -3.24399288E-002     1.56360871E-007
    -3.23890774E-002     1.62124843E-007
    -3.23382259E-002     1.68037239E-007
    -3.22873745E-002     1.74081001E-007
    -3.22365230E-002     1.80302349E-007
    -3.21856716E-002     1.86774607E-007
    -3.21348202E-002     1.93545446E-007
    -3.20839687E-002     2.00598344E-007
    -3.20331173E-002     2.07876842E-007
    -3.19822658E-002     2.15343706E-007
    -3.19314144E-002     2.23014176E-007
    -3.18805629E-002     2.30949874E-007
    -3.18297115E-002     2.39203751E-007
    -3.17788601E-002     2.47783639E-007
    -3.17280086E-002     2.56664110E-007
    -3.16771572E-002     2.65818530E-007
    -3.16263057E-002     2.75256138E-007
    -3.15754543E-002     2.85009793E-007
    -3.15246029E-002     2.95107327E-007
    -3.14737514E-002     3.05561781E-007
    -3.14229000E-002     3.16371631E-007
    -3.13720485E-002     3.27545366E-007
    -3.13211971E-002     3.39097051E-007
    -3.12703456E-002     3.51033016E-007
    -3.12194942E-002     3.63359452E-007
    -3.11686428E-002     3.76087580E-007
    -3.11177913E-002     3.89251931E-007
    -3.10669399E-002     4.02887988E-007
    -3.10160884E-002     4.16998210E-007
    -3.09652370E-002     4.31562148E-007
    -3.09143855E-002     4.46564823E-007
    -3.08635341E-002     4.62043686E-007
    -3.08126827E-002     4.78069837E-007
    -3.07618312E-002     4.94680565E-007
    -3.07109798E-002     5.11857872E-007
    -3.06601283E-002     5.29555364E-007
    -3.06092769E-002     5.47780253E-007
    -3.05584254E-002     5.66609780E-007
    -3.05075740E-002     5.86115413E-007
    -3.04567226E-002     6.06307842E-007
    -3.04058711E-002     6.27136798E-007
    -3.03550197E-002     6.48583133E-007
    -3.03041682E-002     6.70710584E-007
    -3.02533168E-002     6.93602605E-007
    -3.02024653E-002     7.17296043E-007
    -3.01516139E-002     7.41755121E-007
    -3.01007625E-002     7.66952161E-007
    -3.00499110E-002     7.92935950E-007
    -2.99990596E-002     8.19783202E-007
    -2.99482081E-002     8.47543675E-007
    -2.98973567E-002     8.76205849E-007
    -2.98465052E-002     9.05756008E-007
    -2.97956538E-002     9.36238987E-007
    -2.97448024E-002     9.67711817E-007
    -2.96939509E-002     1.00021451E-006
    -2.96430995E-002     1.03375203E-006
    -2.95922480E-002     1.06833734E-006
    -2.95413966E-002     1.10403054E-006
    -2.94905452E-002     1.14087828E-006
    -2.94396937E-002     1.17890522E-006
    -2.93888423E-002     1.21811945E-006
    -2.93379908E-002     1.25854789E-006
    -2.92871394E-002     1.30026396E-006
    -2.92362879E-002     1.34331870E-006
    -2.91854365E-002     1.38774281E-006
    -2.91345851E-002     1.43355595E-006
    -2.90837336E-002     1.48078404E-006
    -2.90328822E-002     1.52949200E-006
    -2.89820307E-002     1.57972998E-006
    -2.89311793E-002     1.63154618E-006
    -2.88803278E-002     1.68498333E-006
    -2.88294764E-002     1.74006844E-006
    -2.87786250E-002     1.79686033E-006
    -2.87277735E-002     1.85541470E-006
    -2.86769221E-002     1.91579369E-006
    -2.86260706E-002     1.97804903E-006
    -2.85752192E-002     2.04220286E-006
    -2.85243677E-002     2.10832294E-006
    -2.84735163E-002     2.17648728E-006
    -2.84226649E-002     2.24676530E-006
    -2.83718134E-002     2.31920197E-006
    -2.83209620E-002     2.39381540E-006
    -2.82701105E-002     2.47069575E-006
    -2.82192591E-002     2.54994462E-006
    -2.81684076E-002     2.63162695E-006
    -2.81175562E-002     2.71578620E-006
    -2.80667048E-002     2.80245646E-006
    -2.80158533E-002     2.89175204E-006
    -2.79650019E-002     2.98377727E-006
    -2.79141504E-002     3.07858269E-006
    -2.78632990E-002     3.17622989E-006
    -2.78124476E-002     3.27678367E-006
    -2.77615961E-002     3.38036756E-006
    -2.77107447E-002     3.48707637E-006
    -2.76598932E-002     3.59696203E-006
    -2.76090418E-002     3.71012159E-006
    -2.75581903E-002     3.82663969E-006
    -2.75073389E-002     3.94663121E-006
    -2.74564875E-002     4.07019391E-006
    -2.74056360E-002     4.19740284E-006
    -2.73547846E-002     4.32838459E-006
    -2.73039331E-002     4.46322492E-006
    -2.72530817E-002     4.60203249E-006
    -2.72022302E-002     4.74492650E-006
    -2.71513788E-002     4.89200530E-006
    -2.71005274E-002     5.04341383E-006
    -2.70496759E-002     5.19924488E-006
    -2.69988245E-002     5.35961372E-006
    -2.69479730E-002     5.52465954E-006
    -2.68971216E-002     5.69449281E-006
    -2.68462701E-002     5.86927970E-006
    -2.67954187E-002     6.04913253E-006
    -2.67445673E-002     6.23417373E-006
    -2.66937158E-002     6.42456100E-006
    -2.66428644E-002     6.62041902E-006
    -2.65920129E-002     6.82193331E-006
    -2.65411615E-002     7.02923330E-006
    -2.64903100E-002     7.24245630E-006
    -2.64394586E-002     7.46179404E-006
    -2.63886072E-002     7.68738073E-006
    -2.63377557E-002     7.91940735E-006
    -2.62869043E-002     8.15803006E-006
    -2.62360528E-002     8.40341462E-006
    -2.61852014E-002     8.65578041E-006
    -2.61343499E-002     8.91526091E-006
    -2.60834985E-002     9.18206789E-006
    -2.60326471E-002     9.45640202E-006
    -2.59817956E-002     9.73843888E-006
    -2.59309442E-002     1.00284130E-005
    -2.58800927E-002     1.03264855E-005
    -2.58292413E-002     1.06329062E-005
    -2.57783899E-002     1.09478959E-005
    -2.57275384E-002     1.12716253E-005
    -2.56766870E-002     1.16043751E-005
    -2.56258355E-002     1.19463531E-005
    -2.55749841E-002     1.22978154E-005
    -2.55241326E-002     1.26589949E-005
    -2.54732812E-002     1.30300973E-005
    -2.54224298E-002     1.34114601E-005
    -2.53715783E-002     1.38033020E-005
    -2.53207269E-002     1.42058794E-005
    -2.52698754E-002     1.46194845E-005
    -2.52190240E-002     1.50443660E-005
    -2.51681725E-002     1.54808786E-005
    -2.51173211E-002     1.59292533E-005
    -2.50664697E-002     1.63897859E-005
    -2.50156182E-002     1.68628324E-005
    -2.49647668E-002     1.73486509E-005
    -2.49139153E-002     1.78476196E-005
    -2.48630639E-002     1.83600206E-005
    -2.48122124E-002     1.88861849E-005
    -2.47613610E-002     1.94265090E-005
    -2.47105096E-002     1.99812717E-005
    -2.46596581E-002     2.05508989E-005
    -2.46088067E-002     2.11357226E-005
    -2.45579552E-002     2.17360905E-005
    -2.45071038E-002     2.23524533E-005
    -2.44562523E-002     2.29851257E-005
    -2.44054009E-002     2.36345763E-005
    -2.43545495E-002     2.43011874E-005
    -2.43036980E-002     2.49853308E-005
    -2.42528466E-002     2.56875234E-005
    -2.42019951E-002     2.64081178E-005
    -2.41511437E-002     2.71476195E-005
    -2.41002922E-002     2.79064690E-005
    -2.40494408E-002     2.86850707E-005
    -2.39985894E-002     2.94840131E-005
    -2.39477379E-002     3.03036852E-005
    -2.38968865E-002     3.11446244E-005
    -2.38460350E-002     3.20073497E-005
    -2.37951836E-002     3.28923122E-005
    -2.37443322E-002     3.38001575E-005
    -2.36934807E-002     3.47313124E-005
    -2.36426293E-002     3.56863677E-005
    -2.35917778E-002     3.66659313E-005
    -2.35409264E-002     3.76704816E-005
    -2.34900749E-002     3.87007228E-005
    -2.34392235E-002     3.97571536E-005
    -2.33883721E-002     4.08404161E-005
    -2.33375206E-002     4.19511912E-005
    -2.32866692E-002     4.30899996E-005
    -2.32358177E-002     4.42576291E-005
    -2.31849663E-002     4.54546461E-005
    -2.31341148E-002     4.66817292E-005
    -2.30832634E-002     4.79396587E-005
    -2.30324120E-002     4.92290088E-005
    -2.29815605E-002     5.05506324E-005
    -2.29307091E-002     5.19051765E-005
    -2.28798576E-002     5.32933772E-005
    -2.28290062E-002     5.47161153E-005
    -2.27781547E-002     5.61740085E-005
    -2.27273033E-002     5.76679927E-005
    -2.26764519E-002     5.91988189E-005
    -2.26256004E-002     6.07672609E-005
    -2.25747490E-002     6.23743090E-005
    -2.25238975E-002     6.40206510E-005
    -2.24730461E-002     6.57072955E-005
    -2.24221946E-002     6.74350929E-005
    -2.23713432E-002     6.92048751E-005
    -2.23204918E-002     7.10177671E-005
    -2.22696403E-002     7.28745125E-005
    -2.22187889E-002     7.47761823E-005
    -2.21679374E-002     7.67237688E-005
    -2.21170860E-002     7.87181710E-005
    -2.20662346E-002     8.07606217E-005
    -2.20153831E-002     8.28519366E-005
    -2.19645317E-002     8.49932760E-005
    -2.19136802E-002     8.71857783E-005
    -2.18628288E-002     8.94303960E-005
    -2.18119773E-002     9.17284766E-005
    -2.17611259E-002     9.40809436E-005
    -2.17102745E-002     9.64890456E-005
    -2.16594230E-002     9.89540646E-005
    -2.16085716E-002     1.01477015E-004
    -2.15577201E-002     1.04059371E-004
    -2.15068687E-002     1.06702184E-004
    -2.14560172E-002     1.09406781E-004
    -2.14051658E-002     1.12174591E-004
    -2.13543144E-002     1.15006709E-004
    -2.13034629E-002     1.17904753E-004
    -2.12526115E-002     1.20869903E-004
    -2.12017600E-002     1.23903557E-004
    -2.11509086E-002     1.27007325E-004
    -2.11000571E-002     1.30182397E-004
    -2.10492057E-002     1.33430511E-004
    -2.09983543E-002     1.36752998E-004
    -2.09475028E-002     1.40151349E-004
    -2.08966514E-002     1.43627359E-004
    -2.08457999E-002     1.47182298E-004
    -2.07949485E-002     1.50818040E-004
    -2.07440970E-002     1.54536112E-004
    -2.06932456E-002     1.58338078E-004
    -2.06423942E-002     1.62225924E-004
    -2.05915427E-002     1.66201032E-004
    -2.05406913E-002     1.70265407E-004
    -2.04898398E-002     1.74420776E-004
    -2.04389884E-002     1.78668783E-004
    -2.03881369E-002     1.83011629E-004
    -2.03372855E-002     1.87450816E-004
    -2.02864341E-002     1.91988470E-004
    -2.02355826E-002     1.96626545E-004
    -2.01847312E-002     2.01366782E-004
    -2.01338797E-002     2.06211595E-004
    -2.00830283E-002     2.11162629E-004
    -2.00321769E-002     2.16222122E-004
    -1.99813254E-002     2.21392276E-004
    -1.99304740E-002     2.26674945E-004
    -1.98796225E-002     2.32072741E-004
    -1.98287711E-002     2.37587475E-004
    -1.97779196E-002     2.43221517E-004
    -1.97270682E-002     2.48977331E-004
    -1.96762168E-002     2.54856885E-004
    -1.96253653E-002     2.60862988E-004
    -1.95745139E-002     2.66997658E-004
    -1.95236624E-002     2.73263389E-004
    -1.94728110E-002     2.79662908E-004
    -1.94219595E-002     2.86198315E-004
    -1.93711081E-002     2.92872624E-004
    -1.93202567E-002     2.99688076E-004
    -1.92694052E-002     3.06647294E-004
    -1.92185538E-002     3.13753299E-004
    -1.91677023E-002     3.21008322E-004
    -1.91168509E-002     3.28415569E-004
    -1.90659994E-002     3.35977556E-004
    -1.90151480E-002     3.43697032E-004
    -1.89642966E-002     3.51577305E-004
    -1.89134451E-002     3.59620745E-004
    -1.88625937E-002     3.67830769E-004
    -1.88117422E-002     3.76210199E-004
    -1.87608908E-002     3.84761894E-004
    -1.87100393E-002     3.93489479E-004
    -1.86591879E-002     4.02395489E-004
    -1.86083365E-002     4.11483522E-004
    -1.85574850E-002     4.20756735E-004
    -1.85066336E-002     4.30218111E-004
    -1.84557821E-002     4.39871596E-004
    -1.84049307E-002     4.49719905E-004
    -1.83540793E-002     4.59766813E-004
    -1.83032278E-002     4.70015849E-004
    -1.82523764E-002     4.80470133E-004
    -1.82015249E-002     4.91133909E-004
    -1.81506735E-002     5.02010120E-004
    -1.80998220E-002     5.13102718E-004
    -1.80489706E-002     5.24415603E-004
    -1.79981192E-002     5.35952036E-004
    -1.79472677E-002     5.47716556E-004
    -1.78964163E-002     5.59712396E-004
    -1.78455648E-002     5.71943667E-004
    -1.77947134E-002     5.84414645E-004
    -1.77438619E-002     5.97128771E-004
    -1.76930105E-002     6.10090872E-004
    -1.76421591E-002     6.23304462E-004
    -1.75913076E-002     6.36773820E-004
    -1.75404562E-002     6.50503640E-004
    -1.74896047E-002     6.64497533E-004
    -1.74387533E-002     6.78760590E-004
    -1.73879018E-002     6.93296694E-004
    -1.73370504E-002     7.08110286E-004
    -1.72861990E-002     7.23206447E-004
    -1.72353475E-002     7.38588973E-004
    -1.71844961E-002     7.54263235E-004
    -1.71336446E-002     7.70233504E-004
    -1.70827932E-002     7.86504359E-004
    -1.70319417E-002     8.03081318E-004
    -1.69810903E-002     8.19968379E-004
    -1.69302389E-002     8.37171152E-004
    -1.68793874E-002     8.54694350E-004
    -1.68285360E-002     8.72542694E-004
    -1.67776845E-002     8.90722126E-004
    -1.67268331E-002     9.09236847E-004
    -1.66759816E-002     9.28092703E-004
    -1.66251302E-002     9.47294903E-004
    -1.65742788E-002     9.66848305E-004
    -1.65234273E-002     9.86759266E-004
    -1.64725759E-002     1.00703224E-003
    -1.64217244E-002     1.02767327E-003
    -1.63708730E-002     1.04868807E-003
    -1.63200216E-002     1.07008165E-003
    -1.62691701E-002     1.09186075E-003
    -1.62183187E-002     1.11403015E-003
    -1.61674672E-002     1.13659609E-003
    -1.61166158E-002     1.15956477E-003
    -1.60657643E-002     1.18294137E-003
    -1.60149129E-002     1.20673300E-003
    -1.59640615E-002     1.23094479E-003
    -1.59132100E-002     1.25558315E-003
    -1.58623586E-002     1.28065479E-003
    -1.58115071E-002     1.30616509E-003
    -1.57606557E-002     1.33212149E-003
    -1.57098042E-002     1.35852952E-003
    -1.56589528E-002     1.38539575E-003
    -1.56081014E-002     1.41272739E-003
    -1.55572499E-002     1.44053002E-003
    -1.55063985E-002     1.46881139E-003
    -1.54555470E-002     1.49757748E-003
    -1.54046956E-002     1.52683502E-003
    -1.53538441E-002     1.55659170E-003
    -1.53029927E-002     1.58685333E-003
    -1.52521413E-002     1.61762791E-003
    -1.52012898E-002     1.64892194E-003
    -1.51504384E-002     1.68074226E-003
    -1.50995869E-002     1.71309707E-003
    -1.50487355E-002     1.74599240E-003
    -1.49978840E-002     1.77943648E-003
    -1.49470326E-002     1.81343636E-003
    -1.48961812E-002     1.84799901E-003
    -1.48453297E-002     1.88313311E-003
    -1.47944783E-002     1.91884488E-003
    -1.47436268E-002     1.95514280E-003
    -1.46927754E-002     1.99203449E-003
    -1.46419240E-002     2.02952701E-003
    -1.45910725E-002     2.06762949E-003
    -1.45402211E-002     2.10634846E-003
    -1.44893696E-002     2.14569253E-003
    -1.44385182E-002     2.18566991E-003
    -1.43876667E-002     2.22628779E-003
    -1.43368153E-002     2.26755567E-003
    -1.42859639E-002     2.30948044E-003
    -1.42351124E-002     2.35207085E-003
    -1.41842610E-002     2.39533563E-003
    -1.41334095E-002     2.43928214E-003
    -1.40825581E-002     2.48392019E-003
    -1.40317066E-002     2.52925709E-003
    -1.39808552E-002     2.57530167E-003
    -1.39300038E-002     2.62206321E-003
    -1.38791523E-002     2.66954919E-003
    -1.38283009E-002     2.71776975E-003
    -1.37774494E-002     2.76673259E-003
    -1.37265980E-002     2.81644663E-003
    -1.36757465E-002     2.86692167E-003
    -1.36248951E-002     2.91816534E-003
    -1.35740437E-002     2.97018800E-003
    -1.35231922E-002     3.02299783E-003
    -1.34723408E-002     3.07660379E-003
    -1.34214893E-002     3.13101615E-003
    -1.33706379E-002     3.18624273E-003
    -1.33197864E-002     3.24229404E-003
    -1.32689350E-002     3.29917877E-003
    -1.32180836E-002     3.35690592E-003
    -1.31672321E-002     3.41548618E-003
    -1.31163807E-002     3.47492750E-003
    -1.30655292E-002     3.53524056E-003
    -1.30146778E-002     3.59643457E-003
    -1.29638263E-002     3.65851851E-003
    -1.29129749E-002     3.72150350E-003
    -1.28621235E-002     3.78539764E-003
    -1.28112720E-002     3.85021163E-003
    -1.27604206E-002     3.91595527E-003
    -1.27095691E-002     3.98263751E-003
    -1.26587177E-002     4.05026979E-003
    -1.26078663E-002     4.11886043E-003
    -1.25570148E-002     4.18842015E-003
    -1.25061634E-002     4.25895918E-003
    -1.24553119E-002     4.33048653E-003
    -1.24044605E-002     4.40301383E-003
    -1.23536090E-002     4.47654972E-003
    -1.23027576E-002     4.55110483E-003
    -1.22519062E-002     4.62668985E-003
    -1.22010547E-002     4.70331377E-003
    -1.21502033E-002     4.78098838E-003
    -1.20993518E-002     4.85972260E-003
    -1.20485004E-002     4.93952700E-003
    -1.19976489E-002     5.02041265E-003
    -1.19467975E-002     5.10238853E-003
    -1.18959461E-002     5.18546650E-003
    -1.18450946E-002     5.26965579E-003
    -1.17942432E-002     5.35496684E-003
    -1.17433917E-002     5.44141102E-003
    -1.16925403E-002     5.52899736E-003
    -1.16416888E-002     5.61773769E-003
    -1.15908374E-002     5.70764156E-003
    -1.15399860E-002     5.79871924E-003
    -1.14891345E-002     5.89098234E-003
    -1.14382831E-002     5.98443986E-003
    -1.13874316E-002     6.07910358E-003
    -1.13365802E-002     6.17498338E-003
    -1.12857287E-002     6.27208931E-003
    -1.12348773E-002     6.37043315E-003
    -1.11840259E-002     6.47002388E-003
    -1.11331744E-002     6.57087311E-003
    -1.10823230E-002     6.67299104E-003
    -1.10314715E-002     6.77638746E-003
    -1.09806201E-002     6.88107430E-003
    -1.09297686E-002     6.98706047E-003
    -1.08789172E-002     7.09435734E-003
    -1.08280658E-002     7.20297537E-003
    -1.07772143E-002     7.31292411E-003
    -1.07263629E-002     7.42421547E-003
    -1.06755114E-002     7.53685839E-003
    -1.06246600E-002     7.65086389E-003
    -1.05738086E-002     7.76624261E-003
    -1.05229571E-002     7.88300386E-003
    -1.04721057E-002     8.00115942E-003
    -1.04212542E-002     8.12071824E-003
    -1.03704028E-002     8.24169098E-003
    -1.03195513E-002     8.36408835E-003
    -1.02686999E-002     8.48791941E-003
    -1.02178485E-002     8.61319570E-003
    -1.01669970E-002     8.73992616E-003
    -1.01161456E-002     8.86812107E-003
    -1.00652941E-002     8.99779110E-003
    -1.00144427E-002     9.12894503E-003
    -9.96359124E-003     9.26159408E-003
    -9.91273980E-003     9.39574717E-003
    -9.86188836E-003     9.53141412E-003
    -9.81103692E-003     9.66860546E-003
    -9.76018547E-003     9.80732971E-003
    -9.70933403E-003     9.94759765E-003
    -9.65848259E-003     1.00894182E-002
    -9.60763115E-003     1.02328005E-002
    -9.55677970E-003     1.03777550E-002
    -9.50592826E-003     1.05242899E-002
    -9.45507682E-003     1.06724155E-002
    -9.40422538E-003     1.08221405E-002
    -9.35337393E-003     1.09734736E-002
    -9.30252249E-003     1.11264248E-002
    -9.25167105E-003     1.12810021E-002
    -9.20081961E-003     1.14372151E-002
    -9.14996816E-003     1.15950723E-002
    -9.09911672E-003     1.17545819E-002
    -9.04826528E-003     1.19157535E-002
    -8.99741384E-003     1.20785946E-002
    -8.94656239E-003     1.22431142E-002
    -8.89571095E-003     1.24093205E-002
    -8.84485951E-003     1.25772212E-002
    -8.79400807E-003     1.27468253E-002
    -8.74315662E-003     1.29181398E-002
    -8.69230518E-003     1.30911730E-002
    -8.64145374E-003     1.32659328E-002
    -8.59060230E-003     1.34424262E-002
    -8.53975085E-003     1.36206615E-002
    -8.48889941E-003     1.38006455E-002
    -8.43804797E-003     1.39823854E-002
    -8.38719653E-003     1.41658887E-002
    -8.33634508E-003     1.43511618E-002
    -8.28549364E-003     1.45382123E-002
    -8.23464220E-003     1.47270463E-002
    -8.18379076E-003     1.49176704E-002
    -8.13293931E-003     1.51100913E-002
    -8.08208787E-003     1.53043147E-002
    -8.03123643E-003     1.55003475E-002
    -7.98038499E-003     1.56981951E-002
    -7.92953354E-003     1.58978633E-002
    -7.87868210E-003     1.60993580E-002
    -7.82783066E-003     1.63026844E-002
    -7.77697922E-003     1.65078480E-002
    -7.72612777E-003     1.67148540E-002
    -7.67527633E-003     1.69237070E-002
    -7.62442489E-003     1.71344123E-002
    -7.57357345E-003     1.73469740E-002
    -7.52272200E-003     1.75613969E-002
    -7.47187056E-003     1.77776853E-002
    -7.42101912E-003     1.79958429E-002
    -7.37016768E-003     1.82158739E-002
    -7.31931623E-003     1.84377817E-002
    -7.26846479E-003     1.86615702E-002
    -7.21761335E-003     1.88872425E-002
    -7.16676191E-003     1.91148015E-002
    -7.11591046E-003     1.93442503E-002
    -7.06505902E-003     1.95755916E-002
    -7.01420758E-003     1.98088279E-002
    -6.96335614E-003     2.00439614E-002
    -6.91250469E-003     2.02809941E-002
    -6.86165325E-003     2.05199278E-002
    -6.81080181E-003     2.07607644E-002
    -6.75995037E-003     2.10035051E-002
    -6.70909892E-003     2.12481511E-002
    -6.65824748E-003     2.14947033E-002
    -6.60739604E-003     2.17431623E-002
    -6.55654460E-003     2.19935289E-002
    -6.50569315E-003     2.22458033E-002
    -6.45484171E-003     2.24999852E-002
    -6.40399027E-003     2.27560746E-002
    -6.35313883E-003     2.30140708E-002
    -6.30228738E-003     2.32739735E-002
    -6.25143594E-003     2.35357815E-002
    -6.20058450E-003     2.37994933E-002
    -6.14973306E-003     2.40651078E-002
    -6.09888161E-003     2.43326229E-002
    -6.04803017E-003     2.46020371E-002
    -5.99717873E-003     2.48733479E-002
    -5.94632729E-003     2.51465524E-002
    -5.89547584E-003     2.54216485E-002
    -5.84462440E-003     2.56986325E-002
    -5.79377296E-003     2.59775015E-002
    -5.74292152E-003     2.62582519E-002
    -5.69207008E-003     2.65408793E-002
    -5.64121863E-003     2.68253802E-002
    -5.59036719E-003     2.71117497E-002
    -5.53951575E-003     2.73999833E-002
    -5.48866431E-003     2.76900762E-002
    -5.43781286E-003     2.79820222E-002
    -5.38696142E-003     2.82758169E-002
    -5.33610998E-003     2.85714537E-002
    -5.28525854E-003     2.88689265E-002
    -5.23440709E-003     2.91682294E-002
    -5.18355565E-003     2.94693543E-002
    -5.13270421E-003     2.97722956E-002
    -5.08185277E-003     3.00770454E-002
    -5.03100132E-003     3.03835957E-002
    -4.98014988E-003     3.06919392E-002
    -4.92929844E-003     3.10020664E-002
    -4.87844700E-003     3.13139701E-002
    -4.82759555E-003     3.16276409E-002
    -4.77674411E-003     3.19430691E-002
    -4.72589267E-003     3.22602461E-002
    -4.67504123E-003     3.25791607E-002
    -4.62418978E-003     3.28998042E-002
    -4.57333834E-003     3.32221657E-002
    -4.52248690E-003     3.35462335E-002
    -4.47163546E-003     3.38719979E-002
    -4.42078401E-003     3.41994458E-002
    -4.36993257E-003     3.45285670E-002
    -4.31908113E-003     3.48593490E-002
    -4.26822969E-003     3.51917783E-002
    -4.21737824E-003     3.55258438E-002
    -4.16652680E-003     3.58615309E-002
    -4.11567536E-003     3.61988273E-002
    -4.06482392E-003     3.65377194E-002
    -4.01397247E-003     3.68781915E-002
    -3.96312103E-003     3.72202312E-002
    -3.91226959E-003     3.75638222E-002
    -3.86141815E-003     3.79089504E-002
    -3.81056670E-003     3.82556007E-002
    -3.75971526E-003     3.86037554E-002
    -3.70886382E-003     3.89534009E-002
    -3.65801238E-003     3.93045192E-002
    -3.60716093E-003     3.96570940E-002
    -3.55630949E-003     4.00111089E-002
    -3.50545805E-003     4.03665444E-002
    -3.45460661E-003     4.07233852E-002
    -3.40375516E-003     4.10816119E-002
    -3.35290372E-003     4.14412061E-002
    -3.30205228E-003     4.18021499E-002
    -3.25120084E-003     4.21644220E-002
    -3.20034939E-003     4.25280056E-002
    -3.14949795E-003     4.28928796E-002
    -3.09864651E-003     4.32590235E-002
    -3.04779507E-003     4.36264181E-002
    -2.99694362E-003     4.39950403E-002
    -2.94609218E-003     4.43648715E-002
    -2.89524074E-003     4.47358893E-002
    -2.84438930E-003     4.51080709E-002
    -2.79353785E-003     4.54813959E-002
    -2.74268641E-003     4.58558393E-002
    -2.69183497E-003     4.62313807E-002
    -2.64098353E-003     4.66079964E-002
    -2.59013208E-003     4.69856613E-002
    -2.53928064E-003     4.73643539E-002
    -2.48842920E-003     4.77440475E-002
    -2.43757776E-003     4.81247197E-002
    -2.38672631E-003     4.85063453E-002
    -2.33587487E-003     4.88888974E-002
    -2.28502343E-003     4.92723530E-002
    -2.23417199E-003     4.96566839E-002
    -2.18332054E-003     5.00418657E-002
    -2.13246910E-003     5.04278719E-002
    -2.08161766E-003     5.08146735E-002
    -2.03076622E-003     5.12022463E-002
    -1.97991477E-003     5.15905605E-002
    -1.92906333E-003     5.19795897E-002
    -1.87821189E-003     5.23693062E-002
    -1.82736045E-003     5.27596790E-002
    -1.77650900E-003     5.31506827E-002
    -1.72565756E-003     5.35422861E-002
    -1.67480612E-003     5.39344604E-002
    -1.62395468E-003     5.43271770E-002
    -1.57310323E-003     5.47204031E-002
    -1.52225179E-003     5.51141118E-002
    -1.47140035E-003     5.55082707E-002
    -1.42054891E-003     5.59028488E-002
    -1.36969746E-003     5.62978166E-002
    -1.31884602E-003     5.66931395E-002
    -1.26799458E-003     5.70887891E-002
    -1.21714314E-003     5.74847319E-002
    -1.16629170E-003     5.78809349E-002
    -1.11544025E-003     5.82773675E-002
    -1.06458881E-003     5.86739934E-002
    -1.01373737E-003     5.90707831E-002
    -9.62885925E-004     5.94677017E-002
    -9.12034483E-004     5.98647142E-002
    -8.61183040E-004     6.02617892E-002
    -8.10331598E-004     6.06588892E-002
    -7.59480155E-004     6.10559826E-002
    -7.08628713E-004     6.14530340E-002
    -6.57777270E-004     6.18500063E-002
    -6.06925828E-004     6.22468673E-002
    -5.56074385E-004     6.26435783E-002
    -5.05222943E-004     6.30401061E-002
    -4.54371500E-004     6.34364142E-002
    -4.03520058E-004     6.38324641E-002
    -3.52668615E-004     6.42282225E-002
    -3.01817173E-004     6.46236498E-002
    -2.50965731E-004     6.50187109E-002
    -2.00114288E-004     6.54133689E-002
    -1.49262846E-004     6.58075835E-002
    -9.84114031E-005     6.62013208E-002
    -4.75599606E-005     6.65945401E-002
     3.29148184E-006     6.69872048E-002
     5.41429243E-005     6.73792771E-002
     1.04994367E-004     6.77707157E-002
     1.55845809E-004     6.81614856E-002
     2.06697252E-004     6.85515456E-002
     2.57548694E-004     6.89408571E-002
     3.08400137E-004     6.93293823E-002
     3.59251579E-004     6.97170784E-002
     4.10103022E-004     7.01039096E-002
     4.60954464E-004     7.04898343E-002
     5.11805907E-004     7.08748122E-002
     5.62657349E-004     7.12588052E-002
     6.13508791E-004     7.16417696E-002
     6.64360234E-004     7.20236686E-002
     7.15211676E-004     7.24044602E-002
     7.66063119E-004     7.27841029E-002
     8.16914561E-004     7.31625581E-002
     8.67766004E-004     7.35397815E-002
     9.18617446E-004     7.39157354E-002
     9.69468889E-004     7.42903775E-002
     1.02032033E-003     7.46636651E-002
     1.07117177E-003     7.50355593E-002
     1.12202322E-003     7.54060156E-002
     1.17287466E-003     7.57749952E-002
     1.22372610E-003     7.61424556E-002
     1.27457754E-003     7.65083532E-002
     1.32542899E-003     7.68726491E-002
     1.37628043E-003     7.72352983E-002
     1.42713187E-003     7.75962612E-002
     1.47798331E-003     7.79554954E-002
     1.52883476E-003     7.83129565E-002
     1.57968620E-003     7.86686055E-002
     1.63053764E-003     7.90223975E-002
     1.68138908E-003     7.93742917E-002
     1.73224053E-003     7.97242462E-002
     1.78309197E-003     8.00722160E-002
     1.83394341E-003     8.04181621E-002
     1.88479485E-003     8.07620396E-002
     1.93564630E-003     8.11038071E-002
     1.98649774E-003     8.14434229E-002
     2.03734918E-003     8.17808419E-002
     2.08820062E-003     8.21160250E-002
     2.13905207E-003     8.24489276E-002
     2.18990351E-003     8.27795078E-002
     2.24075495E-003     8.31077243E-002
     2.29160639E-003     8.34335319E-002
     2.34245784E-003     8.37568917E-002
     2.39330928E-003     8.40777595E-002
     2.44416072E-003     8.43960930E-002
     2.49501216E-003     8.47118515E-002
     2.54586361E-003     8.50249900E-002
     2.59671505E-003     8.53354697E-002
     2.64756649E-003     8.56432470E-002
     2.69841793E-003     8.59482794E-002
     2.74926938E-003     8.62505270E-002
     2.80012082E-003     8.65499453E-002
     2.85097226E-003     8.68464954E-002
     2.90182370E-003     8.71401347E-002
     2.95267515E-003     8.74308207E-002
     3.00352659E-003     8.77185142E-002
     3.05437803E-003     8.80031717E-002
     3.10522947E-003     8.82847541E-002
     3.15608092E-003     8.85632200E-002
     3.20693236E-003     8.88385272E-002
     3.25778380E-003     8.91106373E-002
     3.30863524E-003     8.93795077E-002
     3.35948668E-003     8.96450996E-002
     3.41033813E-003     8.99073728E-002
     3.46118957E-003     9.01662856E-002
     3.51204101E-003     9.04218006E-002
     3.56289245E-003     9.06738763E-002
     3.61374390E-003     9.09224742E-002
     3.66459534E-003     9.11675554E-002
     3.71544678E-003     9.14090793E-002
     3.76629822E-003     9.16470092E-002
     3.81714967E-003     9.18813050E-002
     3.86800111E-003     9.21119287E-002
     3.91885255E-003     9.23388430E-002
     3.96970399E-003     9.25620082E-002
     4.02055544E-003     9.27813888E-002
     4.07140688E-003     9.29969460E-002
     4.12225832E-003     9.32086428E-002
     4.17310976E-003     9.34164433E-002
     4.22396121E-003     9.36203091E-002
     4.27481265E-003     9.38202059E-002
     4.32566409E-003     9.40160964E-002
     4.37651553E-003     9.42079448E-002
     4.42736698E-003     9.43957167E-002
     4.47821842E-003     9.45793754E-002
     4.52906986E-003     9.47588875E-002
     4.57992130E-003     9.49342178E-002
     4.63077275E-003     9.51053317E-002
     4.68162419E-003     9.52721964E-002
     4.73247563E-003     9.54347769E-002
     4.78332707E-003     9.55930414E-002
     4.83417852E-003     9.57469563E-002
     4.88502996E-003     9.58964886E-002
     4.93588140E-003     9.60416075E-002
     4.98673284E-003     9.61822797E-002
     5.03758429E-003     9.63184748E-002
     5.08843573E-003     9.64501615E-002
     5.13928717E-003     9.65773084E-002
     5.19013861E-003     9.66998865E-002
     5.24099006E-003     9.68178648E-002
     5.29184150E-003     9.69312142E-002
     5.34269294E-003     9.70399058E-002
     5.39354438E-003     9.71439102E-002
     5.44439583E-003     9.72432002E-002
     5.49524727E-003     9.73377470E-002
     5.54609871E-003     9.74275234E-002
     5.59695015E-003     9.75125028E-002
     5.64780160E-003     9.75926578E-002
     5.69865304E-003     9.76679634E-002
     5.74950448E-003     9.77383930E-002
     5.80035592E-003     9.78039216E-002
     5.85120737E-003     9.78645247E-002
     5.90205881E-003     9.79201776E-002
     5.95291025E-003     9.79708570E-002
     6.00376169E-003     9.80165390E-002
     6.05461314E-003     9.80572008E-002
     6.10546458E-003     9.80928204E-002
     6.15631602E-003     9.81233754E-002
     6.20716746E-003     9.81488449E-002
     6.25801891E-003     9.81692074E-002
     6.30887035E-003     9.81844426E-002
     6.35972179E-003     9.81945310E-002
     6.41057323E-003     9.81994530E-002
     6.46142468E-003     9.81991897E-002
     6.51227612E-003     9.81937225E-002
     6.56312756E-003     9.81830337E-002
     6.61397900E-003     9.81671063E-002
     6.66483045E-003     9.81459234E-002
     6.71568189E-003     9.81194687E-002
     6.76653333E-003     9.80877262E-002
     6.81738477E-003     9.80506811E-002
     6.86823622E-003     9.80083191E-002
     6.91908766E-003     9.79606258E-002
     6.96993910E-003     9.79075877E-002
     7.02079054E-003     9.78491918E-002
     7.07164199E-003     9.77854261E-002
     7.12249343E-003     9.77162788E-002
     7.17334487E-003     9.76417387E-002
     7.22419631E-003     9.75617948E-002
     7.27504776E-003     9.74764373E-002
     7.32589920E-003     9.73856569E-002
     7.37675064E-003     9.72894448E-002
     7.42760208E-003     9.71877926E-002
     7.47845353E-003     9.70806923E-002
     7.52930497E-003     9.69681372E-002
     7.58015641E-003     9.68501210E-002
     7.63100785E-003     9.67266376E-002
     7.68185930E-003     9.65976816E-002
     7.73271074E-003     9.64632483E-002
     7.78356218E-003     9.63233339E-002
     7.83441362E-003     9.61779354E-002
     7.88526506E-003     9.60270493E-002
     7.93611651E-003     9.58706734E-002
     7.98696795E-003     9.57088063E-002
     8.03781939E-003     9.55414472E-002
     8.08867083E-003     9.53685963E-002
     8.13952228E-003     9.51902530E-002
     8.19037372E-003     9.50064183E-002
     8.24122516E-003     9.48170941E-002
     8.29207660E-003     9.46222827E-002
     8.34292805E-003     9.44219874E-002
     8.39377949E-003     9.42162107E-002
     8.44463093E-003     9.40049568E-002
     8.49548237E-003     9.37882312E-002
     8.54633382E-003     9.35660389E-002
     8.59718526E-003     9.33383866E-002
     8.64803670E-003     9.31052799E-002
     8.69888814E-003     9.28667264E-002
     8.74973959E-003     9.26227349E-002
     8.80059103E-003     9.23733133E-002
     8.85144247E-003     9.21184717E-002
     8.90229391E-003     9.18582190E-002
     8.95314536E-003     9.15925659E-002
     9.00399680E-003     9.13215248E-002
     9.05484824E-003     9.10451065E-002
     9.10569968E-003     9.07633244E-002
     9.15655113E-003     9.04761906E-002
     9.20740257E-003     9.01837194E-002
     9.25825401E-003     8.98859263E-002
     9.30910545E-003     8.95828252E-002
     9.35995690E-003     8.92744327E-002
     9.41080834E-003     8.89607645E-002
     9.46165978E-003     8.86418379E-002
     9.51251122E-003     8.83176721E-002
     9.56336267E-003     8.79882837E-002
     9.61421411E-003     8.76536925E-002
     9.66506555E-003     8.73139180E-002
     9.71591699E-003     8.69689806E-002
     9.76676844E-003     8.66189026E-002
     9.81761988E-003     8.62637038E-002
     9.86847132E-003     8.59034072E-002
     9.91932276E-003     8.55380358E-002
     9.97017421E-003     8.51676131E-002
     1.00210256E-002     8.47921646E-002
     1.00718771E-002     8.44117133E-002
     1.01227285E-002     8.40262853E-002
     1.01735800E-002     8.36359072E-002
     1.02244314E-002     8.32406055E-002
     1.02752829E-002     8.28404087E-002
     1.03261343E-002     8.24353431E-002
     1.03769857E-002     8.20254378E-002
     1.04278372E-002     8.16107231E-002
     1.04786886E-002     8.11912281E-002
     1.05295401E-002     8.07669846E-002
     1.05803915E-002     8.03380220E-002
     1.06312430E-002     7.99043726E-002
     1.06820944E-002     7.94660700E-002
     1.07329458E-002     7.90231461E-002
     1.07837973E-002     7.85756355E-002
     1.08346487E-002     7.81235712E-002
     1.08855002E-002     7.76669883E-002
     1.09363516E-002     7.72059238E-002
     1.09872031E-002     7.67404121E-002
     1.10380545E-002     7.62704908E-002
     1.10889059E-002     7.57961962E-002
     1.11397574E-002     7.53175664E-002
     1.11906088E-002     7.48346412E-002
     1.12414603E-002     7.43474579E-002
     1.12923117E-002     7.38560568E-002
     1.13431632E-002     7.33604776E-002
     1.13940146E-002     7.28607610E-002
     1.14448660E-002     7.23569499E-002
     1.14957175E-002     7.18490841E-002
     1.15465689E-002     7.13372066E-002
     1.15974204E-002     7.08213604E-002
     1.16482718E-002     7.03015889E-002
     1.16991233E-002     6.97779374E-002
     1.17499747E-002     6.92504486E-002
     1.18008261E-002     6.87191680E-002
     1.18516776E-002     6.81841419E-002
     1.19025290E-002     6.76454158E-002
     1.19533805E-002     6.71030378E-002
     1.20042319E-002     6.65570532E-002
     1.20550833E-002     6.60075101E-002
     1.21059348E-002     6.54544574E-002
     1.21567862E-002     6.48979432E-002
     1.22076377E-002     6.43380180E-002
     1.22584891E-002     6.37747294E-002
     1.23093406E-002     6.32081282E-002
     1.23601920E-002     6.26382661E-002
     1.24110434E-002     6.20651930E-002
     1.24618949E-002     6.14889616E-002
     1.25127463E-002     6.09096224E-002
     1.25635978E-002     6.03272284E-002
     1.26144492E-002     5.97418335E-002
     1.26653007E-002     5.91534899E-002
     1.27161521E-002     5.85622523E-002
     1.27670035E-002     5.79681737E-002
     1.28178550E-002     5.73713090E-002
     1.28687064E-002     5.67717147E-002
     1.29195579E-002     5.61694445E-002
     1.29704093E-002     5.55645553E-002
     1.30212608E-002     5.49571023E-002
     1.30721122E-002     5.43471425E-002
     1.31229636E-002     5.37347343E-002
     1.31738151E-002     5.31199332E-002
     1.32246665E-002     5.25027978E-002
     1.32755180E-002     5.18833856E-002
     1.33263694E-002     5.12617553E-002
     1.33772209E-002     5.06379671E-002
     1.34280723E-002     5.00120780E-002
     1.34789237E-002     4.93841483E-002
     1.35297752E-002     4.87542379E-002
     1.35806266E-002     4.81224065E-002
     1.36314781E-002     4.74887159E-002
     1.36823295E-002     4.68532249E-002
     1.37331809E-002     4.62159951E-002
     1.37840324E-002     4.55770883E-002
     1.38348838E-002     4.49365654E-002
     1.38857353E-002     4.42944896E-002
     1.39365867E-002     4.36509211E-002
     1.39874382E-002     4.30059228E-002
     1.40382896E-002     4.23595581E-002
     1.40891410E-002     4.17118890E-002
     1.41399925E-002     4.10629796E-002
     1.41908439E-002     4.04128916E-002
     1.42416954E-002     3.97616891E-002
     1.42925468E-002     3.91094366E-002
     1.43433983E-002     3.84561970E-002
     1.43942497E-002     3.78020354E-002
     1.44451011E-002     3.71470146E-002
     1.44959526E-002     3.64911996E-002
     1.45468040E-002     3.58346561E-002
     1.45976555E-002     3.51774475E-002
     1.46485069E-002     3.45196395E-002
     1.46993584E-002     3.38612962E-002
     1.47502098E-002     3.32024832E-002
     1.48010612E-002     3.25432668E-002
     1.48519127E-002     3.18837110E-002
     1.49027641E-002     3.12238820E-002
     1.49536156E-002     3.05638447E-002
     1.50044670E-002     2.99036652E-002
     1.50553185E-002     2.92434103E-002
     1.51061699E-002     2.85831442E-002
     1.51570213E-002     2.79229334E-002
     1.52078728E-002     2.72628438E-002
     1.52587242E-002     2.66029412E-002
     1.53095757E-002     2.59432929E-002
     1.53604271E-002     2.52839631E-002
     1.54112786E-002     2.46250186E-002
     1.54621300E-002     2.39665256E-002
     1.55129814E-002     2.33085499E-002
     1.55638329E-002     2.26511585E-002
     1.56146843E-002     2.19944160E-002
     1.56655358E-002     2.13383889E-002
     1.57163872E-002     2.06831436E-002
     1.57672386E-002     2.00287455E-002
     1.58180901E-002     1.93752613E-002
     1.58689415E-002     1.87227556E-002
     1.59197930E-002     1.80712946E-002
     1.59706444E-002     1.74209446E-002
     1.60214959E-002     1.67717702E-002
     1.60723473E-002     1.61238378E-002
     1.61231987E-002     1.54772117E-002
     1.61740502E-002     1.48319575E-002
     1.62249016E-002     1.41881411E-002
     1.62757531E-002     1.35458265E-002
     1.63266045E-002     1.29050791E-002
     1.63774560E-002     1.22659628E-002
     1.64283074E-002     1.16285427E-002
     1.64791588E-002     1.09928837E-002
     1.65300103E-002     1.03590489E-002
     1.65808617E-002     9.72710286E-003
     1.66317132E-002     9.09710889E-003
     1.66825646E-002     8.46913085E-003
     1.67334161E-002     7.84323281E-003
     1.67842675E-002     7.21947670E-003
     1.68351189E-002     6.59792606E-003
     1.68859704E-002     5.97864325E-003
     1.69368218E-002     5.36169080E-003
     1.69876733E-002     4.74713158E-003
     1.70385247E-002     4.13502628E-003
     1.70893762E-002     3.52543714E-003
     1.71402276E-002     2.91842539E-003
     1.71910790E-002     2.31405198E-003
     1.72419305E-002     1.71237832E-003
     1.72927819E-002     1.11346374E-003
     1.73436334E-002     5.17368956E-004
     1.73944848E-002    -7.58461605E-005
     1.74453362E-002    -6.66122511E-004
     1.74961877E-002    -1.25340031E-003
     1.75470391E-002    -1.83762175E-003
     1.75978906E-002    -2.41872788E-003
     1.76487420E-002    -2.99666043E-003
     1.76995935E-002    -3.57136232E-003
     1.77504449E-002    -4.14277563E-003
     1.78012963E-002    -4.71084424E-003
     1.78521478E-002    -5.27551114E-003
     1.79029992E-002    -5.83671998E-003
     1.79538507E-002    -6.39441578E-003
     1.80047021E-002    -6.94854273E-003
     1.80555536E-002    -7.49904658E-003
     1.81064050E-002    -8.04587250E-003
     1.81572564E-002    -8.58896622E-003
     1.82081079E-002    -9.12827508E-003
     1.82589593E-002    -9.66374552E-003
     1.83098108E-002    -1.01953254E-002
     1.83606622E-002    -1.07229622E-002
     1.84115137E-002    -1.12466040E-002
     1.84623651E-002    -1.17662006E-002
     1.85132165E-002    -1.22817009E-002
     1.85640680E-002    -1.27930549E-002
     1.86149194E-002    -1.33002128E-002
     1.86657709E-002    -1.38031252E-002
     1.87166223E-002    -1.43017445E-002
     1.87674738E-002    -1.47960219E-002
     1.88183252E-002    -1.52859101E-002
     1.88691766E-002    -1.57713623E-002
     1.89200281E-002    -1.62523315E-002
     1.89708795E-002    -1.67287728E-002
     1.90217310E-002    -1.72006402E-002
     1.90725824E-002    -1.76678891E-002
     1.91234339E-002    -1.81304756E-002
     1.91742853E-002    -1.85883558E-002
     1.92251367E-002    -1.90414872E-002
     1.92759882E-002    -1.94898270E-002
     1.93268396E-002    -1.99333334E-002
     1.93776911E-002    -2.03719656E-002
     1.94285425E-002    -2.08056827E-002
     1.94793939E-002    -2.12344451E-002
     1.95302454E-002    -2.16582131E-002
     1.95810968E-002    -2.20769480E-002
     1.96319483E-002    -2.24906121E-002
     1.96827997E-002    -2.28991677E-002
     1.97336512E-002    -2.33025784E-002
     1.97845026E-002    -2.37008075E-002
     1.98353540E-002    -2.40938196E-002
     1.98862055E-002    -2.44815804E-002
     1.99370569E-002    -2.48640554E-002
     1.99879084E-002    -2.52412112E-002
     2.00387598E-002    -2.56130148E-002
     2.00896113E-002    -2.59794340E-002
     2.01404627E-002    -2.63404378E-002
     2.01913141E-002    -2.66959953E-002
     2.02421656E-002    -2.70460762E-002
     2.02930170E-002    -2.73906512E-002
     2.03438685E-002    -2.77296913E-002
     2.03947199E-002    -2.80631693E-002
     2.04455714E-002    -2.83910574E-002
     2.04964228E-002    -2.87133291E-002
     2.05472742E-002    -2.90299585E-002
     2.05981257E-002    -2.93409204E-002
     2.06489771E-002    -2.96461908E-002
     2.06998286E-002    -2.99457457E-002
     2.07506800E-002    -3.02395621E-002
     2.08015315E-002    -3.05276178E-002
     2.08523829E-002    -3.08098913E-002
     2.09032343E-002    -3.10863622E-002
     2.09540858E-002    -3.13570100E-002
     2.10049372E-002    -3.16218154E-002
     2.10557887E-002    -3.18807603E-002
     2.11066401E-002    -3.21338266E-002
     2.11574916E-002    -3.23809975E-002
     2.12083430E-002    -3.26222564E-002
     2.12591944E-002    -3.28575876E-002
     2.13100459E-002    -3.30869770E-002
     2.13608973E-002    -3.33104102E-002
     2.14117488E-002    -3.35278741E-002
     2.14626002E-002    -3.37393559E-002
     2.15134516E-002    -3.39448437E-002
     2.15643031E-002    -3.41443272E-002
     2.16151545E-002    -3.43377960E-002
     2.16660060E-002    -3.45252405E-002
     2.17168574E-002    -3.47066518E-002
     2.17677089E-002    -3.48820221E-002
     2.18185603E-002    -3.50513447E-002
     2.18694117E-002    -3.52146131E-002
     2.19202632E-002    -3.53718216E-002
     2.19711146E-002    -3.55229651E-002
     2.20219661E-002    -3.56680397E-002
     2.20728175E-002    -3.58070426E-002
     2.21236690E-002    -3.59399710E-002
     2.21745204E-002    -3.60668231E-002
     2.22253718E-002    -3.61875979E-002
     2.22762233E-002    -3.63022953E-002
     2.23270747E-002    -3.64109163E-002
     2.23779262E-002    -3.65134618E-002
     2.24287776E-002    -3.66099341E-002
     2.24796291E-002    -3.67003360E-002
     2.25304805E-002    -3.67846714E-002
     2.25813319E-002    -3.68629450E-002
     2.26321834E-002    -3.69351616E-002
     2.26830348E-002    -3.70013272E-002
     2.27338863E-002    -3.70614488E-002
     2.27847377E-002    -3.71155340E-002
     2.28355892E-002    -3.71635913E-002
     2.28864406E-002    -3.72056293E-002
     2.29372920E-002    -3.72416579E-002
     2.29881435E-002    -3.72716881E-002
     2.30389949E-002    -3.72957312E-002
     2.30898464E-002    -3.73137993E-002
     2.31406978E-002    -3.73259050E-002
     2.31915492E-002    -3.73320620E-002
     2.32424007E-002    -3.73322851E-002
     2.32932521E-002    -3.73265893E-002
     2.33441036E-002    -3.73149906E-002
     2.33949550E-002    -3.72975052E-002
     2.34458065E-002    -3.72741506E-002
     2.34966579E-002    -3.72449455E-002
     2.35475093E-002    -3.72099086E-002
     2.35983608E-002    -3.71690592E-002
     2.36492122E-002    -3.71224176E-002
     2.37000637E-002    -3.70700050E-002
     2.37509151E-002    -3.70118436E-002
     2.38017666E-002    -3.69479558E-002
     2.38526180E-002    -3.68783645E-002
     2.39034694E-002    -3.68030938E-002
     2.39543209E-002    -3.67221684E-002
     2.40051723E-002    -3.66356140E-002
     2.40560238E-002    -3.65434566E-002
     2.41068752E-002    -3.64457227E-002
     2.41577267E-002    -3.63424400E-002
     2.42085781E-002    -3.62336368E-002
     2.42594295E-002    -3.61193422E-002
     2.43102810E-002    -3.59995854E-002
     2.43611324E-002    -3.58743967E-002
     2.44119839E-002    -3.57438072E-002
     2.44628353E-002    -3.56078486E-002
     2.45136868E-002    -3.54665534E-002
     2.45645382E-002    -3.53199541E-002
     2.46153896E-002    -3.51680843E-002
     2.46662411E-002    -3.50109787E-002
     2.47170925E-002    -3.48486721E-002
     2.47679440E-002    -3.46812003E-002
     2.48187954E-002    -3.45085990E-002
     2.48696469E-002    -3.43309053E-002
     2.49204983E-002    -3.41481568E-002
     2.49713497E-002    -3.39603918E-002
     2.50222012E-002    -3.37676489E-002
     2.50730526E-002    -3.35699672E-002
     2.51239041E-002    -3.33673867E-002
     2.51747555E-002    -3.31599484E-002
     2.52256069E-002    -3.29476934E-002
     2.52764584E-002    -3.27306633E-002
     2.53273098E-002    -3.25089002E-002
     2.53781613E-002    -3.22824473E-002
     2.54290127E-002    -3.20513483E-002
     2.54798642E-002    -3.18156473E-002
     2.55307156E-002    -3.15753887E-002
     2.55815670E-002    -3.13306176E-002
     2.56324185E-002    -3.10813799E-002
     2.56832699E-002    -3.08277222E-002
     2.57341214E-002    -3.05696912E-002
     2.57849728E-002    -3.03073340E-002
     2.58358243E-002    -3.00406986E-002
     2.58866757E-002    -2.97698335E-002
     2.59375271E-002    -2.94947879E-002
     2.59883786E-002    -2.92156109E-002
     2.60392300E-002    -2.89323524E-002
     2.60900815E-002    -2.86450629E-002
     2.61409329E-002    -2.83537934E-002
     2.61917844E-002    -2.80585955E-002
     2.62426358E-002    -2.77595206E-002
     2.62934872E-002    -2.74566212E-002
     2.63443387E-002    -2.71499500E-002
     2.63951901E-002    -2.68395606E-002
     2.64460416E-002    -2.65255065E-002
     2.64968930E-002    -2.62078416E-002
     2.65477445E-002    -2.58866204E-002
     2.65985959E-002    -2.55618981E-002
     2.66494473E-002    -2.52337301E-002
     2.67002988E-002    -2.49021722E-002
     2.67511502E-002    -2.45672802E-002
     2.68020017E-002    -2.42291108E-002
     2.68528531E-002    -2.38877211E-002
     2.69037045E-002    -2.35431685E-002
     2.69545560E-002    -2.31955105E-002
     2.70054074E-002    -2.28448050E-002
     2.70562589E-002    -2.24911104E-002
     2.71071103E-002    -2.21344857E-002
     2.71579618E-002    -2.17749900E-002
     2.72088132E-002    -2.14126825E-002
     2.72596646E-002    -2.10476227E-002
     2.73105161E-002    -2.06798708E-002
     2.73613675E-002    -2.03094873E-002
     2.74122190E-002    -1.99365328E-002
     2.74630704E-002    -1.95610680E-002
     2.75139219E-002    -1.91831540E-002
     2.75647733E-002    -1.88028524E-002
     2.76156247E-002    -1.84202250E-002
     2.76664762E-002    -1.80353337E-002
     2.77173276E-002    -1.76482406E-002
     2.77681791E-002    -1.72590081E-002
     2.78190305E-002    -1.68676990E-002
     2.78698820E-002    -1.64743763E-002
     2.79207334E-002    -1.60791028E-002
     2.79715848E-002    -1.56819418E-002
     2.80224363E-002    -1.52829570E-002
     2.80732877E-002    -1.48822120E-002
     2.81241392E-002    -1.44797708E-002
     2.81749906E-002    -1.40756970E-002
     2.82258421E-002    -1.36700550E-002
     2.82766935E-002    -1.32629091E-002
     2.83275449E-002    -1.28543240E-002
     2.83783964E-002    -1.24443641E-002
     2.84292478E-002    -1.20330939E-002
     2.84800993E-002    -1.16205784E-002
     2.85309507E-002    -1.12068826E-002
     2.85818022E-002    -1.07920717E-002
     2.86326536E-002    -1.03762106E-002
     2.86835050E-002    -9.95936440E-003
     2.87343565E-002    -9.54159846E-003
     2.87852079E-002    -9.12297829E-003
     2.88360594E-002    -8.70356927E-003
     2.88869108E-002    -8.28343669E-003
     2.89377622E-002    -7.86264595E-003
     2.89886137E-002    -7.44126266E-003
     2.90394651E-002    -7.01935246E-003
     2.90903166E-002    -6.59698082E-003
     2.91411680E-002    -6.17421316E-003
     2.91920195E-002    -5.75111496E-003
     2.92428709E-002    -5.32775187E-003
     2.92937223E-002    -4.90418944E-003
     2.93445738E-002    -4.48049301E-003
     2.93954252E-002    -4.05672787E-003
     2.94462767E-002    -3.63295943E-003
     2.94971281E-002    -3.20925313E-003
     2.95479796E-002    -2.78567419E-003
     2.95988310E-002    -2.36228759E-003
     2.96496824E-002    -1.93915833E-003
     2.97005339E-002    -1.51635150E-003
     2.97513853E-002    -1.09393209E-003
     2.98022368E-002    -6.71964779E-004
     2.98530882E-002    -2.50513992E-004
     2.99039397E-002     1.70355778E-004
     2.99547911E-002     5.90579992E-004
     3.00056425E-002     1.01009435E-003
