    -4.20000000E-002     0.00000000E+000
    -4.18728599E-002    -1.78760762E-010
    -4.17457197E-002    -1.76097759E-010
    -4.16185796E-002    -1.70306664E-010
    -4.14914395E-002    -1.62082079E-010
    -4.13642993E-002    -1.54432785E-010
    -4.12371592E-002    -1.48850702E-010
    -4.11100190E-002    -1.44153976E-010
    -4.09828789E-002    -1.37525908E-010
    -4.08557388E-002    -1.26909468E-010
    -4.07285986E-002    -1.12370465E-010
    -4.06014585E-002    -9.53348288E-011
    -4.04743184E-002    -7.65782974E-011
    -4.03471782E-002    -5.49285102E-011
    -4.02200381E-002    -2.78711284E-011
    -4.00928980E-002     6.63550178E-012
    -3.99657578E-002     4.89099372E-011
    -3.98386177E-002     9.79943535E-011
    -3.97114776E-002     1.53202261E-010
    -3.95843374E-002     2.15154971E-010
    -3.94571973E-002     2.85274394E-010
    -3.93300571E-002     3.64303291E-010
    -3.92029170E-002     4.51368769E-010
    -3.90757769E-002     5.44548510E-010
    -3.89486367E-002     6.42401287E-010
    -3.88214966E-002     7.45047607E-010
    -3.86943565E-002     8.53927833E-010
    -3.85672163E-002     9.70752529E-010
    -3.84400762E-002     1.09693825E-009
    -3.83129361E-002     1.23424318E-009
    -3.81857959E-002     1.38599456E-009
    -3.80586558E-002     1.55758027E-009
    -3.79315156E-002     1.75549795E-009
    -3.78043755E-002     1.98553588E-009
    -3.76772354E-002     2.25140028E-009
    -3.75500952E-002     2.55453488E-009
    -3.74229551E-002     2.89479420E-009
    -3.72958150E-002     3.27100675E-009
    -3.71686748E-002     3.68112014E-009
    -3.70415347E-002     4.12252023E-009
    -3.69143946E-002     4.59353219E-009
    -3.67872544E-002     5.09604756E-009
    -3.66601143E-002     5.63808310E-009
    -3.65329742E-002     6.23432929E-009
    -3.64058340E-002     6.90385743E-009
    -3.62786939E-002     7.66540948E-009
    -3.61515537E-002     8.53223267E-009
    -3.60244136E-002     9.50816864E-009
    -3.58972735E-002     1.05867050E-008
    -3.57701333E-002     1.17536173E-008
    -3.56429932E-002     1.29938797E-008
    -3.55158531E-002     1.43017126E-008
    -3.53887129E-002     1.56911915E-008
    -3.52615728E-002     1.72019792E-008
    -3.51344327E-002     1.88951461E-008
    -3.50072925E-002     2.08366469E-008
    -3.48801524E-002     2.30729732E-008
    -3.47530122E-002     2.56094258E-008
    -3.46258721E-002     2.84043734E-008
    -3.44987320E-002     3.13878063E-008
    -3.43715918E-002     3.45015777E-008
    -3.42444517E-002     3.77449942E-008
    -3.41173116E-002     4.12013591E-008
    -3.39901714E-002     4.50245860E-008
    -3.38630313E-002     4.93828909E-008
    -3.37358912E-002     5.43823505E-008
    -3.36087510E-002     6.00128211E-008
    -3.34816109E-002     6.61568173E-008
    -3.33544708E-002     7.26709457E-008
    -3.32273306E-002     7.95025273E-008
    -3.31001905E-002     8.67686086E-008
    -3.29730503E-002     9.47341832E-008
    -3.28459102E-002     1.03684912E-007
    -3.27187701E-002     1.13769803E-007
    -3.25916299E-002     1.24927258E-007
    -3.24644898E-002     1.36966632E-007
    -3.23373497E-002     1.49763049E-007
    -3.22102095E-002     1.63424626E-007
    -3.20830694E-002     1.78288429E-007
    -3.19559293E-002     1.94731266E-007
    -3.18287891E-002     2.12939630E-007
    -3.17016490E-002     2.32844069E-007
    -3.15745088E-002     2.54290896E-007
    -3.14473687E-002     2.77312357E-007
    -3.13202286E-002     3.02238171E-007
    -3.11930884E-002     3.29529958E-007
    -3.10659483E-002     3.59483972E-007
    -3.09388082E-002     3.92107935E-007
    -3.08116680E-002     4.27311345E-007
    -3.06845279E-002     4.65227504E-007
    -3.05573878E-002     5.06315573E-007
    -3.04302476E-002     5.51121511E-007
    -3.03031075E-002     5.99954843E-007
    -3.01759674E-002     6.52860669E-007
    -3.00488272E-002     7.09929986E-007
    -2.99216871E-002     7.71586574E-007
    -2.97945469E-002     8.38496047E-007
    -2.96674068E-002     9.11204220E-007
    -2.95402667E-002     9.89958364E-007
    -2.94131265E-002     1.07494484E-006
    -2.92859864E-002     1.16664124E-006
    -2.91588463E-002     1.26582964E-006
    -2.90317061E-002     1.37326813E-006
    -2.89045660E-002     1.48946774E-006
    -2.87774259E-002     1.61486460E-006
    -2.86502857E-002     1.75012359E-006
    -2.85231456E-002     1.89615883E-006
    -2.83960054E-002     2.05387997E-006
    -2.82688653E-002     2.22406276E-006
    -2.81417252E-002     2.40750503E-006
    -2.80145850E-002     2.60521035E-006
    -2.78874449E-002     2.81832846E-006
    -2.77603048E-002     3.04800348E-006
    -2.76331646E-002     3.29537265E-006
    -2.75060245E-002     3.56169824E-006
    -2.73788844E-002     3.84838297E-006
    -2.72517442E-002     4.15688556E-006
    -2.71246041E-002     4.48870011E-006
    -2.69974640E-002     4.84547046E-006
    -2.68703238E-002     5.22901887E-006
    -2.67431837E-002     5.64126382E-006
    -2.66160435E-002     6.08414470E-006
    -2.64889034E-002     6.55972088E-006
    -2.63617633E-002     7.07026556E-006
    -2.62346231E-002     7.61825664E-006
    -2.61074830E-002     8.20626098E-006
    -2.59803429E-002     8.83693373E-006
    -2.58532027E-002     9.51310988E-006
    -2.57260626E-002     1.02378904E-005
    -2.55989225E-002     1.10145777E-005
    -2.54717823E-002     1.18465927E-005
    -2.53446422E-002     1.27375103E-005
    -2.52175020E-002     1.36911956E-005
    -2.50903619E-002     1.47118239E-005
    -2.49632218E-002     1.58037657E-005
    -2.48360816E-002     1.69715598E-005
    -2.47089415E-002     1.82200414E-005
    -2.45818014E-002     1.95544177E-005
    -2.44546612E-002     2.09801705E-005
    -2.43275211E-002     2.25030187E-005
    -2.42003810E-002     2.41290182E-005
    -2.40732408E-002     2.58646380E-005
    -2.39461007E-002     2.77166823E-005
    -2.38189606E-002     2.96922995E-005
    -2.36918204E-002     3.17990553E-005
    -2.35646803E-002     3.40449650E-005
    -2.34375401E-002     3.64384177E-005
    -2.33104000E-002     3.89882675E-005
    -2.31832599E-002     4.17038911E-005
    -2.30561197E-002     4.45951718E-005
    -2.29289796E-002     4.76724165E-005
    -2.28018395E-002     5.09465238E-005
    -2.26746993E-002     5.44290099E-005
    -2.25475592E-002     5.81319722E-005
    -2.24204191E-002     6.20680181E-005
    -2.22932789E-002     6.62504848E-005
    -2.21661388E-002     7.06934075E-005
    -2.20389986E-002     7.54115042E-005
    -2.19118585E-002     8.04201291E-005
    -2.17847184E-002     8.57354928E-005
    -2.16575782E-002     9.13745739E-005
    -2.15304381E-002     9.73551651E-005
    -2.14032980E-002     1.03695878E-004
    -2.12761578E-002     1.10416268E-004
    -2.11490177E-002     1.17536742E-004
    -2.10218776E-002     1.25078665E-004
    -2.08947374E-002     1.33064436E-004
    -2.07675973E-002     1.41517475E-004
    -2.06404572E-002     1.50462173E-004
    -2.05133170E-002     1.59924046E-004
    -2.03861769E-002     1.69929852E-004
    -2.02590367E-002     1.80507468E-004
    -2.01318966E-002     1.91685895E-004
    -2.00047565E-002     2.03495415E-004
    -1.98776163E-002     2.15967716E-004
    -1.97504762E-002     2.29135736E-004
    -1.96233361E-002     2.43033724E-004
    -1.94961959E-002     2.57697366E-004
    -1.93690558E-002     2.73163933E-004
    -1.92419157E-002     2.89472112E-004
    -1.91147755E-002     3.06662121E-004
    -1.89876354E-002     3.24775751E-004
    -1.88604952E-002     3.43856550E-004
    -1.87333551E-002     3.63949646E-004
    -1.86062150E-002     3.85101887E-004
    -1.84790748E-002     4.07361825E-004
    -1.83519347E-002     4.30779957E-004
    -1.82247946E-002     4.55408526E-004
    -1.80976544E-002     4.81301727E-004
    -1.79705143E-002     5.08515627E-004
    -1.78433742E-002     5.37108446E-004
    -1.77162340E-002     5.67140272E-004
    -1.75890939E-002     5.98673370E-004
    -1.74619538E-002     6.31771992E-004
    -1.73348136E-002     6.66502668E-004
    -1.72076735E-002     7.02933921E-004
    -1.70805333E-002     7.41136693E-004
    -1.69533932E-002     7.81184098E-004
    -1.68262531E-002     8.23151638E-004
    -1.66991129E-002     8.67117046E-004
    -1.65719728E-002     9.13160576E-004
    -1.64448327E-002     9.61364814E-004
    -1.63176925E-002     1.01181472E-003
    -1.61905524E-002     1.06459769E-003
    -1.60634123E-002     1.11980370E-003
    -1.59362721E-002     1.17752522E-003
    -1.58091320E-002     1.23785722E-003
    -1.56819918E-002     1.30089726E-003
    -1.55548517E-002     1.36674548E-003
    -1.54277116E-002     1.43550466E-003
    -1.53005714E-002     1.50728000E-003
    -1.51734313E-002     1.58217940E-003
    -1.50462912E-002     1.66031332E-003
    -1.49191510E-002     1.74179496E-003
    -1.47920109E-002     1.82673998E-003
    -1.46648708E-002     1.91526675E-003
    -1.45377306E-002     2.00749614E-003
    -1.44105905E-002     2.10355174E-003
    -1.42834504E-002     2.20355944E-003
    -1.41563102E-002     2.30764783E-003
    -1.40291701E-002     2.41594794E-003
    -1.39020299E-002     2.52859349E-003
    -1.37748898E-002     2.64572037E-003
    -1.36477497E-002     2.76746707E-003
    -1.35206095E-002     2.89397425E-003
    -1.33934694E-002     3.02538504E-003
    -1.32663293E-002     3.16184452E-003
    -1.31391891E-002     3.30350026E-003
    -1.30120490E-002     3.45050174E-003
    -1.28849089E-002     3.60300075E-003
    -1.27577687E-002     3.76115077E-003
    -1.26306286E-002     3.92510728E-003
    -1.25034884E-002     4.09502736E-003
    -1.23763483E-002     4.27106996E-003
    -1.22492082E-002     4.45339544E-003
    -1.21220680E-002     4.64216576E-003
    -1.19949279E-002     4.83754421E-003
    -1.18677878E-002     5.03969534E-003
    -1.17406476E-002     5.24878469E-003
    -1.16135075E-002     5.46497870E-003
    -1.14863674E-002     5.68844474E-003
    -1.13592272E-002     5.91935076E-003
    -1.12320871E-002     6.15786532E-003
    -1.11049470E-002     6.40415724E-003
    -1.09778068E-002     6.65839560E-003
    -1.08506667E-002     6.92074930E-003
    -1.07235265E-002     7.19138719E-003
    -1.05963864E-002     7.47047760E-003
    -1.04692463E-002     7.75818852E-003
    -1.03421061E-002     8.05468697E-003
    -1.02149660E-002     8.36013918E-003
    -1.00878259E-002     8.67470990E-003
    -9.96068573E-003     8.99856265E-003
    -9.83354559E-003     9.33185918E-003
    -9.70640546E-003     9.67475958E-003
    -9.57926532E-003     1.00274217E-002
    -9.45212519E-003     1.03900010E-002
    -9.32498505E-003     1.07626504E-002
    -9.19784491E-003     1.11455200E-002
    -9.07070478E-003     1.15387567E-002
    -8.94356464E-003     1.19425040E-002
    -8.81642451E-003     1.23569020E-002
    -8.68928437E-003     1.27820868E-002
    -8.56214423E-003     1.32181903E-002
    -8.43500410E-003     1.36653398E-002
    -8.30786396E-003     1.41236580E-002
    -8.18072383E-003     1.45932629E-002
    -8.05358369E-003     1.50742668E-002
    -7.92644355E-003     1.55667766E-002
    -7.79930342E-003     1.60708935E-002
    -7.67216328E-003     1.65867124E-002
    -7.54502315E-003     1.71143217E-002
    -7.41788301E-003     1.76538033E-002
    -7.29074287E-003     1.82052322E-002
    -7.16360274E-003     1.87686758E-002
    -7.03646260E-003     1.93441944E-002
    -6.90932247E-003     1.99318399E-002
    -6.78218233E-003     2.05316567E-002
    -6.65504219E-003     2.11436804E-002
    -6.52790206E-003     2.17679382E-002
    -6.40076192E-003     2.24044482E-002
    -6.27362179E-003     2.30532195E-002
    -6.14648165E-003     2.37142515E-002
    -6.01934151E-003     2.43875342E-002
    -5.89220138E-003     2.50730475E-002
    -5.76506124E-003     2.57707611E-002
    -5.63792111E-003     2.64806344E-002
    -5.51078097E-003     2.72026159E-002
    -5.38364083E-003     2.79366436E-002
    -5.25650070E-003     2.86826441E-002
    -5.12936056E-003     2.94405329E-002
    -5.00222043E-003     3.02102138E-002
    -4.87508029E-003     3.09915793E-002
    -4.74794015E-003     3.17845096E-002
    -4.62080002E-003     3.25888734E-002
    -4.49365988E-003     3.34045267E-002
    -4.36651975E-003     3.42313137E-002
    -4.23937961E-003     3.50690657E-002
    -4.11223947E-003     3.59176019E-002
    -3.98509934E-003     3.67767284E-002
    -3.85795920E-003     3.76462390E-002
    -3.73081907E-003     3.85259141E-002
    -3.60367893E-003     3.94155217E-002
    -3.47653879E-003     4.03148165E-002
    -3.34939866E-003     4.12235407E-002
    -3.22225852E-003     4.21414227E-002
    -3.09511839E-003     4.30681785E-002
    -2.96797825E-003     4.40035107E-002
    -2.84083811E-003     4.49471093E-002
    -2.71369798E-003     4.58986509E-002
    -2.58655784E-003     4.68577993E-002
    -2.45941771E-003     4.78242054E-002
    -2.33227757E-003     4.87975076E-002
    -2.20513743E-003     4.97773312E-002
    -2.07799730E-003     5.07632891E-002
    -1.95085716E-003     5.17549819E-002
    -1.82371703E-003     5.27519976E-002
    -1.69657689E-003     5.37539122E-002
    -1.56943675E-003     5.47602897E-002
    -1.44229662E-003     5.57706825E-002
    -1.31515648E-003     5.67846311E-002
    -1.18801635E-003     5.78016648E-002
    -1.06087621E-003     5.88213017E-002
    -9.33736075E-004     5.98430493E-002
    -8.06595939E-004     6.08664041E-002
    -6.79455803E-004     6.18908526E-002
    -5.52315667E-004     6.29158708E-002
    -4.25175531E-004     6.39409257E-002
    -2.98035395E-004     6.49654743E-002
    -1.70895259E-004     6.59889648E-002
    -4.37551226E-005     6.70108364E-002
     8.33850134E-005     6.80305206E-002
     2.10525149E-004     6.90474400E-002
     3.37665285E-004     7.00610105E-002
     4.64805421E-004     7.10706400E-002
     5.91945557E-004     7.20757304E-002
     7.19085693E-004     7.30756766E-002
     8.46225829E-004     7.40698679E-002
     9.73365965E-004     7.50576880E-002
     1.10050610E-003     7.60385157E-002
     1.22764624E-003     7.70117248E-002
     1.35478637E-003     7.79766857E-002
     1.48192651E-003     7.89327644E-002
     1.60906665E-003     7.98793243E-002
     1.73620678E-003     8.08157257E-002
     1.86334692E-003     8.17413272E-002
     1.99048705E-003     8.26554852E-002
     2.11762719E-003     8.35575553E-002
     2.24476733E-003     8.44468924E-002
     2.37190746E-003     8.53228511E-002
     2.49904760E-003     8.61847866E-002
     2.62618773E-003     8.70320547E-002
     2.75332787E-003     8.78640129E-002
     2.88046801E-003     8.86800203E-002
     3.00760814E-003     8.94794390E-002
     3.13474828E-003     9.02616336E-002
     3.26188841E-003     9.10259726E-002
     3.38902855E-003     9.17718282E-002
     3.51616869E-003     9.24985775E-002
     3.64330882E-003     9.32056024E-002
     3.77044896E-003     9.38922909E-002
     3.89758909E-003     9.45580365E-002
     4.02472923E-003     9.52022399E-002
     4.15186937E-003     9.58243088E-002
     4.27900950E-003     9.64236587E-002
     4.40614964E-003     9.69997129E-002
     4.53328977E-003     9.75519040E-002
     4.66042991E-003     9.80796735E-002
     4.78757005E-003     9.85824725E-002
     4.91471018E-003     9.90597623E-002
     5.04185032E-003     9.95110152E-002
     5.16899045E-003     9.99357141E-002
     5.29613059E-003     1.00333354E-001
     5.42327073E-003     1.00703442E-001
     5.55041086E-003     1.01045496E-001
     5.67755100E-003     1.01359051E-001
     5.80469113E-003     1.01643650E-001
     5.93183127E-003     1.01898854E-001
     6.05897140E-003     1.02124236E-001
     6.18611154E-003     1.02319385E-001
     6.31325168E-003     1.02483904E-001
     6.44039181E-003     1.02617412E-001
     6.56753195E-003     1.02719543E-001
     6.69467208E-003     1.02789949E-001
     6.82181222E-003     1.02828297E-001
     6.94895236E-003     1.02834271E-001
     7.07609249E-003     1.02807573E-001
     7.20323263E-003     1.02747921E-001
     7.33037276E-003     1.02655053E-001
     7.45751290E-003     1.02528723E-001
     7.58465304E-003     1.02368706E-001
     7.71179317E-003     1.02174794E-001
     7.83893331E-003     1.01946797E-001
     7.96607344E-003     1.01684546E-001
     8.09321358E-003     1.01387893E-001
     8.22035372E-003     1.01056706E-001
     8.34749385E-003     1.00690875E-001
     8.47463399E-003     1.00290312E-001
     8.60177412E-003     9.98549451E-002
     8.72891426E-003     9.93847270E-002
     8.85605440E-003     9.88796293E-002
     8.98319453E-003     9.83396446E-002
     9.11033467E-003     9.77647869E-002
     9.23747480E-003     9.71550914E-002
     9.36461494E-003     9.65106145E-002
     9.49175508E-003     9.58314340E-002
     9.61889521E-003     9.51176494E-002
     9.74603535E-003     9.43693818E-002
     9.87317548E-003     9.35867741E-002
     1.00003156E-002     9.27699905E-002
     1.01274558E-002     9.19192175E-002
     1.02545959E-002     9.10346632E-002
     1.03817360E-002     9.01165576E-002
     1.05088762E-002     8.91651523E-002
     1.06360163E-002     8.81807211E-002
     1.07631564E-002     8.71635592E-002
     1.08902966E-002     8.61139839E-002
     1.10174367E-002     8.50323340E-002
     1.11445768E-002     8.39189699E-002
     1.12717170E-002     8.27742736E-002
     1.13988571E-002     8.15986486E-002
     1.15259973E-002     8.03925196E-002
     1.16531374E-002     7.91563323E-002
     1.17802775E-002     7.78905539E-002
     1.19074177E-002     7.65956718E-002
     1.20345578E-002     7.52721948E-002
     1.21616979E-002     7.39206517E-002
     1.22888381E-002     7.25415919E-002
     1.24159782E-002     7.11355844E-002
     1.25431183E-002     6.97032185E-002
     1.26702585E-002     6.82451028E-002
     1.27973986E-002     6.67618651E-002
     1.29245387E-002     6.52541524E-002
     1.30516789E-002     6.37226302E-002
     1.31788190E-002     6.21679823E-002
     1.33059592E-002     6.05909107E-002
     1.34330993E-002     5.89921349E-002
     1.35602394E-002     5.73723918E-002
     1.36873796E-002     5.57324350E-002
     1.38145197E-002     5.40730349E-002
     1.39416598E-002     5.23949775E-002
     1.40688000E-002     5.06990648E-002
     1.41959401E-002     4.89861139E-002
     1.43230802E-002     4.72569565E-002
     1.44502204E-002     4.55124385E-002
     1.45773605E-002     4.37534196E-002
     1.47045007E-002     4.19807727E-002
     1.48316408E-002     4.01953834E-002
     1.49587809E-002     3.83981492E-002
     1.50859211E-002     3.65899796E-002
     1.52130612E-002     3.47717946E-002
     1.53402013E-002     3.29445250E-002
     1.54673415E-002     3.11091111E-002
     1.55944816E-002     2.92665027E-002
     1.57216217E-002     2.74176578E-002
     1.58487619E-002     2.55635426E-002
     1.59759020E-002     2.37051305E-002
     1.61030421E-002     2.18434014E-002
     1.62301823E-002     1.99793414E-002
     1.63573224E-002     1.81139416E-002
     1.64844626E-002     1.62481979E-002
     1.66116027E-002     1.43831099E-002
     1.67387428E-002     1.25196803E-002
     1.68658830E-002     1.06589144E-002
     1.69930231E-002     8.80181915E-003
     1.71201632E-002     6.94940234E-003
     1.72473034E-002     5.10267228E-003
     1.73744435E-002     3.26263656E-003
     1.75015836E-002     1.43030165E-003
     1.76287238E-002    -3.93328097E-004
     1.77558639E-002    -2.20725089E-003
     1.78830041E-002    -4.01046858E-003
     1.80101442E-002    -5.80198721E-003
     1.81372843E-002    -7.58081795E-003
     1.82644245E-002    -9.34597764E-003
     1.83915646E-002    -1.10964897E-002
     1.85187047E-002    -1.28313847E-002
     1.86458449E-002    -1.45497014E-002
     1.87729850E-002    -1.62504872E-002
     1.89001251E-002    -1.79327991E-002
     1.90272653E-002    -1.95957042E-002
     1.91544054E-002    -2.12382808E-002
     1.92815455E-002    -2.28596187E-002
     1.94086857E-002    -2.44588202E-002
     1.95358258E-002    -2.60350006E-002
     1.96629660E-002    -2.75872894E-002
     1.97901061E-002    -2.91148299E-002
     1.99172462E-002    -3.06167812E-002
     2.00443864E-002    -3.20923179E-002
     2.01715265E-002    -3.35406312E-002
     2.02986666E-002    -3.49609293E-002
     2.04258068E-002    -3.63524381E-002
     2.05529469E-002    -3.77144020E-002
     2.06800870E-002    -3.90460841E-002
     2.08072272E-002    -4.03467671E-002
     2.09343673E-002    -4.16157539E-002
     2.10615075E-002    -4.28523676E-002
     2.11886476E-002    -4.40559527E-002
     2.13157877E-002    -4.52258751E-002
     2.14429279E-002    -4.63615229E-002
     2.15700680E-002    -4.74623067E-002
     2.16972081E-002    -4.85276600E-002
     2.18243483E-002    -4.95570397E-002
     2.19514884E-002    -5.05499264E-002
     2.20786285E-002    -5.15058251E-002
     2.22057687E-002    -5.24242651E-002
     2.23329088E-002    -5.33048005E-002
     2.24600489E-002    -5.41470105E-002
     2.25871891E-002    -5.49505001E-002
     2.27143292E-002    -5.57148995E-002
     2.28414694E-002    -5.64398650E-002
     2.29686095E-002    -5.71250791E-002
     2.30957496E-002    -5.77702505E-002
     2.32228898E-002    -5.83751145E-002
     2.33500299E-002    -5.89394328E-002
     2.34771700E-002    -5.94629941E-002
     2.36043102E-002    -5.99456138E-002
     2.37314503E-002    -6.03871343E-002
     2.38585904E-002    -6.07874249E-002
     2.39857306E-002    -6.11463818E-002
     2.41128707E-002    -6.14639283E-002
     2.42400109E-002    -6.17400147E-002
     2.43671510E-002    -6.19746180E-002
     2.44942911E-002    -6.21677424E-002
     2.46214313E-002    -6.23194186E-002
     2.47485714E-002    -6.24297041E-002
     2.48757115E-002    -6.24986829E-002
     2.50028517E-002    -6.25264654E-002
     2.51299918E-002    -6.25131881E-002
     2.52571319E-002    -6.24590138E-002
     2.53842721E-002    -6.23641308E-002
     2.55114122E-002    -6.22287532E-002
     2.56385523E-002    -6.20531203E-002
     2.57656925E-002    -6.18374967E-002
     2.58928326E-002    -6.15821716E-002
     2.60199728E-002    -6.12874589E-002
     2.61471129E-002    -6.09536964E-002
     2.62742530E-002    -6.05812462E-002
     2.64013932E-002    -6.01704933E-002
     2.65285333E-002    -5.97218465E-002
     2.66556734E-002    -5.92357369E-002
     2.67828136E-002    -5.87126182E-002
     2.69099537E-002    -5.81529661E-002
     2.70370938E-002    -5.75572779E-002
     2.71642340E-002    -5.69260721E-002
     2.72913741E-002    -5.62598878E-002
     2.74185143E-002    -5.55592845E-002
     2.75456544E-002    -5.48248415E-002
     2.76727945E-002    -5.40571575E-002
     2.77999347E-002    -5.32568499E-002
     2.79270748E-002    -5.24245547E-002
     2.80542149E-002    -5.15609259E-002
     2.81813551E-002    -5.06666348E-002
     2.83084952E-002    -4.97423696E-002
     2.84356353E-002    -4.87888352E-002
     2.85627755E-002    -4.78067522E-002
     2.86899156E-002    -4.67968566E-002
     2.88170557E-002    -4.57598993E-002
     2.89441959E-002    -4.46966455E-002
     2.90713360E-002    -4.36078742E-002
     2.91984762E-002    -4.24943778E-002
     2.93256163E-002    -4.13569611E-002
     2.94527564E-002    -4.01964417E-002
     2.95798966E-002    -3.90136484E-002
     2.97070367E-002    -3.78094212E-002
     2.98341768E-002    -3.65846109E-002
