    -1.70000000E-003     0.00000000E+000
    -1.65000000E-003    -2.07153080E-006
    -1.60000000E-003    -4.89862561E-006
    -1.55000000E-003    -8.73728943E-006
    -1.50000000E-003    -1.39227105E-005
    -1.45000000E-003    -2.08910575E-005
    -1.40000000E-003    -3.02061920E-005
    -1.35000000E-003    -4.25924243E-005
    -1.30000000E-003    -5.89737867E-005
    -1.25000000E-003    -8.05214197E-005
    -1.20000000E-003    -1.08708890E-004
    -1.15000000E-003    -1.45378251E-004
    -1.10000000E-003    -1.92812057E-004
    -1.05000000E-003    -2.53809324E-004
    -1.00000000E-003    -3.31782581E-004
    -9.50000000E-004    -4.30858791E-004
    -9.00000000E-004    -5.55982204E-004
    -8.50000000E-004    -7.13033614E-004
    -8.00000000E-004    -9.08942629E-004
    -7.50000000E-004    -1.15178780E-003
    -7.00000000E-004    -1.45089856E-003
    -6.50000000E-004    -1.81692946E-003
    -6.00000000E-004    -2.26188821E-003
    -5.50000000E-004    -2.79913840E-003
    -5.00000000E-004    -3.44335938E-003
    -4.50000000E-004    -4.21043270E-003
    -4.00000000E-004    -5.11725229E-003
    -3.50000000E-004    -6.18144706E-003
    -3.00000000E-004    -7.42100766E-003
    -2.50000000E-004    -8.85381077E-003
    -2.00000000E-004    -1.04970411E-002
    -1.50000000E-004    -1.23665153E-002
    -1.00000000E-004    -1.44759212E-002
    -5.00000000E-005    -1.68359925E-002
     2.16840434E-019    -1.94536505E-002
     5.00000000E-005    -2.23311510E-002
     1.00000000E-004    -2.54652867E-002
     1.50000000E-004    -2.88467010E-002
     2.00000000E-004    -3.24593735E-002
     2.50000000E-004    -3.62803437E-002
     3.00000000E-004    -4.02797301E-002
     3.50000000E-004    -4.44211033E-002
     4.00000000E-004    -4.86622463E-002
     4.50000000E-004    -5.29563295E-002
     5.00000000E-004    -5.72534881E-002
     5.50000000E-004    -6.15027711E-002
     6.00000000E-004    -6.56543884E-002
     6.50000000E-004    -6.96621526E-002
     7.00000000E-004    -7.34859763E-002
     7.50000000E-004    -7.70942563E-002
     8.00000000E-004    -8.04659602E-002
     8.50000000E-004    -8.35922151E-002
     9.00000000E-004    -8.64772196E-002
     9.50000000E-004    -8.91382453E-002
     1.00000000E-003    -9.16046680E-002
     1.05000000E-003    -9.39162992E-002
     1.10000000E-003    -9.61205244E-002
     1.15000000E-003    -9.82680993E-002
     1.20000000E-003    -1.00408653E-001
     1.25000000E-003    -1.02585917E-001
     1.30000000E-003    -1.04832838E-001
     1.35000000E-003    -1.07167273E-001
     1.40000000E-003    -1.09588405E-001
     1.45000000E-003    -1.12074410E-001
     1.50000000E-003    -1.14582021E-001
     1.55000000E-003    -1.17048076E-001
     1.60000000E-003    -1.19393164E-001
     1.65000000E-003    -1.21527370E-001
     1.70000000E-003    -1.23357847E-001
     1.75000000E-003    -1.24797738E-001
     1.80000000E-003    -1.25775780E-001
     1.85000000E-003    -1.26245709E-001
     1.90000000E-003    -1.26194531E-001
     1.95000000E-003    -1.25648653E-001
     2.00000000E-003    -1.24676940E-001
     2.05000000E-003    -1.23389985E-001
     2.10000000E-003    -1.21935096E-001
     2.15000000E-003    -1.20486968E-001
     2.20000000E-003    -1.19234390E-001
     2.25000000E-003    -1.18363883E-001
     2.30000000E-003    -1.18041609E-001
     2.35000000E-003    -1.18395279E-001
     2.40000000E-003    -1.19498068E-001
     2.45000000E-003    -1.21356580E-001
     2.50000000E-003    -1.23904737E-001
     2.55000000E-003    -1.27005020E-001
     2.60000000E-003    -1.30457803E-001
     2.65000000E-003    -1.34018611E-001
     2.70000000E-003    -1.37422117E-001
     2.75000000E-003    -1.40410676E-001
     2.80000000E-003    -1.42764303E-001
     2.85000000E-003    -1.44328410E-001
     2.90000000E-003    -1.45035474E-001
     2.95000000E-003    -1.44917150E-001
     3.00000000E-003    -1.44104221E-001
     3.05000000E-003    -1.42813444E-001
     3.10000000E-003    -1.41322194E-001
     3.15000000E-003    -1.39932832E-001
     3.20000000E-003    -1.38930997E-001
     3.25000000E-003    -1.38544496E-001
     3.30000000E-003    -1.38909145E-001
     3.35000000E-003    -1.40046746E-001
     3.40000000E-003    -1.41859611E-001
     3.45000000E-003    -1.44143922E-001
     3.50000000E-003    -1.46620581E-001
     3.55000000E-003    -1.48979651E-001
     3.60000000E-003    -1.50931545E-001
     3.65000000E-003    -1.52256248E-001
     3.70000000E-003    -1.52841867E-001
     3.75000000E-003    -1.52704912E-001
     3.80000000E-003    -1.51987832E-001
     3.85000000E-003    -1.50933227E-001
     3.90000000E-003    -1.49838756E-001
     3.95000000E-003    -1.49000725E-001
     4.00000000E-003    -1.48657082E-001
     4.05000000E-003    -1.48941234E-001
     4.10000000E-003    -1.49856358E-001
     4.15000000E-003    -1.51276115E-001
     4.20000000E-003    -1.52972199E-001
     4.25000000E-003    -1.54663464E-001
     4.30000000E-003    -1.56076383E-001
     4.35000000E-003    -1.57003750E-001
     4.40000000E-003    -1.57348567E-001
     4.45000000E-003    -1.57143019E-001
     4.50000000E-003    -1.56538068E-001
     4.55000000E-003    -1.55765901E-001
     4.60000000E-003    -1.55084057E-001
     4.65000000E-003    -1.54714529E-001
     4.70000000E-003    -1.54792548E-001
     4.75000000E-003    -1.55337465E-001
     4.80000000E-003    -1.56252664E-001
     4.85000000E-003    -1.57354139E-001
     4.90000000E-003    -1.58420002E-001
     4.95000000E-003    -1.59247874E-001
     5.00000000E-003    -1.59705164E-001
     5.05000000E-003    -1.59759299E-001
     5.10000000E-003    -1.59480674E-001
     5.15000000E-003    -1.59018478E-001
     5.20000000E-003    -1.58556796E-001
     5.25000000E-003    -1.58263708E-001
     5.30000000E-003    -1.58247751E-001
     5.35000000E-003    -1.58533306E-001
     5.40000000E-003    -1.59060553E-001
     5.45000000E-003    -1.59708534E-001
     5.50000000E-003    -1.60333408E-001
     5.55000000E-003    -1.60810055E-001
     5.60000000E-003    -1.61065083E-001
     5.65000000E-003    -1.61092559E-001
     5.70000000E-003    -1.60949291E-001
     5.75000000E-003    -1.60732905E-001
     5.80000000E-003    -1.60550472E-001
     5.85000000E-003    -1.60487613E-001
     5.90000000E-003    -1.60586843E-001
     5.95000000E-003    -1.60840321E-001
     6.00000000E-003    -1.61197555E-001
     6.05000000E-003    -1.61584128E-001
     6.10000000E-003    -1.61924974E-001
     6.15000000E-003    -1.62165147E-001
     6.20000000E-003    -1.62282650E-001
     6.25000000E-003    -1.62290775E-001
     6.30000000E-003    -1.62230535E-001
     6.35000000E-003    -1.62156400E-001
     6.40000000E-003    -1.62119847E-001
     6.45000000E-003    -1.62155352E-001
     6.50000000E-003    -1.62272291E-001
     6.55000000E-003    -1.62454401E-001
     6.60000000E-003    -1.62666428E-001
     6.65000000E-003    -1.62865638E-001
     6.70000000E-003    -1.63014806E-001
     6.75000000E-003    -1.63092874E-001
     6.80000000E-003    -1.63100257E-001
     6.85000000E-003    -1.63057377E-001
     6.90000000E-003    -1.62997019E-001
     6.95000000E-003    -1.62953101E-001
     7.00000000E-003    -1.62949560E-001
     7.05000000E-003    -1.62993027E-001
     7.10000000E-003    -1.63071606E-001
     7.15000000E-003    -1.63159995E-001
     7.20000000E-003    -1.63228966E-001
     7.25000000E-003    -1.63255571E-001
     7.30000000E-003    -1.63230445E-001
     7.35000000E-003    -1.63159865E-001
     7.40000000E-003    -1.63062121E-001
     7.45000000E-003    -1.62959957E-001
     7.50000000E-003    -1.62872206E-001
     7.55000000E-003    -1.62807579E-001
     7.60000000E-003    -1.62762734E-001
     7.65000000E-003    -1.62724952E-001
     7.70000000E-003    -1.62677816E-001
     7.75000000E-003    -1.62607510E-001
     7.80000000E-003    -1.62507368E-001
     7.85000000E-003    -1.62379267E-001
     7.90000000E-003    -1.62231779E-001
     7.95000000E-003    -1.62076231E-001
     8.00000000E-003    -1.61922385E-001
     8.05000000E-003    -1.61775347E-001
     8.10000000E-003    -1.61634602E-001
     8.15000000E-003    -1.61495162E-001
     8.20000000E-003    -1.61350079E-001
     8.25000000E-003    -1.61193195E-001
     8.30000000E-003    -1.61021170E-001
     8.35000000E-003    -1.60834197E-001
     8.40000000E-003    -1.60635440E-001
     8.45000000E-003    -1.60429584E-001
     8.50000000E-003    -1.60221160E-001
     8.55000000E-003    -1.60013197E-001
     8.60000000E-003    -1.59806574E-001
     8.65000000E-003    -1.59600124E-001
     8.70000000E-003    -1.59391325E-001
     8.75000000E-003    -1.59177282E-001
     8.80000000E-003    -1.58955633E-001
     8.85000000E-003    -1.58725145E-001
     8.90000000E-003    -1.58485849E-001
     8.95000000E-003    -1.58238704E-001
     9.00000000E-003    -1.57984961E-001
     9.05000000E-003    -1.57725422E-001
     9.10000000E-003    -1.57459860E-001
     9.15000000E-003    -1.57186765E-001
     9.20000000E-003    -1.56903513E-001
     9.25000000E-003    -1.56606883E-001
     9.30000000E-003    -1.56293705E-001
     9.35000000E-003    -1.55961404E-001
     9.40000000E-003    -1.55608345E-001
     9.45000000E-003    -1.55233832E-001
     9.50000000E-003    -1.54837873E-001
     9.55000000E-003    -1.54420900E-001
     9.60000000E-003    -1.53983391E-001
     9.65000000E-003    -1.53525704E-001
     9.70000000E-003    -1.53048233E-001
     9.75000000E-003    -1.52551697E-001
     9.80000000E-003    -1.52037488E-001
     9.85000000E-003    -1.51507944E-001
     9.90000000E-003    -1.50966425E-001
     9.95000000E-003    -1.50417161E-001
     1.00000000E-002    -1.49864863E-001
     1.00500000E-002    -1.49314226E-001
     1.01000000E-002    -1.48769417E-001
     1.01500000E-002    -1.48233692E-001
     1.02000000E-002    -1.47709220E-001
     1.02500000E-002    -1.47197108E-001
     1.03000000E-002    -1.46697611E-001
     1.03500000E-002    -1.46210377E-001
     1.04000000E-002    -1.45734667E-001
     1.04500000E-002    -1.45269455E-001
     1.05000000E-002    -1.44813394E-001
     1.05500000E-002    -1.44364718E-001
     1.06000000E-002    -1.43921143E-001
     1.06500000E-002    -1.43479855E-001
     1.07000000E-002    -1.43037636E-001
     1.07500000E-002    -1.42591107E-001
     1.08000000E-002    -1.42137020E-001
     1.08500000E-002    -1.41672522E-001
     1.09000000E-002    -1.41195306E-001
     1.09500000E-002    -1.40703620E-001
     1.10000000E-002    -1.40196168E-001
     1.10500000E-002    -1.39671961E-001
     1.11000000E-002    -1.39130207E-001
     1.11500000E-002    -1.38570305E-001
     1.12000000E-002    -1.37991930E-001
     1.12500000E-002    -1.37395200E-001
     1.13000000E-002    -1.36780851E-001
     1.13500000E-002    -1.36150285E-001
     1.14000000E-002    -1.35505442E-001
     1.14500000E-002    -1.34848589E-001
     1.15000000E-002    -1.34181999E-001
     1.15500000E-002    -1.33507665E-001
     1.16000000E-002    -1.32827163E-001
     1.16500000E-002    -1.32141535E-001
     1.17000000E-002    -1.31451365E-001
     1.17500000E-002    -1.30757040E-001
     1.18000000E-002    -1.30058996E-001
     1.18500000E-002    -1.29357903E-001
     1.19000000E-002    -1.28654769E-001
     1.19500000E-002    -1.27950928E-001
     1.20000000E-002    -1.27247967E-001
     1.20500000E-002    -1.26547595E-001
     1.21000000E-002    -1.25851522E-001
     1.21500000E-002    -1.25161335E-001
     1.22000000E-002    -1.24478389E-001
     1.22500000E-002    -1.23803706E-001
     1.23000000E-002    -1.23137870E-001
     1.23500000E-002    -1.22480942E-001
     1.24000000E-002    -1.21832421E-001
     1.24500000E-002    -1.21191277E-001
     1.25000000E-002    -1.20556071E-001
     1.25500000E-002    -1.19925152E-001
     1.26000000E-002    -1.19296890E-001
     1.26500000E-002    -1.18669884E-001
     1.27000000E-002    -1.18043096E-001
     1.27500000E-002    -1.17415875E-001
     1.28000000E-002    -1.16787875E-001
     1.28500000E-002    -1.16158908E-001
     1.29000000E-002    -1.15528778E-001
     1.29500000E-002    -1.14897165E-001
     1.30000000E-002    -1.14263577E-001
     1.30500000E-002    -1.13627402E-001
     1.31000000E-002    -1.12987998E-001
     1.31500000E-002    -1.12344825E-001
     1.32000000E-002    -1.11697538E-001
     1.32500000E-002    -1.11045995E-001
     1.33000000E-002    -1.10390277E-001
     1.33500000E-002    -1.09730714E-001
     1.34000000E-002    -1.09067825E-001
     1.34500000E-002    -1.08402244E-001
     1.35000000E-002    -1.07734673E-001
     1.35500000E-002    -1.07065817E-001
     1.36000000E-002    -1.06396342E-001
     1.36500000E-002    -1.05726850E-001
     1.37000000E-002    -1.05057783E-001
     1.37500000E-002    -1.04389349E-001
     1.38000000E-002    -1.03721501E-001
     1.38500000E-002    -1.03053936E-001
     1.39000000E-002    -1.02386141E-001
     1.39500000E-002    -1.01717487E-001
     1.40000000E-002    -1.01047350E-001
     1.40500000E-002    -1.00375225E-001
     1.41000000E-002    -9.97008273E-002
     1.41500000E-002    -9.90241328E-002
     1.42000000E-002    -9.83453795E-002
     1.42500000E-002    -9.76650288E-002
     1.43000000E-002    -9.69837038E-002
     1.43500000E-002    -9.63021284E-002
     1.44000000E-002    -9.56210675E-002
     1.44500000E-002    -9.49412767E-002
     1.45000000E-002    -9.42634510E-002
     1.45500000E-002    -9.35881690E-002
     1.46000000E-002    -9.29158341E-002
     1.46500000E-002    -9.22466198E-002
     1.47000000E-002    -9.15804390E-002
     1.47500000E-002    -9.09169472E-002
     1.48000000E-002    -9.02555946E-002
     1.48500000E-002    -8.95957153E-002
     1.49000000E-002    -8.89366426E-002
     1.49500000E-002    -8.82778208E-002
     1.50000000E-002    -8.76188887E-002
     1.50500000E-002    -8.69597233E-002
     1.51000000E-002    -8.63004324E-002
     1.51500000E-002    -8.56413133E-002
     1.52000000E-002    -8.49827811E-002
     1.52500000E-002    -8.43252947E-002
     1.53000000E-002    -8.36692956E-002
     1.53500000E-002    -8.30151417E-002
     1.54000000E-002    -8.23630515E-002
     1.54500000E-002    -8.17130797E-002
     1.55000000E-002    -8.10651123E-002
     1.55500000E-002    -8.04188970E-002
     1.56000000E-002    -7.97740929E-002
     1.56500000E-002    -7.91303347E-002
     1.57000000E-002    -7.84873183E-002
     1.57500000E-002    -7.78448285E-002
     1.58000000E-002    -7.72027567E-002
     1.58500000E-002    -7.65611304E-002
     1.59000000E-002    -7.59200881E-002
     1.59500000E-002    -7.52798344E-002
     1.60000000E-002    -7.46405909E-002
     1.60500000E-002    -7.40025571E-002
     1.61000000E-002    -7.33658908E-002
     1.61500000E-002    -7.27307102E-002
     1.62000000E-002    -7.20971144E-002
     1.62500000E-002    -7.14652104E-002
     1.63000000E-002    -7.08351414E-002
     1.63500000E-002    -7.02071056E-002
     1.64000000E-002    -6.95813669E-002
     1.64500000E-002    -6.89582513E-002
     1.65000000E-002    -6.83381368E-002
     1.65500000E-002    -6.77214312E-002
     1.66000000E-002    -6.71085469E-002
     1.66500000E-002    -6.64998697E-002
     1.67000000E-002    -6.58957298E-002
     1.67500000E-002    -6.52963787E-002
     1.68000000E-002    -6.47019747E-002
     1.68500000E-002    -6.41125840E-002
     1.69000000E-002    -6.35281891E-002
     1.69500000E-002    -6.29487077E-002
     1.70000000E-002    -6.23740098E-002
     1.70500000E-002    -6.18039307E-002
     1.71000000E-002    -6.12382790E-002
     1.71500000E-002    -6.06768349E-002
     1.72000000E-002    -6.01193506E-002
     1.72500000E-002    -5.95655494E-002
     1.73000000E-002    -5.90151369E-002
     1.73500000E-002    -5.84678431E-002
     1.74000000E-002    -5.79234235E-002
     1.74500000E-002    -5.73816509E-002
     1.75000000E-002    -5.68423510E-002
     1.75500000E-002    -5.63054097E-002
     1.76000000E-002    -5.57707755E-002
     1.76500000E-002    -5.52384536E-002
     1.77000000E-002    -5.47084881E-002
     1.77500000E-002    -5.41809460E-002
     1.78000000E-002    -5.36558755E-002
     1.78500000E-002    -5.31332877E-002
     1.79000000E-002    -5.26131706E-002
     1.79500000E-002    -5.20954925E-002
     1.80000000E-002    -5.15802050E-002
     1.80500000E-002    -5.10672495E-002
     1.81000000E-002    -5.05565573E-002
     1.81500000E-002    -5.00480513E-002
     1.82000000E-002    -4.95416440E-002
     1.82500000E-002    -4.90372374E-002
     1.83000000E-002    -4.85347241E-002
     1.83500000E-002    -4.80339900E-002
     1.84000000E-002    -4.75349211E-002
     1.84500000E-002    -4.70374088E-002
     1.85000000E-002    -4.65413593E-002
     1.85500000E-002    -4.60467011E-002
     1.86000000E-002    -4.55533949E-002
     1.86500000E-002    -4.50614423E-002
     1.87000000E-002    -4.45708929E-002
     1.87500000E-002    -4.40818498E-002
     1.88000000E-002    -4.35944696E-002
     1.88500000E-002    -4.31089600E-002
     1.89000000E-002    -4.26255706E-002
     1.89500000E-002    -4.21445832E-002
     1.90000000E-002    -4.16662997E-002
     1.90500000E-002    -4.11910289E-002
     1.91000000E-002    -4.07190752E-002
     1.91500000E-002    -4.02507259E-002
     1.92000000E-002    -3.97862413E-002
     1.92500000E-002    -3.93258459E-002
     1.93000000E-002    -3.88697240E-002
     1.93500000E-002    -3.84180247E-002
     1.94000000E-002    -3.79709121E-002
     1.94500000E-002    -3.75285471E-002
     1.95000000E-002    -3.70910524E-002
     1.95500000E-002    -3.66585721E-002
     1.96000000E-002    -3.62312800E-002
     1.96500000E-002    -3.58093797E-002
     1.97000000E-002    -3.53931060E-002
     1.97500000E-002    -3.49826926E-002
     1.98000000E-002    -3.45783520E-002
     1.98500000E-002    -3.41802587E-002
     1.99000000E-002    -3.37885405E-002
     1.99500000E-002    -3.34032720E-002
     2.00000000E-002    -3.30244713E-002
     2.00500000E-002    -3.26520967E-002
     2.01000000E-002    -3.22860472E-002
     2.01500000E-002    -3.19261651E-002
     2.02000000E-002    -3.15722425E-002
     2.02500000E-002    -3.12240297E-002
     2.03000000E-002    -3.08812442E-002
     2.03500000E-002    -3.05435763E-002
     2.04000000E-002    -3.02106899E-002
     2.04500000E-002    -2.98822211E-002
     2.05000000E-002    -2.95577741E-002
     2.05500000E-002    -2.92369241E-002
     2.06000000E-002    -2.89192243E-002
     2.06500000E-002    -2.86042227E-002
     2.07000000E-002    -2.82914799E-002
     2.07500000E-002    -2.79805892E-002
     2.08000000E-002    -2.76711916E-002
     2.08500000E-002    -2.73629830E-002
     2.09000000E-002    -2.70557195E-002
     2.09500000E-002    -2.67492172E-002
     2.10000000E-002    -2.64433532E-002
     2.10500000E-002    -2.61380650E-002
     2.11000000E-002    -2.58333471E-002
     2.11500000E-002    -2.55292445E-002
     2.12000000E-002    -2.52258387E-002
     2.12500000E-002    -2.49232312E-002
     2.13000000E-002    -2.46215252E-002
     2.13500000E-002    -2.43208078E-002
     2.14000000E-002    -2.40211414E-002
     2.14500000E-002    -2.37225776E-002
     2.15000000E-002    -2.34251263E-002
     2.15500000E-002    -2.31287157E-002
     2.16000000E-002    -2.28332032E-002
     2.16500000E-002    -2.25383641E-002
     2.17000000E-002    -2.22438932E-002
     2.17500000E-002    -2.19494201E-002
     2.18000000E-002    -2.16545218E-002
     2.18500000E-002    -2.13587458E-002
     2.19000000E-002    -2.10616155E-002
     2.19500000E-002    -2.07626418E-002
     2.20000000E-002    -2.04613360E-002
     2.20500000E-002    -2.01572113E-002
     2.21000000E-002    -1.98497838E-002
     2.21500000E-002    -1.95385736E-002
     2.22000000E-002    -1.92231067E-002
     2.22500000E-002    -1.89029159E-002
     2.23000000E-002    -1.85775409E-002
     2.23500000E-002    -1.82465278E-002
     2.24000000E-002    -1.79094336E-002
     2.24500000E-002    -1.75658408E-002
     2.25000000E-002    -1.72153835E-002
     2.25500000E-002    -1.68577867E-002
     2.26000000E-002    -1.64929117E-002
     2.26500000E-002    -1.61208023E-002
     2.27000000E-002    -1.57417265E-002
     2.27500000E-002    -1.53562100E-002
     2.28000000E-002    -1.49650601E-002
     2.28500000E-002    -1.45693776E-002
     2.29000000E-002    -1.41705514E-002
     2.29500000E-002    -1.37702281E-002
     2.30000000E-002    -1.33702484E-002
     2.30500000E-002    -1.29725465E-002
     2.31000000E-002    -1.25790136E-002
     2.31500000E-002    -1.21913371E-002
     2.32000000E-002    -1.18108236E-002
     2.32500000E-002    -1.14382292E-002
     2.33000000E-002    -1.10736034E-002
     2.33500000E-002    -1.07161673E-002
     2.34000000E-002    -1.03642311E-002
     2.34500000E-002    -1.00151735E-002
     2.35000000E-002    -9.66550897E-003
     2.35500000E-002    -9.31095842E-003
     2.36000000E-002    -8.94657680E-003
     2.36500000E-002    -8.56696109E-003
     2.37000000E-002    -8.16645974E-003
     2.37500000E-002    -7.73939557E-003
     2.38000000E-002    -7.28026291E-003
     2.38500000E-002    -6.78394155E-003
     2.39000000E-002    -6.24583200E-003
     2.39500000E-002    -5.66185163E-003
     2.40000000E-002    -5.02847716E-003
     2.40500000E-002    -4.34281002E-003
     2.41000000E-002    -3.60260300E-003
     2.41500000E-002    -2.80629201E-003
     2.42000000E-002    -1.95304423E-003
     2.42500000E-002    -1.04282907E-003
     2.43000000E-002    -7.65075431E-005
     2.43500000E-002     9.44070744E-004
     2.44000000E-002     2.01598390E-003
     2.44500000E-002     3.13518828E-003
     2.45000000E-002     4.29652143E-003
     2.45500000E-002     5.49376987E-003
     2.46000000E-002     6.71980305E-003
     2.46500000E-002     7.96677414E-003
     2.47000000E-002     9.22637843E-003
     2.47500000E-002     1.04901597E-002
     2.48000000E-002     1.17498480E-002
     2.48500000E-002     1.29977067E-002
     2.49000000E-002     1.42268668E-002
     2.49500000E-002     1.54316212E-002
     2.50000000E-002     1.66076609E-002
     2.50500000E-002     1.77522374E-002
     2.51000000E-002     1.88642415E-002
     2.51500000E-002     1.99441931E-002
     2.52000000E-002     2.09941360E-002
     2.52500000E-002     2.20174378E-002
     2.53000000E-002     2.30184969E-002
     2.53500000E-002     2.40023737E-002
     2.54000000E-002     2.49743654E-002
     2.54500000E-002     2.59395582E-002
     2.55000000E-002     2.69023765E-002
     2.55500000E-002     2.78661491E-002
     2.56000000E-002     2.88328331E-002
     2.56500000E-002     2.98028262E-002
     2.57000000E-002     3.07748313E-002
     2.57500000E-002     3.17458883E-002
     2.58000000E-002     3.27115508E-002
     2.58500000E-002     3.36662226E-002
     2.59000000E-002     3.46035993E-002
     2.59500000E-002     3.55173040E-002
     2.60000000E-002     3.64016384E-002
     2.60500000E-002     3.72522227E-002
     2.61000000E-002     3.80665830E-002
     2.61500000E-002     3.88446751E-002
     2.62000000E-002     3.95892481E-002
     2.62500000E-002     4.03059917E-002
     2.63000000E-002     4.10034278E-002
     2.63500000E-002     4.16925224E-002
     2.64000000E-002     4.23860254E-002
     2.64500000E-002     4.30975725E-002
     2.65000000E-002     4.38406109E-002
     2.65500000E-002     4.46272332E-002
     2.66000000E-002     4.54670177E-002
     2.66500000E-002     4.63659857E-002
     2.67000000E-002     4.73257835E-002
     2.67500000E-002     4.83431930E-002
     2.68000000E-002     4.94100489E-002
     2.68500000E-002     5.05136088E-002
     2.69000000E-002     5.16373792E-002
     2.69500000E-002     5.27623500E-002
     2.70000000E-002     5.38685459E-002
     2.70500000E-002     5.49367632E-002
     2.71000000E-002     5.59503325E-002
     2.71500000E-002     5.68967305E-002
     2.72000000E-002     5.77688664E-002
     2.72500000E-002     5.85658847E-002
     2.73000000E-002     5.92933693E-002
     2.73500000E-002     5.99628850E-002
     2.74000000E-002     6.05908755E-002
     2.74500000E-002     6.11969989E-002
     2.75000000E-002     6.18020757E-002
     2.75500000E-002     6.24258194E-002
     2.76000000E-002     6.30846072E-002
     2.76500000E-002     6.37897475E-002
     2.77000000E-002     6.45463006E-002
     2.77500000E-002     6.53525151E-002
     2.78000000E-002     6.62001324E-002
     2.78500000E-002     6.70754702E-002
     2.79000000E-002     6.79611923E-002
     2.79500000E-002     6.88385591E-002
     2.80000000E-002     6.96899239E-002
     2.80500000E-002     7.05011329E-002
     2.81000000E-002     7.12633879E-002
     2.81500000E-002     7.19743899E-002
     2.82000000E-002     7.26386125E-002
     2.82500000E-002     7.32666340E-002
     2.83000000E-002     7.38736116E-002
     2.83500000E-002     7.44771066E-002
     2.84000000E-002     7.50945714E-002
     2.84500000E-002     7.57408643E-002
     2.85000000E-002     7.64261671E-002
     2.85500000E-002     7.71546168E-002
     2.86000000E-002     7.79238660E-002
     2.86500000E-002     7.87256344E-002
     2.87000000E-002     7.95471657E-002
     2.87500000E-002     8.03733516E-002
     2.88000000E-002     8.11891813E-002
     2.88500000E-002     8.19821153E-002
     2.89000000E-002     8.27439929E-002
     2.89500000E-002     8.34721623E-002
     2.90000000E-002     8.41696493E-002
     2.90500000E-002     8.48443508E-002
     2.91000000E-002     8.55074054E-002
     2.91500000E-002     8.61710427E-002
     2.92000000E-002     8.68463018E-002
     2.92500000E-002     8.75410310E-002
     2.93000000E-002     8.82585279E-002
     2.93500000E-002     8.89970559E-002
     2.94000000E-002     8.97503104E-002
     2.94500000E-002     9.05087275E-002
     2.95000000E-002     9.12613696E-002
     2.95500000E-002     9.19980173E-002
     2.96000000E-002     9.27110440E-002
     2.96500000E-002     9.33967252E-002
     2.97000000E-002     9.40557745E-002
     2.97500000E-002     9.46929797E-002
     2.98000000E-002     9.53160150E-002
     2.98500000E-002     9.59337551E-002
     2.99000000E-002     9.65544487E-002
     2.99500000E-002     9.71841105E-002
     3.00000000E-002     9.78254510E-002
     3.00500000E-002     9.84775531E-002