    -4.14913257E-002     0.00000000E+000
    -4.12369885E-002    -4.81242565E-010
    -4.09826514E-002    -4.95435075E-010
    -4.07283142E-002    -5.12943916E-010
    -4.04739771E-002    -5.37776981E-010
    -4.02196399E-002    -5.72779436E-010
    -3.99653028E-002    -6.21141675E-010
    -3.97109656E-002    -6.85867116E-010
    -3.94566285E-002    -7.69091339E-010
    -3.92022913E-002    -8.71342126E-010
    -3.89479542E-002    -9.90423616E-010
    -3.86936170E-002    -1.12079720E-009
    -3.84392799E-002    -1.25440751E-009
    -3.81849427E-002    -1.38337690E-009
    -3.79306056E-002    -1.50514903E-009
    -3.76762684E-002    -1.62961401E-009
    -3.74219313E-002    -1.78612533E-009
    -3.71675941E-002    -2.02642330E-009
    -3.69132570E-002    -2.41842364E-009
    -3.66589198E-002    -3.02736696E-009
    -3.64045827E-002    -3.88652096E-009
    -3.61502455E-002    -4.96910787E-009
    -3.58959084E-002    -6.18206101E-009
    -3.56415712E-002    -7.40207773E-009
    -3.53872341E-002    -8.55673278E-009
    -3.51328969E-002    -9.71874387E-009
    -3.48785598E-002    -1.11483684E-008
    -3.46242226E-002    -1.32213555E-008
    -3.43698855E-002    -1.62437788E-008
    -3.41155483E-002    -2.02602693E-008
    -3.38612112E-002    -2.50251189E-008
    -3.36068740E-002    -3.02284454E-008
    -3.33525369E-002    -3.58522080E-008
    -3.30981997E-002    -4.23460241E-008
    -3.28438625E-002    -5.03998245E-008
    -3.25895254E-002    -6.04755932E-008
    -3.23351882E-002    -7.25884165E-008
    -3.20808511E-002    -8.66440593E-008
    -3.18265139E-002    -1.02998696E-007
    -3.15721768E-002    -1.22538264E-007
    -3.13178396E-002    -1.46096395E-007
    -3.10635025E-002    -1.73944172E-007
    -3.08091653E-002    -2.06133288E-007
    -3.05548282E-002    -2.43365396E-007
    -3.03004910E-002    -2.87231664E-007
    -3.00461539E-002    -3.39433548E-007
    -2.97918167E-002    -4.01016734E-007
    -2.95374796E-002    -4.72654702E-007
    -2.92831424E-002    -5.55565642E-007
    -2.90288053E-002    -6.51889244E-007
    -2.87744681E-002    -7.64258376E-007
    -2.85201310E-002    -8.95295060E-007
    -2.82657938E-002    -1.04753770E-006
    -2.80114567E-002    -1.22369387E-006
    -2.77571195E-002    -1.42702187E-006
    -2.75027824E-002    -1.66163644E-006
    -2.72484452E-002    -1.93242875E-006
    -2.69941081E-002    -2.24466747E-006
    -2.67397709E-002    -2.60384781E-006
    -2.64854338E-002    -3.01605388E-006
    -2.62310966E-002    -3.48843452E-006
    -2.59767595E-002    -4.02934288E-006
    -2.57224223E-002    -4.64808359E-006
    -2.54680852E-002    -5.35460769E-006
    -2.52137480E-002    -6.15972199E-006
    -2.49594109E-002    -7.07581196E-006
    -2.47050737E-002    -8.11713291E-006
    -2.44507366E-002    -9.29929265E-006
    -2.41963994E-002    -1.06390491E-005
    -2.39420622E-002    -1.21550159E-005
    -2.36877251E-002    -1.38681364E-005
    -2.34333879E-002    -1.58013530E-005
    -2.31790508E-002    -1.79795150E-005
    -2.29247136E-002    -2.04298910E-005
    -2.26703765E-002    -2.31824787E-005
    -2.24160393E-002    -2.62700632E-005
    -2.21617022E-002    -2.97284532E-005
    -2.19073650E-002    -3.35966052E-005
    -2.16530279E-002    -3.79166393E-005
    -2.13986907E-002    -4.27342265E-005
    -2.11443536E-002    -4.80988922E-005
    -2.08900164E-002    -5.40638128E-005
    -2.06356793E-002    -6.06859764E-005
    -2.03813421E-002    -6.80269080E-005
    -2.01270050E-002    -7.61528419E-005
    -1.98726678E-002    -8.51344157E-005
    -1.96183307E-002    -9.50469134E-005
    -1.93639935E-002    -1.05970674E-004
    -1.91096564E-002    -1.17990947E-004
    -1.88553192E-002    -1.31197784E-004
    -1.86009821E-002    -1.45686339E-004
    -1.83466449E-002    -1.61557052E-004
    -1.80923078E-002    -1.78915670E-004
    -1.78379706E-002    -1.97873199E-004
    -1.75836335E-002    -2.18545676E-004
    -1.73292963E-002    -2.41053983E-004
    -1.70749592E-002    -2.65523807E-004
    -1.68206220E-002    -2.92085398E-004
    -1.65662849E-002    -3.20873260E-004
    -1.63119477E-002    -3.52026037E-004
    -1.60576106E-002    -3.85686156E-004
    -1.58032734E-002    -4.21999188E-004
    -1.55489363E-002    -4.61113397E-004
    -1.52945991E-002    -5.03179189E-004
    -1.50402619E-002    -5.48348315E-004
    -1.47859248E-002    -5.96773422E-004
    -1.45315876E-002    -6.48607452E-004
    -1.42772505E-002    -7.04002341E-004
    -1.40229133E-002    -7.63108048E-004
    -1.37685762E-002    -8.26072096E-004
    -1.35142390E-002    -8.93038388E-004
    -1.32599019E-002    -9.64145713E-004
    -1.30055647E-002    -1.03952700E-003
    -1.27512276E-002    -1.11930821E-003
    -1.24968904E-002    -1.20360655E-003
    -1.22425533E-002    -1.29252928E-003
    -1.19882161E-002    -1.38617294E-003
    -1.17338790E-002    -1.48462165E-003
    -1.14795418E-002    -1.58794558E-003
    -1.12252047E-002    -1.69619986E-003
    -1.09708675E-002    -1.80942314E-003
    -1.07165304E-002    -1.92763591E-003
    -1.04621932E-002    -2.05083963E-003
    -1.02078561E-002    -2.17901555E-003
    -9.95351892E-003    -2.31212312E-003
    -9.69918177E-003    -2.45009902E-003
    -9.44484462E-003    -2.59285615E-003
    -9.19050747E-003    -2.74028243E-003
    -8.93617031E-003    -2.89224001E-003
    -8.68183316E-003    -3.04856490E-003
    -8.42749601E-003    -3.20906621E-003
    -8.17315886E-003    -3.37352554E-003
    -7.91882171E-003    -3.54169682E-003
    -7.66448456E-003    -3.71330602E-003
    -7.41014741E-003    -3.88805108E-003
    -7.15581025E-003    -4.06560271E-003
    -6.90147310E-003    -4.24560491E-003
    -6.64713595E-003    -4.42767520E-003
    -6.39279880E-003    -4.61140528E-003
    -6.13846165E-003    -4.79636231E-003
    -5.88412450E-003    -4.98209024E-003
    -5.62978735E-003    -5.16811155E-003
    -5.37545019E-003    -5.35392887E-003
    -5.12111304E-003    -5.53902652E-003
    -4.86677589E-003    -5.72287254E-003
    -4.61243874E-003    -5.90492122E-003
    -4.35810159E-003    -6.08461548E-003
    -4.10376444E-003    -6.26138952E-003
    -3.84942729E-003    -6.43467152E-003
    -3.59509013E-003    -6.60388629E-003
    -3.34075298E-003    -6.76845814E-003
    -3.08641583E-003    -6.92781424E-003
    -2.83207868E-003    -7.08138786E-003
    -2.57774153E-003    -7.22862111E-003
    -2.32340438E-003    -7.36896801E-003
    -2.06906723E-003    -7.50189793E-003
    -1.81473007E-003    -7.62689866E-003
    -1.56039292E-003    -7.74347939E-003
    -1.30605577E-003    -7.85117384E-003
    -1.05171862E-003    -7.94954312E-003
    -7.97381469E-004    -8.03817835E-003
    -5.43044318E-004    -8.11670317E-003
    -2.88707166E-004    -8.18477629E-003
    -3.43700149E-005    -8.24209369E-003
     2.19967137E-004    -8.28839081E-003
     4.74304288E-004    -8.32344420E-003
     7.28641439E-004    -8.34707295E-003
     9.82978591E-004    -8.35913990E-003
     1.23731574E-003    -8.35955276E-003
     1.49165289E-003    -8.34826491E-003
     1.74599005E-003    -8.32527564E-003
     2.00032720E-003    -8.29063031E-003
     2.25466435E-003    -8.24442046E-003
     2.50900150E-003    -8.18678322E-003
     2.76333865E-003    -8.11790044E-003
     3.01767580E-003    -8.03799748E-003
     3.27201295E-003    -7.94734222E-003
     3.52635011E-003    -7.84624364E-003
     3.78068726E-003    -7.73504997E-003
     4.03502441E-003    -7.61414622E-003
     4.28936156E-003    -7.48395202E-003
     4.54369871E-003    -7.34491951E-003
     4.79803586E-003    -7.19753064E-003
     5.05237301E-003    -7.04229415E-003
     5.30671017E-003    -6.87974276E-003
     5.56104732E-003    -6.71043014E-003
     5.81538447E-003    -6.53492773E-003
     6.06972162E-003    -6.35382153E-003
     6.32405877E-003    -6.16770895E-003
     6.57839592E-003    -5.97719558E-003
     6.83273307E-003    -5.78289194E-003
     7.08707022E-003    -5.58541018E-003
     7.34140738E-003    -5.38536077E-003
     7.59574453E-003    -5.18334954E-003
     7.85008168E-003    -4.97997494E-003
     8.10441883E-003    -4.77582513E-003
     8.35875598E-003    -4.57147511E-003
     8.61309313E-003    -4.36748403E-003
     8.86743028E-003    -4.16439268E-003
     9.12176744E-003    -3.96272149E-003
     9.37610459E-003    -3.76296848E-003
     9.63044174E-003    -3.56560728E-003
     9.88477889E-003    -3.37108540E-003
     1.01391160E-002    -3.17982293E-003
     1.03934532E-002    -2.99221114E-003
     1.06477903E-002    -2.80861143E-003
     1.09021275E-002    -2.62935462E-003
     1.11564646E-002    -2.45474036E-003
     1.14108018E-002    -2.28503656E-003
     1.16651390E-002    -2.12047919E-003
     1.19194761E-002    -1.96127228E-003
     1.21738133E-002    -1.80758812E-003
     1.24281504E-002    -1.65956763E-003
     1.26824876E-002    -1.51732090E-003
     1.29368247E-002    -1.38092784E-003
     1.31911619E-002    -1.25043916E-003
     1.34454990E-002    -1.12587745E-003
     1.36998362E-002    -1.00723805E-003
     1.39541733E-002    -8.94490343E-004
     1.42085105E-002    -7.87579221E-004
     1.44628476E-002    -6.86426451E-004
     1.47171848E-002    -5.90932248E-004
     1.49715219E-002    -5.00976906E-004
     1.52258591E-002    -4.16422277E-004
     1.54801962E-002    -3.37113540E-004
     1.57345334E-002    -2.62881242E-004
     1.59888705E-002    -1.93542998E-004
     1.62432077E-002    -1.28905092E-004
     1.64975448E-002    -6.87643794E-005
     1.67518820E-002    -1.29100666E-005
     1.70062191E-002     3.88747166E-005
     1.72605563E-002     8.68111404E-005
     1.75148934E-002     1.31122845E-004
     1.77692306E-002     1.72034353E-004
     1.80235677E-002     2.09769602E-004
     1.82779049E-002     2.44550514E-004
     1.85322420E-002     2.76595535E-004
     1.87865792E-002     3.06118148E-004
     1.90409163E-002     3.33325561E-004
     1.92952535E-002     3.58417614E-004
     1.95495906E-002     3.81585855E-004
     1.98039278E-002     4.03012746E-004
     2.00582649E-002     4.22870691E-004
     2.03126021E-002     4.41320900E-004
     2.05669393E-002     4.58512766E-004
     2.08212764E-002     4.74583677E-004
     2.10756136E-002     4.89658555E-004
     2.13299507E-002     5.03849363E-004
     2.15842879E-002     5.17254939E-004
     2.18386250E-002     5.29960737E-004
     2.20929622E-002     5.42038795E-004
     2.23472993E-002     5.53548276E-004
     2.26016365E-002     5.64535709E-004
     2.28559736E-002     5.75034723E-004
     2.31103108E-002     5.85066452E-004
     2.33646479E-002     5.94640476E-004
     2.36189851E-002     6.03755265E-004
     2.38733222E-002     6.12398484E-004
     2.41276594E-002     6.20547845E-004
     2.43819965E-002     6.28172006E-004
     2.46363337E-002     6.35231260E-004
     2.48906708E-002     6.41678370E-004
     2.51450080E-002     6.47459589E-004
     2.53993451E-002     6.52515642E-004
     2.56536823E-002     6.56782672E-004
     2.59080194E-002     6.60193262E-004
     2.61623566E-002     6.62677451E-004
     2.64166937E-002     6.64163662E-004
     2.66710309E-002     6.64579698E-004
     2.69253680E-002     6.63853941E-004
     2.71797052E-002     6.61916362E-004
     2.74340423E-002     6.58699212E-004
     2.76883795E-002     6.54137974E-004
     2.79427166E-002     6.48172459E-004
     2.81970538E-002     6.40747500E-004
     2.84513909E-002     6.31813587E-004
     2.87057281E-002     6.21327809E-004
     2.89600652E-002     6.09254593E-004
     2.92144024E-002     5.95566117E-004
     2.94687396E-002     5.80242819E-004
     2.97230767E-002     5.63273923E-004
     2.99774139E-002     5.44657832E-004
     3.02317510E-002     5.24402477E-004
     3.04860882E-002     5.02525495E-004
     3.07404253E-002     4.79054267E-004
     3.09947625E-002     4.54026056E-004
     3.12490996E-002     4.27488032E-004
     3.15034368E-002     3.99497130E-004
     3.17577739E-002     3.70119934E-004
     3.20121111E-002     3.39432314E-004
     3.22664482E-002     3.07519023E-004
     3.25207854E-002     2.74473669E-004
     3.27751225E-002     2.40398361E-004
     3.30294597E-002     2.05402562E-004
     3.32837968E-002     1.69602329E-004
     3.35381340E-002     1.33120304E-004
     3.37924711E-002     9.60852333E-005
     3.40468083E-002     5.86308740E-005
     3.43011454E-002     2.08950962E-005
     3.45554826E-002    -1.69808276E-005
     3.48098197E-002    -5.48528947E-005
     3.50641569E-002    -9.25749679E-005
     3.53184940E-002    -1.29999806E-004
     3.55728312E-002    -1.66980390E-004
     3.58271683E-002    -2.03370644E-004
     3.60815055E-002    -2.39025926E-004
     3.63358426E-002    -2.73804219E-004
     3.65901798E-002    -3.07567322E-004
     3.68445169E-002    -3.40181235E-004
     3.70988541E-002    -3.71516573E-004
     3.73531912E-002    -4.01449584E-004
     3.76075284E-002    -4.29863030E-004
     3.78618655E-002    -4.56646679E-004
     3.81162027E-002    -4.81698023E-004
     3.83705399E-002    -5.04923145E-004
     3.86248770E-002    -5.26237209E-004
     3.88792142E-002    -5.45564901E-004
     3.91335513E-002    -5.62840951E-004
     3.93878885E-002    -5.78010318E-004
     3.96422256E-002    -5.91028188E-004
     3.98965628E-002    -6.01860254E-004
     4.01508999E-002    -6.10482892E-004
     4.04052371E-002    -6.16883026E-004
     4.06595742E-002    -6.21058284E-004
     4.09139114E-002    -6.23017292E-004
     4.11682485E-002    -6.22779561E-004
     4.14225857E-002    -6.20375230E-004
     4.16769228E-002    -6.15844865E-004
     4.19312600E-002    -6.09238955E-004
     4.21855971E-002    -6.00617362E-004
     4.24399343E-002    -5.90048834E-004
     4.26942714E-002    -5.77610127E-004
     4.29486086E-002    -5.63385228E-004
     4.32029457E-002    -5.47465163E-004
     4.34572829E-002    -5.29947642E-004
     4.37116200E-002    -5.10936303E-004
     4.39659572E-002    -4.90540220E-004
     4.42202943E-002    -4.68873329E-004
     4.44746315E-002    -4.46053372E-004
     4.47289686E-002    -4.22201014E-004
     4.49833058E-002    -3.97439012E-004
     4.52376429E-002    -3.71890876E-004
     4.54919801E-002    -3.45679799E-004
     4.57463172E-002    -3.18928201E-004
     4.60006544E-002    -2.91757084E-004
     4.62549915E-002    -2.64285428E-004
     4.65093287E-002    -2.36630118E-004
     4.67636658E-002    -2.08905441E-004
     4.70180030E-002    -1.81221931E-004
     4.72723402E-002    -1.53685639E-004
     4.75266773E-002    -1.26397713E-004
     4.77810145E-002    -9.94534796E-005
     4.80353516E-002    -7.29414738E-005
     4.82896888E-002    -4.69429660E-005
     4.85440259E-002    -2.15318002E-005
     4.87983631E-002     3.22545052E-006
     4.90527002E-002     2.72691896E-005
     4.93070374E-002     5.05468185E-005
     4.95613745E-002     7.30127825E-005
     4.98157117E-002     9.46283400E-005
     5.00700488E-002     1.15361672E-004
     5.03243860E-002     1.35188522E-004
     5.05787231E-002     1.54092680E-004
     5.08330603E-002     1.72066029E-004
     5.10873974E-002     1.89108100E-004
     5.13417346E-002     2.05224887E-004
     5.15960717E-002     2.20427593E-004
     5.18504089E-002     2.34732390E-004
     5.21047460E-002     2.48160653E-004
     5.23590832E-002     2.60738356E-004
     5.26134203E-002     2.72494853E-004
     5.28677575E-002     2.83462241E-004
     5.31220946E-002     2.93675770E-004
     5.33764318E-002     3.03174583E-004
     5.36307689E-002     3.12001466E-004
     5.38851061E-002     3.20201036E-004
     5.41394432E-002     3.27817852E-004
     5.43937804E-002     3.34895962E-004
     5.46481175E-002     3.41479271E-004
     5.49024547E-002     3.47611245E-004
     5.51567918E-002     3.53333852E-004
     5.54111290E-002     3.58686542E-004
     5.56654661E-002     3.63706062E-004
     5.59198033E-002     3.68427219E-004
     5.61741404E-002     3.72883443E-004
     5.64284776E-002     3.77106147E-004
     5.66828148E-002     3.81123546E-004
     5.69371519E-002     3.84959895E-004
     5.71914891E-002     3.88635139E-004
     5.74458262E-002     3.92164970E-004
     5.77001634E-002     3.95560988E-004
     5.79545005E-002     3.98830453E-004
     5.82088377E-002     4.01976146E-004
     5.84631748E-002     4.04997082E-004
     5.87175120E-002     4.07889305E-004
     5.89718491E-002     4.10645951E-004
     5.92261863E-002     4.13256980E-004
     5.94805234E-002     4.15708874E-004
     5.97348606E-002     4.17984566E-004
     5.99891977E-002     4.20064008E-004
     6.02435349E-002     4.21924583E-004
     6.04978720E-002     4.23540726E-004
     6.07522092E-002     4.24884214E-004
     6.10065463E-002     4.25925759E-004
     6.12608835E-002     4.26636075E-004
     6.15152206E-002     4.26985531E-004
     6.17695578E-002     4.26943695E-004
     6.20238949E-002     4.26479609E-004
     6.22782321E-002     4.25562471E-004
     6.25325692E-002     4.24162236E-004
     6.27869064E-002     4.22249541E-004
     6.30412435E-002     4.19795405E-004
     6.32955807E-002     4.16772044E-004
     6.35499178E-002     4.13154459E-004
     6.38042550E-002     4.08920972E-004
     6.40585921E-002     4.04052550E-004
     6.43129293E-002     3.98532241E-004
     6.45672664E-002     3.92345304E-004
     6.48216036E-002     3.85479693E-004
     6.50759407E-002     3.77926457E-004
     6.53302779E-002     3.69679769E-004
     6.55846151E-002     3.60736950E-004
     6.58389522E-002     3.51098987E-004
     6.60932894E-002     3.40771270E-004
     6.63476265E-002     3.29763890E-004
     6.66019637E-002     3.18091191E-004
     6.68563008E-002     3.05770547E-004
     6.71106380E-002     2.92821275E-004
     6.73649751E-002     2.79265048E-004
     6.76193123E-002     2.65127077E-004
     6.78736494E-002     2.50435952E-004
     6.81279866E-002     2.35222669E-004
     6.83823237E-002     2.19521037E-004
     6.86366609E-002     2.03369062E-004
     6.88909980E-002     1.86809326E-004
     6.91453352E-002     1.69887975E-004
     6.93996723E-002     1.52652838E-004
     6.96540095E-002     1.35151620E-004
     6.99083466E-002     1.17431828E-004
     7.01626838E-002     9.95419401E-005
     7.04170209E-002     8.15313784E-005
     7.06713581E-002     6.34497525E-005
     7.09256952E-002     4.53477575E-005
     7.11800324E-002     2.72786825E-005
     7.14343695E-002     9.29830256E-006
     7.16887067E-002    -8.53627331E-006
     7.19430438E-002    -2.61681046E-005
     7.21973810E-002    -4.35424293E-005
     7.24517181E-002    -6.06077262E-005
     7.27060553E-002    -7.73150670E-005
     7.29603924E-002    -9.36175758E-005
     7.32147296E-002    -1.09470467E-004
     7.34690667E-002    -1.24830134E-004
     7.37234039E-002    -1.39652505E-004
     7.39777410E-002    -1.53892248E-004
     7.42320782E-002    -1.67503579E-004
     7.44864154E-002    -1.80442668E-004
     7.47407525E-002    -1.92670149E-004
     7.49950897E-002    -2.04151659E-004
     7.52494268E-002    -2.14857066E-004
     7.55037640E-002    -2.24760329E-004
     7.57581011E-002    -2.33839442E-004
     7.60124383E-002    -2.42075147E-004
     7.62667754E-002    -2.49448972E-004
     7.65211126E-002    -2.55941766E-004
     7.67754497E-002    -2.61533738E-004
     7.70297869E-002    -2.66206749E-004
     7.72841240E-002    -2.69947310E-004
     7.75384612E-002    -2.72747793E-004
     7.77927983E-002    -2.74605918E-004
     7.80471355E-002    -2.75524170E-004
     7.83014726E-002    -2.75509307E-004
     7.85558098E-002    -2.74571245E-004
     7.88101469E-002    -2.72721140E-004
     7.90644841E-002    -2.69969431E-004
     7.93188212E-002    -2.66325455E-004
     7.95731584E-002    -2.61799419E-004
     7.98274955E-002    -2.56405063E-004
     8.00818327E-002    -2.50161002E-004
     8.03361698E-002    -2.43090762E-004
     8.05905070E-002    -2.35222413E-004
     8.08448441E-002    -2.26587918E-004
     8.10991813E-002    -2.17221967E-004
     8.13535184E-002    -2.07160161E-004
     8.16078556E-002    -1.96437017E-004
     8.18621927E-002    -1.85085114E-004
     8.21165299E-002    -1.73136434E-004
     8.23708670E-002    -1.60624826E-004
     8.26252042E-002    -1.47587492E-004
     8.28795413E-002    -1.34065130E-004
     8.31338785E-002    -1.20101717E-004
     8.33882157E-002    -1.05744142E-004
     8.36425528E-002    -9.10410771E-005
     8.38968900E-002    -7.60411375E-005
     8.41512271E-002    -6.07910740E-005
     8.44055643E-002    -4.53348853E-005
     8.46599014E-002    -2.97144725E-005
     8.49142386E-002    -1.39713940E-005
     8.51685757E-002     1.85161398E-006
     8.54229129E-002     1.77099854E-005
     8.56772500E-002     3.35573266E-005
     8.59315872E-002     4.93460893E-005
     8.61859243E-002     6.50288567E-005
     8.64402615E-002     8.05596448E-005
     8.66945986E-002     9.58949074E-005
     8.69489358E-002     1.10994325E-004
     8.72032729E-002     1.25821110E-004
     8.74576101E-002     1.40341395E-004
     8.77119472E-002     1.54522753E-004
     8.79662844E-002     1.68332639E-004
     8.82206215E-002     1.81737962E-004
     8.84749587E-002     1.94706148E-004
     8.87292958E-002     2.07206508E-004
     8.89836330E-002     2.19210963E-004
     8.92379701E-002     2.30694581E-004
     8.94923073E-002     2.41636357E-004
     8.97466444E-002     2.52019730E-004
     9.00009816E-002     2.61832344E-004
