    -0.41500000E-001     0.00000000E+000
    -0.41250000E-001    -0.19952040E-010
    -0.41000000E-001    -0.49601060E-010
    -0.40750000E-001    -0.92786469E-010
    -0.40500000E-001    -0.15444722E-009
    -0.40250000E-001    -0.24073331E-009
    -0.40000000E-001    -0.35903582E-009
    -0.39750000E-001    -0.51786177E-009
    -0.39500000E-001    -0.72652184E-009
    -0.39250000E-001    -0.99460454E-009
    -0.39000000E-001    -0.13312310E-008
    -0.38750000E-001    -0.17443349E-008
    -0.38500000E-001    -0.22402280E-008
    -0.38250000E-001    -0.28239186E-008
    -0.38000000E-001    -0.35006303E-008
    -0.37750000E-001    -0.42787805E-008
    -0.37500000E-001    -0.51753062E-008
    -0.37250000E-001    -0.62224904E-008
    -0.37000000E-001    -0.74745141E-008
    -0.36750000E-001    -0.90117844E-008
    -0.36500000E-001    -0.10939464E-007
    -0.36250000E-001    -0.13378027E-007
    -0.36000000E-001    -0.16446553E-007
    -0.35750000E-001    -0.20243125E-007
    -0.35500000E-001    -0.24832188E-007
    -0.35250000E-001    -0.30250346E-007
    -0.35000000E-001    -0.36542244E-007
    -0.34750000E-001    -0.43822204E-007
    -0.34500000E-001    -0.52339285E-007
    -0.34250000E-001    -0.62512700E-007
    -0.34000000E-001    -0.74895820E-007
    -0.33750000E-001    -0.90065957E-007
    -0.33500000E-001    -0.10849542E-006
    -0.33250000E-001    -0.13049275E-006
    -0.33000000E-001    -0.15630358E-006
    -0.32750000E-001    -0.18635883E-006
    -0.32500000E-001    -0.22152848E-006
    -0.32250000E-001    -0.26319335E-006
    -0.32000000E-001    -0.31300084E-006
    -0.31750000E-001    -0.37245653E-006
    -0.31500000E-001    -0.44273678E-006
    -0.31250000E-001    -0.52497215E-006
    -0.31000000E-001    -0.62087102E-006
    -0.30750000E-001    -0.73313729E-006
    -0.30500000E-001    -0.86522279E-006
    -0.30250000E-001    -0.10206261E-005
    -0.30000000E-001    -0.12025436E-005
    -0.29750000E-001    -0.14144131E-005
    -0.29500000E-001    -0.16608421E-005
    -0.29250000E-001    -0.19479249E-005
    -0.29000000E-001    -0.22826391E-005
    -0.28750000E-001    -0.26721250E-005
    -0.28500000E-001    -0.31239737E-005
    -0.28250000E-001    -0.36472534E-005
    -0.28000000E-001    -0.42530329E-005
    -0.27750000E-001    -0.49539538E-005
    -0.27500000E-001    -0.57635605E-005
    -0.27250000E-001    -0.66967899E-005
    -0.27000000E-001    -0.77710258E-005
    -0.26750000E-001    -0.90063047E-005
    -0.26500000E-001    -0.10425166E-004
    -0.26250000E-001    -0.12052686E-004
    -0.26000000E-001    -0.13916911E-004
    -0.25750000E-001    -0.16049532E-004
    -0.25500000E-001    -0.18486225E-004
    -0.25250000E-001    -0.21266861E-004
    -0.25000000E-001    -0.24435481E-004
    -0.24750000E-001    -0.28041136E-004
    -0.24500000E-001    -0.32138734E-004
    -0.24250000E-001    -0.36789213E-004
    -0.24000000E-001    -0.42061106E-004
    -0.23750000E-001    -0.48030850E-004
    -0.23500000E-001    -0.54782360E-004
    -0.23250000E-001    -0.62408592E-004
    -0.23000000E-001    -0.71012203E-004
    -0.22750000E-001    -0.80706768E-004
    -0.22500000E-001    -0.91616713E-004
    -0.22250000E-001    -0.10387370E-003
    -0.22000000E-001    -0.11762179E-003
    -0.21750000E-001    -0.13302172E-003
    -0.21500000E-001    -0.15024954E-003
    -0.21250000E-001    -0.16949985E-003
    -0.21000000E-001    -0.19098417E-003
    -0.20750000E-001    -0.21493005E-003
    -0.20500000E-001    -0.24158442E-003
    -0.20250000E-001    -0.27121503E-003
    -0.20000000E-001    -0.30410993E-003
    -0.19750000E-001    -0.34057557E-003
    -0.19500000E-001    -0.38094198E-003
    -0.19250000E-001    -0.42556598E-003
    -0.19000000E-001    -0.47483465E-003
    -0.18750000E-001    -0.52917357E-003
    -0.18500000E-001    -0.58903533E-003
    -0.18250000E-001    -0.65489389E-003
    -0.18000000E-001    -0.72725517E-003
    -0.17750000E-001    -0.80666117E-003
    -0.17500000E-001    -0.89369037E-003
    -0.17250000E-001    -0.98893033E-003
    -0.17000000E-001    -0.10929767E-002
    -0.16750000E-001    -0.12064721E-002
    -0.16500000E-001    -0.13301074E-002
    -0.16250000E-001    -0.14646188E-002
    -0.16000000E-001    -0.16107882E-002
    -0.15750000E-001    -0.17694229E-002
    -0.15500000E-001    -0.19413548E-002
    -0.15250000E-001    -0.21274475E-002
    -0.15000000E-001    -0.23285963E-002
    -0.14750000E-001    -0.25456991E-002
    -0.14500000E-001    -0.27796681E-002
    -0.14250000E-001    -0.30314528E-002
    -0.14000000E-001    -0.33020303E-002
    -0.13750000E-001    -0.35924654E-002
    -0.13500000E-001    -0.39038774E-002
    -0.13250000E-001    -0.42373405E-002
    -0.13000000E-001    -0.45939242E-002
    -0.12750000E-001    -0.49747128E-002
    -0.12500000E-001    -0.53808227E-002
    -0.12250000E-001    -0.58133754E-002
    -0.12000000E-001    -0.62732419E-002
    -0.11750000E-001    -0.67612520E-002
    -0.11500000E-001    -0.72784056E-002
    -0.11250000E-001    -0.78256775E-002
    -0.11000000E-001    -0.84040999E-002
    -0.10750000E-001    -0.90146779E-002
    -0.10500000E-001    -0.96582783E-002
    -0.10250000E-001    -0.10335714E-001
    -0.10000000E-001    -0.11047737E-001
    -0.97500000E-002    -0.11795003E-001
    -0.95000000E-002    -0.12577974E-001
    -0.92500000E-002    -0.13397025E-001
    -0.90000000E-002    -0.14252497E-001
    -0.87500000E-002    -0.15144693E-001
    -0.85000000E-002    -0.16074125E-001
    -0.82500000E-002    -0.17041158E-001
    -0.80000000E-002    -0.18045761E-001
    -0.77500000E-002    -0.19087792E-001
    -0.75000000E-002    -0.20167031E-001
    -0.72500000E-002    -0.21283168E-001
    -0.70000000E-002    -0.22435439E-001
    -0.67500000E-002    -0.23622479E-001
    -0.65000000E-002    -0.24843020E-001
    -0.62500000E-002    -0.26096025E-001
    -0.60000000E-002    -0.27380394E-001
    -0.57500000E-002    -0.28694995E-001
    -0.55000000E-002    -0.30038427E-001
    -0.52500000E-002    -0.31408965E-001
    -0.50000000E-002    -0.32804720E-001
    -0.47500000E-002    -0.34223638E-001
    -0.45000000E-002    -0.35663295E-001
    -0.42500000E-002    -0.37120972E-001
    -0.40000000E-002    -0.38593887E-001
    -0.37500000E-002    -0.40079169E-001
    -0.35000000E-002    -0.41574369E-001
    -0.32500000E-002    -0.43077291E-001
    -0.30000000E-002    -0.44585104E-001
    -0.27500000E-002    -0.46094562E-001
    -0.25000000E-002    -0.47602364E-001
    -0.22500000E-002    -0.49105250E-001
    -0.20000000E-002    -0.50599907E-001
    -0.17500000E-002    -0.52081783E-001
    -0.15000000E-002    -0.53546065E-001
    -0.12500000E-002    -0.54989085E-001
    -0.10000000E-002    -0.56407330E-001
    -0.75000000E-003    -0.57797535E-001
    -0.50000000E-003    -0.59156486E-001
    -0.25000000E-003    -0.60480562E-001
     0.00000000E+000    -0.61766110E-001
     0.25000000E-003    -0.63009532E-001
     0.50000000E-003    -0.64207264E-001
     0.75000000E-003    -0.65355371E-001
     0.10000000E-002    -0.66450030E-001
     0.12500000E-002    -0.67487747E-001
     0.15000000E-002    -0.68465246E-001
     0.17500000E-002    -0.69380665E-001
     0.20000000E-002    -0.70232236E-001
     0.22500000E-002    -0.71017171E-001
     0.25000000E-002    -0.71732891E-001
     0.27500000E-002    -0.72377148E-001
     0.30000000E-002    -0.72947970E-001
     0.32500000E-002    -0.73443180E-001
     0.35000000E-002    -0.73859859E-001
     0.37500000E-002    -0.74195837E-001
     0.40000000E-002    -0.74450238E-001
     0.42500000E-002    -0.74622496E-001
     0.45000000E-002    -0.74712416E-001
     0.47500000E-002    -0.74719875E-001
     0.50000000E-002    -0.74644631E-001
     0.52500000E-002    -0.74486684E-001
     0.55000000E-002    -0.74246274E-001
     0.57500000E-002    -0.73923662E-001
     0.60000000E-002    -0.73519145E-001
     0.62500000E-002    -0.73033368E-001
     0.65000000E-002    -0.72467314E-001
     0.67500000E-002    -0.71822796E-001
     0.70000000E-002    -0.71102409E-001
     0.72500000E-002    -0.70308336E-001
     0.75000000E-002    -0.69442396E-001
     0.77500000E-002    -0.68506641E-001
     0.80000000E-002    -0.67503387E-001
     0.82500000E-002    -0.66435133E-001
     0.85000000E-002    -0.65303964E-001
     0.87500000E-002    -0.64111985E-001
     0.90000000E-002    -0.62862118E-001
     0.92500000E-002    -0.61557587E-001
     0.95000000E-002    -0.60201767E-001
     0.97500000E-002    -0.58798106E-001
     0.10000000E-001    -0.57349893E-001
     0.10250000E-001    -0.55860399E-001
     0.10500000E-001    -0.54332940E-001
     0.10750000E-001    -0.52770864E-001
     0.11000000E-001    -0.51177338E-001
     0.11250000E-001    -0.49555545E-001
     0.11500000E-001    -0.47908805E-001
     0.11750000E-001    -0.46240444E-001
     0.12000000E-001    -0.44554282E-001
     0.12250000E-001    -0.42854079E-001
     0.12500000E-001    -0.41142992E-001
     0.12750000E-001    -0.39424099E-001
     0.13000000E-001    -0.37700469E-001
     0.13250000E-001    -0.35975107E-001
     0.13500000E-001    -0.34250952E-001
     0.13750000E-001    -0.32530899E-001
     0.14000000E-001    -0.30817804E-001
     0.14250000E-001    -0.29114398E-001
     0.14500000E-001    -0.27423305E-001
     0.14750000E-001    -0.25747051E-001
     0.15000000E-001    -0.24088033E-001
     0.15250000E-001    -0.22448531E-001
     0.15500000E-001    -0.20830714E-001
     0.15750000E-001    -0.19236640E-001
     0.16000000E-001    -0.17668235E-001
     0.16250000E-001    -0.16127295E-001
     0.16500000E-001    -0.14615537E-001
     0.16750000E-001    -0.13134615E-001
     0.17000000E-001    -0.11686078E-001
     0.17250000E-001    -0.10271357E-001
     0.17500000E-001    -0.88917117E-002
     0.17750000E-001    -0.75482368E-002
     0.18000000E-001    -0.62419252E-002
     0.18250000E-001    -0.49736567E-002
     0.18500000E-001    -0.37441989E-002
     0.18750000E-001    -0.25544379E-002
     0.19000000E-001    -0.14052957E-002
     0.19250000E-001    -0.29733154E-003
     0.19500000E-001     0.76915386E-003
     0.19750000E-001     0.17939567E-002
     0.20000000E-001     0.27769679E-002
     0.20250000E-001     0.37180933E-002
     0.20500000E-001     0.46172783E-002
     0.20750000E-001     0.54745501E-002
     0.21000000E-001     0.62900151E-002
     0.21250000E-001     0.70638391E-002
     0.21500000E-001     0.77962555E-002
     0.21750000E-001     0.84875480E-002
     0.22000000E-001     0.91380666E-002
     0.22250000E-001     0.97483113E-002
     0.22500000E-001     0.10318864E-001
     0.22750000E-001     0.10850311E-001
     0.23000000E-001     0.11343285E-001
     0.23250000E-001     0.11798473E-001
     0.23500000E-001     0.12216620E-001
     0.23750000E-001     0.12598503E-001
     0.24000000E-001     0.12944724E-001
     0.24250000E-001     0.13255966E-001
     0.24500000E-001     0.13533207E-001
     0.24750000E-001     0.13777449E-001
     0.25000000E-001     0.13989740E-001
     0.25250000E-001     0.14171141E-001
     0.25500000E-001     0.14322654E-001
     0.25750000E-001     0.14445301E-001
     0.26000000E-001     0.14540125E-001
     0.26250000E-001     0.14608174E-001
     0.26500000E-001     0.14650489E-001
     0.26750000E-001     0.14668132E-001
     0.27000000E-001     0.14662195E-001
     0.27250000E-001     0.14633791E-001
     0.27500000E-001     0.14584060E-001
     0.27750000E-001     0.14514132E-001
     0.28000000E-001     0.14425096E-001
     0.28250000E-001     0.14318038E-001
     0.28500000E-001     0.14194040E-001
     0.28750000E-001     0.14054176E-001
     0.29000000E-001     0.13899534E-001
     0.29250000E-001     0.13731231E-001
     0.29500000E-001     0.13550353E-001
     0.29750000E-001     0.13357919E-001
     0.30000000E-001     0.13154939E-001
     0.30250000E-001     0.12942406E-001
     0.30500000E-001     0.12721294E-001