-0.035 0
-0.03497 -7.49513e-10
-0.03494 -1.57024e-09
-0.0349101 -2.47047e-09
-0.0348801 -3.46958e-09
-0.0348501 -4.58451e-09
-0.0348201 -5.82444e-09
-0.0347901 -7.19379e-09
-0.0347602 -8.69592e-09
-0.0347302 -1.03368e-08
-0.0347002 -1.21271e-08
-0.0346702 -1.40807e-08
-0.0346402 -1.62129e-08
-0.0346103 -1.85372e-08
-0.0345803 -2.10644e-08
-0.0345503 -2.38028e-08
-0.0345203 -2.67598e-08
-0.0344904 -2.99437e-08
-0.0344604 -3.33646e-08
-0.0344304 -3.70334e-08
-0.0344004 -4.09613e-08
-0.0343704 -4.51586e-08
-0.0343405 -4.96339e-08
-0.0343105 -5.43947e-08
-0.0342805 -5.94474e-08
-0.0342505 -6.4798e-08
-0.0342205 -7.04519e-08
-0.0341906 -7.64134e-08
-0.0341606 -8.26854e-08
-0.0341306 -8.92688e-08
-0.0341006 -9.61628e-08
-0.0340706 -1.03365e-07
-0.0340407 -1.10874e-07
-0.0340107 -1.18684e-07
-0.0339807 -1.26792e-07
-0.0339507 -1.35192e-07
-0.0339207 -1.43874e-07
-0.0338908 -1.5283e-07
-0.0338608 -1.62047e-07
-0.0338308 -1.71513e-07
-0.0338008 -1.81216e-07
-0.0337709 -1.91142e-07
-0.0337409 -2.01278e-07
-0.0337109 -2.11612e-07
-0.0336809 -2.22129e-07
-0.0336509 -2.32815e-07
-0.033621 -2.43655e-07
-0.033591 -2.54637e-07
-0.033561 -2.65747e-07
-0.033531 -2.76974e-07
-0.033501 -2.8831e-07
-0.0334711 -2.99746e-07
-0.0334411 -3.11275e-07
-0.0334111 -3.22893e-07
-0.0333811 -3.34598e-07
-0.0333511 -3.46388e-07
-0.0333212 -3.58267e-07
-0.0332912 -3.7024e-07
-0.0332612 -3.82316e-07
-0.0332312 -3.94505e-07
-0.0332012 -4.0682e-07
-0.0331713 -4.19276e-07
-0.0331413 -4.31892e-07
-0.0331113 -4.44688e-07
-0.0330813 -4.57687e-07
-0.0330513 -4.70915e-07
-0.0330214 -4.84397e-07
-0.0329914 -4.98162e-07
-0.0329614 -5.12239e-07
-0.0329314 -5.26657e-07
-0.0329015 -5.41447e-07
-0.0328715 -5.5664e-07
-0.0328415 -5.72265e-07
-0.0328115 -5.88354e-07
-0.0327815 -6.04933e-07
-0.0327516 -6.2203e-07
-0.0327216 -6.3967e-07
-0.0326916 -6.57877e-07
-0.0326616 -6.76672e-07
-0.0326316 -6.96073e-07
-0.0326017 -7.16096e-07
-0.0325717 -7.36755e-07
-0.0325417 -7.58058e-07
-0.0325117 -7.80015e-07
-0.0324817 -8.02627e-07
-0.0324518 -8.25898e-07
-0.0324218 -8.49824e-07
-0.0323918 -8.74401e-07
-0.0323618 -8.99622e-07
-0.0323318 -9.25478e-07
-0.0323019 -9.51958e-07
-0.0322719 -9.79049e-07
-0.0322419 -1.00674e-06
-0.0322119 -1.03501e-06
-0.032182 -1.06386e-06
-0.032152 -1.09326e-06
-0.032122 -1.1232e-06
-0.032092 -1.15368e-06
-0.032062 -1.18466e-06
-0.0320321 -1.21616e-06
-0.0320021 -1.24816e-06
-0.0319721 -1.28065e-06
-0.0319421 -1.31364e-06
-0.0319121 -1.34712e-06
-0.0318822 -1.38109e-06
-0.0318522 -1.41557e-06
-0.0318222 -1.45057e-06
-0.0317922 -1.48609e-06
-0.0317622 -1.52216e-06
-0.0317323 -1.55879e-06
-0.0317023 -1.596e-06
-0.0316723 -1.63383e-06
-0.0316423 -1.67231e-06
-0.0316123 -1.71145e-06
-0.0315824 -1.75129e-06
-0.0315524 -1.79187e-06
-0.0315224 -1.83322e-06
-0.0314924 -1.87538e-06
-0.0314624 -1.91838e-06
-0.0314325 -1.96226e-06
-0.0314025 -2.00705e-06
-0.0313725 -2.05278e-06
-0.0313425 -2.0995e-06
-0.0313126 -2.14722e-06
-0.0312826 -2.19599e-06
-0.0312526 -2.24583e-06
-0.0312226 -2.29677e-06
-0.0311926 -2.34883e-06
-0.0311627 -2.40204e-06
-0.0311327 -2.45641e-06
-0.0311027 -2.51197e-06
-0.0310727 -2.56873e-06
-0.0310427 -2.62671e-06
-0.0310128 -2.68591e-06
-0.0309828 -2.74636e-06
-0.0309528 -2.80806e-06
-0.0309228 -2.87103e-06
-0.0308928 -2.93526e-06
-0.0308629 -3.00078e-06
-0.0308329 -3.06759e-06
-0.0308029 -3.13569e-06
-0.0307729 -3.20511e-06
-0.0307429 -3.27584e-06
-0.030713 -3.34791e-06
-0.030683 -3.42132e-06
-0.030653 -3.49609e-06
-0.030623 -3.57223e-06
-0.0305931 -3.64976e-06
-0.0305631 -3.72871e-06
-0.0305331 -3.80909e-06
-0.0305031 -3.89093e-06
-0.0304731 -3.97425e-06
-0.0304432 -4.05909e-06
-0.0304132 -4.14547e-06
-0.0303832 -4.23342e-06
-0.0303532 -4.32298e-06
-0.0303232 -4.4142e-06
-0.0302933 -4.50709e-06
-0.0302633 -4.60171e-06
-0.0302333 -4.69809e-06
-0.0302033 -4.79628e-06
-0.0301733 -4.89631e-06
-0.0301434 -4.99824e-06
-0.0301134 -5.1021e-06
-0.0300834 -5.20793e-06
-0.0300534 -5.31579e-06
-0.0300234 -5.42571e-06
-0.0299935 -5.53773e-06
-0.0299635 -5.6519e-06
-0.0299335 -5.76826e-06
-0.0299035 -5.88685e-06
-0.0298735 -6.0077e-06
-0.0298436 -6.13087e-06
-0.0298136 -6.25638e-06
-0.0297836 -6.38427e-06
-0.0297536 -6.51459e-06
-0.0297237 -6.64737e-06
-0.0296937 -6.78265e-06
-0.0296637 -6.92046e-06
-0.0296337 -7.06085e-06
-0.0296037 -7.20385e-06
-0.0295738 -7.3495e-06
-0.0295438 -7.49784e-06
-0.0295138 -7.64891e-06
-0.0294838 -7.80276e-06
-0.0294538 -7.95942e-06
-0.0294239 -8.11894e-06
-0.0293939 -8.28137e-06
-0.0293639 -8.44676e-06
-0.0293339 -8.61515e-06
-0.0293039 -8.7866e-06
-0.029274 -8.96116e-06
-0.029244 -9.13889e-06
-0.029214 -9.31983e-06
-0.029184 -9.50406e-06
-0.029154 -9.69164e-06
-0.0291241 -9.88261e-06
-0.0290941 -1.00771e-05
-0.0290641 -1.0275e-05
-0.0290341 -1.04766e-05
-0.0290042 -1.06819e-05
-0.0289742 -1.08908e-05
-0.0289442 -1.11036e-05
-0.0289142 -1.13203e-05
-0.0288842 -1.15409e-05
-0.0288543 -1.17655e-05
-0.0288243 -1.19942e-05
-0.0287943 -1.22271e-05
-0.0287643 -1.24642e-05
-0.0287343 -1.27056e-05
-0.0287044 -1.29513e-05
-0.0286744 -1.32015e-05
-0.0286444 -1.34563e-05
-0.0286144 -1.37156e-05
-0.0285844 -1.39796e-05
-0.0285545 -1.42483e-05
-0.0285245 -1.45218e-05
-0.0284945 -1.48003e-05
-0.0284645 -1.50836e-05
-0.0284345 -1.53721e-05
-0.0284046 -1.56656e-05
-0.0283746 -1.59644e-05
-0.0283446 -1.62684e-05
-0.0283146 -1.65778e-05
-0.0282846 -1.68927e-05
-0.0282547 -1.72131e-05
-0.0282247 -1.75391e-05
-0.0281947 -1.78708e-05
-0.0281647 -1.82084e-05
-0.0281348 -1.85518e-05
-0.0281048 -1.89013e-05
-0.0280748 -1.92569e-05
-0.0280448 -1.96187e-05
-0.0280148 -1.99868e-05
-0.0279849 -2.03613e-05
-0.0279549 -2.07423e-05
-0.0279249 -2.113e-05
-0.0278949 -2.15245e-05
-0.0278649 -2.19258e-05
-0.027835 -2.23341e-05
-0.027805 -2.27496e-05
-0.027775 -2.31722e-05
-0.027745 -2.36023e-05
-0.027715 -2.40398e-05
-0.0276851 -2.44849e-05
-0.0276551 -2.49378e-05
-0.0276251 -2.53986e-05
-0.0275951 -2.58673e-05
-0.0275651 -2.63442e-05
-0.0275352 -2.68294e-05
-0.0275052 -2.7323e-05
-0.0274752 -2.78251e-05
-0.0274452 -2.83359e-05
-0.0274153 -2.88555e-05
-0.0273853 -2.9384e-05
-0.0273553 -2.99216e-05
-0.0273253 -3.04685e-05
-0.0272953 -3.10248e-05
-0.0272654 -3.15905e-05
-0.0272354 -3.2166e-05
-0.0272054 -3.27512e-05
-0.0271754 -3.33465e-05
-0.0271454 -3.39519e-05
-0.0271155 -3.45675e-05
-0.0270855 -3.51936e-05
-0.0270555 -3.58303e-05
-0.0270255 -3.64778e-05
-0.0269955 -3.71362e-05
-0.0269656 -3.78058e-05
-0.0269356 -3.84866e-05
-0.0269056 -3.91789e-05
-0.0268756 -3.98829e-05
-0.0268456 -4.05987e-05
-0.0268157 -4.13265e-05
-0.0267857 -4.20665e-05
-0.0267557 -4.28189e-05
-0.0267257 -4.35839e-05
-0.0266957 -4.43617e-05
-0.0266658 -4.51525e-05
-0.0266358 -4.59564e-05
-0.0266058 -4.67738e-05
-0.0265758 -4.76048e-05
-0.0265459 -4.84496e-05
-0.0265159 -4.93084e-05
-0.0264859 -5.01815e-05
-0.0264559 -5.1069e-05
-0.0264259 -5.19713e-05
-0.026396 -5.28884e-05
-0.026366 -5.38208e-05
-0.026336 -5.47685e-05
-0.026306 -5.57319e-05
-0.026276 -5.67111e-05
-0.0262461 -5.77064e-05
-0.0262161 -5.87181e-05
-0.0261861 -5.97465e-05
-0.0261561 -6.07916e-05
-0.0261261 -6.1854e-05
-0.0260962 -6.29337e-05
-0.0260662 -6.40311e-05
-0.0260362 -6.51464e-05
-0.0260062 -6.62799e-05
-0.0259762 -6.74319e-05
-0.0259463 -6.86026e-05
-0.0259163 -6.97924e-05
-0.0258863 -7.10016e-05
-0.0258563 -7.22304e-05
-0.0258264 -7.34791e-05
-0.0257964 -7.4748e-05
-0.0257664 -7.60374e-05
-0.0257364 -7.73477e-05
-0.0257064 -7.86792e-05
-0.0256765 -8.00321e-05
-0.0256465 -8.14067e-05
-0.0256165 -8.28035e-05
-0.0255865 -8.42227e-05
-0.0255565 -8.56647e-05
-0.0255266 -8.71298e-05
-0.0254966 -8.86183e-05
-0.0254666 -9.01306e-05
-0.0254366 -9.1667e-05
-0.0254066 -9.3228e-05
-0.0253767 -9.48138e-05
-0.0253467 -9.64248e-05
-0.0253167 -9.80614e-05
-0.0252867 -9.9724e-05
-0.0252567 -0.000101413
-0.0252268 -0.000103129
-0.0251968 -0.000104871
-0.0251668 -0.000106642
-0.0251368 -0.00010844
-0.0251068 -0.000110267
-0.0250769 -0.000112122
-0.0250469 -0.000114006
-0.0250169 -0.000115921
-0.0249869 -0.000117865
-0.024957 -0.000119839
-0.024927 -0.000121845
-0.024897 -0.000123881
-0.024867 -0.00012595
-0.024837 -0.000128051
-0.0248071 -0.000130184
-0.0247771 -0.000132351
-0.0247471 -0.000134551
-0.0247171 -0.000136786
-0.0246871 -0.000139055
-0.0246572 -0.000141359
-0.0246272 -0.000143699
-0.0245972 -0.000146075
-0.0245672 -0.000148488
-0.0245372 -0.000150937
-0.0245073 -0.000153425
-0.0244773 -0.000155951
-0.0244473 -0.000158515
-0.0244173 -0.000161119
-0.0243873 -0.000163763
-0.0243574 -0.000166448
-0.0243274 -0.000169173
-0.0242974 -0.00017194
-0.0242674 -0.000174749
-0.0242375 -0.000177601
-0.0242075 -0.000180496
-0.0241775 -0.000183436
-0.0241475 -0.00018642
-0.0241175 -0.000189449
-0.0240876 -0.000192524
-0.0240576 -0.000195645
-0.0240276 -0.000198814
-0.0239976 -0.00020203
-0.0239676 -0.000205295
-0.0239377 -0.000208609
-0.0239077 -0.000211972
-0.0238777 -0.000215386
-0.0238477 -0.000218852
-0.0238177 -0.000222369
-0.0237878 -0.000225938
-0.0237578 -0.000229561
-0.0237278 -0.000233239
-0.0236978 -0.00023697
-0.0236678 -0.000240758
-0.0236379 -0.000244601
-0.0236079 -0.000248502
-0.0235779 -0.00025246
-0.0235479 -0.000256477
-0.0235179 -0.000260553
-0.023488 -0.00026469
-0.023458 -0.000268887
-0.023428 -0.000273146
-0.023398 -0.000277468
-0.0233681 -0.000281854
-0.0233381 -0.000286303
-0.0233081 -0.000290818
-0.0232781 -0.000295399
-0.0232481 -0.000300046
-0.0232182 -0.000304762
-0.0231882 -0.000309546
-0.0231582 -0.0003144
-0.0231282 -0.000319324
-0.0230982 -0.00032432
-0.0230683 -0.000329388
-0.0230383 -0.00033453
-0.0230083 -0.000339746
-0.0229783 -0.000345038
-0.0229483 -0.000350405
-0.0229184 -0.00035585
-0.0228884 -0.000361374
-0.0228584 -0.000366976
-0.0228284 -0.00037266
-0.0227984 -0.000378424
-0.0227685 -0.000384272
-0.0227385 -0.000390202
-0.0227085 -0.000396218
-0.0226785 -0.000402319
-0.0226486 -0.000408507
-0.0226186 -0.000414784
-0.0225886 -0.000421149
-0.0225586 -0.000427605
-0.0225286 -0.000434152
-0.0224987 -0.000440792
-0.0224687 -0.000447525
-0.0224387 -0.000454354
-0.0224087 -0.000461279
-0.0223787 -0.000468302
-0.0223488 -0.000475423
-0.0223188 -0.000482644
-0.0222888 -0.000489966
-0.0222588 -0.000497391
-0.0222288 -0.000504919
-0.0221989 -0.000512553
-0.0221689 -0.000520293
-0.0221389 -0.000528141
-0.0221089 -0.000536098
-0.0220789 -0.000544166
-0.022049 -0.000552345
-0.022019 -0.000560638
-0.021989 -0.000569045
-0.021959 -0.000577569
-0.021929 -0.00058621
-0.0218991 -0.00059497
-0.0218691 -0.000603851
-0.0218391 -0.000612854
-0.0218091 -0.00062198
-0.0217792 -0.000631231
-0.0217492 -0.000640609
-0.0217192 -0.000650115
-0.0216892 -0.000659751
-0.0216592 -0.000669518
-0.0216293 -0.000679418
-0.0215993 -0.000689453
-0.0215693 -0.000699624
-0.0215393 -0.000709932
-0.0215093 -0.00072038
-0.0214794 -0.00073097
-0.0214494 -0.000741702
-0.0214194 -0.000752579
-0.0213894 -0.000763603
-0.0213594 -0.000774774
-0.0213295 -0.000786096
-0.0212995 -0.000797569
-0.0212695 -0.000809196
-0.0212395 -0.000820979
-0.0212095 -0.000832918
-0.0211796 -0.000845017
-0.0211496 -0.000857277
-0.0211196 -0.0008697
-0.0210896 -0.000882288
-0.0210597 -0.000895042
-0.0210297 -0.000907966
-0.0209997 -0.00092106
-0.0209697 -0.000934327
-0.0209397 -0.000947769
-0.0209098 -0.000961389
-0.0208798 -0.000975187
-0.0208498 -0.000989166
-0.0208198 -0.00100333
-0.0207898 -0.00101768
-0.0207599 -0.00103221
-0.0207299 -0.00104694
-0.0206999 -0.00106185
-0.0206699 -0.00107696
-0.0206399 -0.00109227
-0.02061 -0.00110778
-0.02058 -0.00112349
-0.02055 -0.0011394
-0.02052 -0.00115551
-0.02049 -0.00117184
-0.0204601 -0.00118837
-0.0204301 -0.00120512
-0.0204001 -0.00122208
-0.0203701 -0.00123926
-0.0203401 -0.00125666
-0.0203102 -0.00127428
-0.0202802 -0.00129213
-0.0202502 -0.0013102
-0.0202202 -0.00132851
-0.0201903 -0.00134705
-0.0201603 -0.00136582
-0.0201303 -0.00138483
-0.0201003 -0.00140408
-0.0200703 -0.00142358
-0.0200404 -0.00144332
-0.0200104 -0.00146331
-0.0199804 -0.00148355
-0.0199504 -0.00150405
-0.0199204 -0.0015248
-0.0198905 -0.00154582
-0.0198605 -0.00156709
-0.0198305 -0.00158863
-0.0198005 -0.00161045
-0.0197705 -0.00163253
-0.0197406 -0.00165489
-0.0197106 -0.00167752
-0.0196806 -0.00170044
-0.0196506 -0.00172364
-0.0196206 -0.00174712
-0.0195907 -0.0017709
-0.0195607 -0.00179497
-0.0195307 -0.00181933
-0.0195007 -0.001844
-0.0194708 -0.00186896
-0.0194408 -0.00189424
-0.0194108 -0.00191982
-0.0193808 -0.00194571
-0.0193508 -0.00197192
-0.0193209 -0.00199845
-0.0192909 -0.0020253
-0.0192609 -0.00205248
-0.0192309 -0.00207999
-0.0192009 -0.00210783
-0.019171 -0.00213601
-0.019141 -0.00216452
-0.019111 -0.00219338
-0.019081 -0.00222259
-0.019051 -0.00225215
-0.0190211 -0.00228206
-0.0189911 -0.00231233
-0.0189611 -0.00234296
-0.0189311 -0.00237396
-0.0189011 -0.00240533
-0.0188712 -0.00243707
-0.0188412 -0.00246918
-0.0188112 -0.00250168
-0.0187812 -0.00253456
-0.0187512 -0.00256784
-0.0187213 -0.0026015
-0.0186913 -0.00263556
-0.0186613 -0.00267002
-0.0186313 -0.00270489
-0.0186014 -0.00274016
-0.0185714 -0.00277585
-0.0185414 -0.00281196
-0.0185114 -0.00284849
-0.0184814 -0.00288544
-0.0184515 -0.00292282
-0.0184215 -0.00296064
-0.0183915 -0.00299889
-0.0183615 -0.00303759
-0.0183315 -0.00307674
-0.0183016 -0.00311633
-0.0182716 -0.00315639
-0.0182416 -0.0031969
-0.0182116 -0.00323788
-0.0181816 -0.00327933
-0.0181517 -0.00332126
-0.0181217 -0.00336366
-0.0180917 -0.00340655
-0.0180617 -0.00344992
-0.0180317 -0.00349379
-0.0180018 -0.00353816
-0.0179718 -0.00358303
-0.0179418 -0.00362841
-0.0179118 -0.0036743
-0.0178819 -0.00372071
-0.0178519 -0.00376764
-0.0178219 -0.0038151
-0.0177919 -0.00386309
-0.0177619 -0.00391162
-0.017732 -0.00396069
-0.017702 -0.00401031
-0.017672 -0.00406049
-0.017642 -0.00411122
-0.017612 -0.00416251
-0.0175821 -0.00421438
-0.0175521 -0.00426681
-0.0175221 -0.00431983
-0.0174921 -0.00437344
-0.0174621 -0.00442763
-0.0174322 -0.00448242
-0.0174022 -0.00453781
-0.0173722 -0.00459381
-0.0173422 -0.00465042
-0.0173122 -0.00470765
-0.0172823 -0.00476551
-0.0172523 -0.00482399
-0.0172223 -0.00488311
-0.0171923 -0.00494287
-0.0171623 -0.00500328
-0.0171324 -0.00506434
-0.0171024 -0.00512606
-0.0170724 -0.00518845
-0.0170424 -0.00525151
-0.0170125 -0.00531524
-0.0169825 -0.00537966
-0.0169525 -0.00544476
-0.0169225 -0.00551056
-0.0168925 -0.00557707
-0.0168626 -0.00564428
-0.0168326 -0.0057122
-0.0168026 -0.00578085
-0.0167726 -0.00585022
-0.0167426 -0.00592032
-0.0167127 -0.00599117
-0.0166827 -0.00606276
-0.0166527 -0.0061351
-0.0166227 -0.0062082
-0.0165927 -0.00628207
-0.0165628 -0.00635671
-0.0165328 -0.00643213
-0.0165028 -0.00650834
-0.0164728 -0.00658533
-0.0164428 -0.00666313
-0.0164129 -0.00674173
-0.0163829 -0.00682115
-0.0163529 -0.00690139
-0.0163229 -0.00698245
-0.016293 -0.00706434
-0.016263 -0.00714708
-0.016233 -0.00723067
-0.016203 -0.00731511
-0.016173 -0.00740041
-0.0161431 -0.00748658
-0.0161131 -0.00757363
-0.0160831 -0.00766156
-0.0160531 -0.00775039
-0.0160231 -0.00784011
-0.0159932 -0.00793074
-0.0159632 -0.00802228
-0.0159332 -0.00811474
-0.0159032 -0.00820814
-0.0158732 -0.00830246
-0.0158433 -0.00839773
-0.0158133 -0.00849396
-0.0157833 -0.00859114
-0.0157533 -0.00868929
-0.0157233 -0.00878841
-0.0156934 -0.00888852
-0.0156634 -0.00898961
-0.0156334 -0.00909171
-0.0156034 -0.00919481
-0.0155734 -0.00929892
-0.0155435 -0.00940406
-0.0155135 -0.00951022
-0.0154835 -0.00961743
-0.0154535 -0.00972568
-0.0154236 -0.00983498
-0.0153936 -0.00994535
-0.0153636 -0.0100568
-0.0153336 -0.0101693
-0.0153036 -0.0102829
-0.0152737 -0.0103976
-0.0152437 -0.0105134
-0.0152137 -0.0106303
-0.0151837 -0.0107484
-0.0151537 -0.0108675
-0.0151238 -0.0109879
-0.0150938 -0.0111093
-0.0150638 -0.0112319
-0.0150338 -0.0113557
-0.0150038 -0.0114806
-0.0149739 -0.0116068
-0.0149439 -0.0117341
-0.0149139 -0.0118626
-0.0148839 -0.0119923
-0.0148539 -0.0121233
-0.014824 -0.0122555
-0.014794 -0.0123889
-0.014764 -0.0125235
-0.014734 -0.0126594
-0.0147041 -0.0127966
-0.0146741 -0.012935
-0.0146441 -0.0130747
-0.0146141 -0.0132157
-0.0145841 -0.013358
-0.0145542 -0.0135017
-0.0145242 -0.0136466
-0.0144942 -0.0137928
-0.0144642 -0.0139404
-0.0144342 -0.0140894
-0.0144043 -0.0142397
-0.0143743 -0.0143913
-0.0143443 -0.0145444
-0.0143143 -0.0146988
-0.0142843 -0.0148546
-0.0142544 -0.0150118
-0.0142244 -0.0151704
-0.0141944 -0.0153305
-0.0141644 -0.015492
-0.0141344 -0.0156549
-0.0141045 -0.0158193
-0.0140745 -0.0159851
-0.0140445 -0.0161524
-0.0140145 -0.0163212
-0.0139845 -0.0164915
-0.0139546 -0.0166633
-0.0139246 -0.0168366
-0.0138946 -0.0170114
-0.0138646 -0.0171877
-0.0138347 -0.0173656
-0.0138047 -0.017545
-0.0137747 -0.017726
-0.0137447 -0.0179086
-0.0137147 -0.0180927
-0.0136848 -0.0182785
-0.0136548 -0.0184658
-0.0136248 -0.0186548
-0.0135948 -0.0188453
-0.0135648 -0.0190375
-0.0135349 -0.0192314
-0.0135049 -0.0194269
-0.0134749 -0.0196241
-0.0134449 -0.0198229
-0.0134149 -0.0200234
-0.013385 -0.0202257
-0.013355 -0.0204296
-0.013325 -0.0206352
-0.013295 -0.0208426
-0.013265 -0.0210517
-0.0132351 -0.0212626
-0.0132051 -0.0214752
-0.0131751 -0.0216896
-0.0131451 -0.0219057
-0.0131152 -0.0221237
-0.0130852 -0.0223434
-0.0130552 -0.022565
-0.0130252 -0.0227884
-0.0129952 -0.0230136
-0.0129653 -0.0232407
-0.0129353 -0.0234696
-0.0129053 -0.0237004
-0.0128753 -0.023933
-0.0128453 -0.0241676
-0.0128154 -0.024404
-0.0127854 -0.0246424
-0.0127554 -0.0248826
-0.0127254 -0.0251248
-0.0126954 -0.025369
-0.0126655 -0.0256151
-0.0126355 -0.0258631
-0.0126055 -0.0261132
-0.0125755 -0.0263652
-0.0125455 -0.0266192
-0.0125156 -0.0268752
-0.0124856 -0.0271332
-0.0124556 -0.0273933
-0.0124256 -0.0276554
-0.0123956 -0.0279195
-0.0123657 -0.0281857
-0.0123357 -0.028454
-0.0123057 -0.0287244
-0.0122757 -0.0289969
-0.0122458 -0.0292714
-0.0122158 -0.0295481
-0.0121858 -0.0298269
-0.0121558 -0.0301078
-0.0121258 -0.0303909
-0.0120959 -0.0306762
-0.0120659 -0.0309636
-0.0120359 -0.0312532
-0.0120059 -0.031545
-0.0119759 -0.031839
-0.011946 -0.0321353
-0.011916 -0.0324337
-0.011886 -0.0327344
-0.011856 -0.0330373
-0.011826 -0.0333425
-0.0117961 -0.03365
-0.0117661 -0.0339597
-0.0117361 -0.0342717
-0.0117061 -0.0345861
-0.0116761 -0.0349027
-0.0116462 -0.0352217
-0.0116162 -0.035543
-0.0115862 -0.0358666
-0.0115562 -0.0361926
-0.0115263 -0.036521
-0.0114963 -0.0368518
-0.0114663 -0.0371849
-0.0114363 -0.0375205
-0.0114063 -0.0378584
-0.0113764 -0.0381988
-0.0113464 -0.0385416
-0.0113164 -0.0388868
-0.0112864 -0.0392346
-0.0112564 -0.0395847
-0.0112265 -0.0399374
-0.0111965 -0.0402925
-0.0111665 -0.0406501
-0.0111365 -0.0410103
-0.0111065 -0.0413729
-0.0110766 -0.0417381
-0.0110466 -0.0421058
-0.0110166 -0.0424761
-0.0109866 -0.0428489
-0.0109566 -0.0432243
-0.0109267 -0.0436023
-0.0108967 -0.0439829
-0.0108667 -0.0443661
-0.0108367 -0.0447519
-0.0108067 -0.0451403
-0.0107768 -0.0455313
-0.0107468 -0.045925
-0.0107168 -0.0463213
-0.0106868 -0.0467203
-0.0106569 -0.047122
-0.0106269 -0.0475264
-0.0105969 -0.0479334
-0.0105669 -0.0483432
-0.0105369 -0.0487556
-0.010507 -0.0491708
-0.010477 -0.0495887
-0.010447 -0.0500094
-0.010417 -0.0504328
-0.010387 -0.050859
-0.0103571 -0.0512879
-0.0103271 -0.0517197
-0.0102971 -0.0521542
-0.0102671 -0.0525915
-0.0102371 -0.0530316
-0.0102072 -0.0534746
-0.0101772 -0.0539204
-0.0101472 -0.054369
-0.0101172 -0.0548204
-0.0100872 -0.0552747
-0.0100573 -0.0557319
-0.0100273 -0.056192
-0.00999731 -0.0566549
-0.00996733 -0.0571207
-0.00993735 -0.0575895
-0.00990737 -0.0580611
-0.00987739 -0.0585357
-0.00984741 -0.0590132
-0.00981743 -0.0594936
-0.00978745 -0.059977
-0.00975748 -0.0604633
-0.0097275 -0.0609526
-0.00969752 -0.0614448
-0.00966754 -0.06194
-0.00963756 -0.0624382
-0.00960758 -0.0629395
-0.0095776 -0.0634437
-0.00954762 -0.0639509
-0.00951764 -0.0644611
-0.00948766 -0.0649744
-0.00945768 -0.0654907
-0.0094277 -0.06601
-0.00939772 -0.0665324
-0.00936774 -0.0670578
-0.00933777 -0.0675863
-0.00930779 -0.0681179
-0.00927781 -0.0686526
-0.00924783 -0.0691903
-0.00921785 -0.0697312
-0.00918787 -0.0702751
-0.00915789 -0.0708221
-0.00912791 -0.0713723
-0.00909793 -0.0719255
-0.00906795 -0.0724819
-0.00903797 -0.0730415
-0.00900799 -0.0736041
-0.00897801 -0.07417
-0.00894804 -0.0747389
-0.00891806 -0.075311
-0.00888808 -0.0758863
-0.0088581 -0.0764648
-0.00882812 -0.0770464
-0.00879814 -0.0776312
-0.00876816 -0.0782192
-0.00873818 -0.0788104
-0.0087082 -0.0794048
-0.00867822 -0.0800024
-0.00864824 -0.0806032
-0.00861826 -0.0812072
-0.00858828 -0.0818145
-0.00855831 -0.0824249
-0.00852833 -0.0830386
-0.00849835 -0.0836555
-0.00846837 -0.0842757
-0.00843839 -0.0848991
-0.00840841 -0.0855257
-0.00837843 -0.0861556
-0.00834845 -0.0867887
-0.00831847 -0.0874252
-0.00828849 -0.0880648
-0.00825851 -0.0887077
-0.00822853 -0.0893539
-0.00819855 -0.0900034
-0.00816858 -0.0906562
-0.0081386 -0.0913122
-0.00810862 -0.0919715
-0.00807864 -0.0926341
-0.00804866 -0.0933
-0.00801868 -0.0939691
-0.0079887 -0.0946416
-0.00795872 -0.0953174
-0.00792874 -0.0959964
-0.00789876 -0.0966788
-0.00786878 -0.0973644
-0.0078388 -0.0980534
-0.00780882 -0.0987456
-0.00777884 -0.0994412
-0.00774887 -0.10014
-0.00771889 -0.100842
-0.00768891 -0.101548
-0.00765893 -0.102257
-0.00762895 -0.102969
-0.00759897 -0.103684
-0.00756899 -0.104403
-0.00753901 -0.105125
-0.00750903 -0.10585
-0.00747905 -0.106579
-0.00744907 -0.107311
-0.00741909 -0.108046
-0.00738911 -0.108785
-0.00735914 -0.109527
-0.00732916 -0.110272
-0.00729918 -0.111021
-0.0072692 -0.111773
-0.00723922 -0.112528
-0.00720924 -0.113286
-0.00717926 -0.114048
-0.00714928 -0.114813
-0.0071193 -0.115582
-0.00708932 -0.116353
-0.00705934 -0.117128
-0.00702936 -0.117907
-0.00699938 -0.118688
-0.00696941 -0.119473
-0.00693943 -0.120262
-0.00690945 -0.121053
-0.00687947 -0.121848
-0.00684949 -0.122646
-0.00681951 -0.123447
-0.00678953 -0.124252
-0.00675955 -0.12506
-0.00672957 -0.125871
-0.00669959 -0.126685
-0.00666961 -0.127503
-0.00663963 -0.128324
-0.00660965 -0.129148
-0.00657967 -0.129975
-0.0065497 -0.130806
-0.00651972 -0.13164
-0.00648974 -0.132477
-0.00645976 -0.133317
-0.00642978 -0.134161
-0.0063998 -0.135008
-0.00636982 -0.135858
-0.00633984 -0.136711
-0.00630986 -0.137567
-0.00627988 -0.138427
-0.0062499 -0.139289
-0.00621992 -0.140155
-0.00618994 -0.141024
-0.00615997 -0.141897
-0.00612999 -0.142772
-0.00610001 -0.143651
-0.00607003 -0.144532
-0.00604005 -0.145417
-0.00601007 -0.146305
-0.00598009 -0.147196
-0.00595011 -0.14809
-0.00592013 -0.148987
-0.00589015 -0.149888
-0.00586017 -0.150791
-0.00583019 -0.151697
-0.00580021 -0.152607
-0.00577024 -0.153519
-0.00574026 -0.154435
-0.00571028 -0.155354
-0.0056803 -0.156275
-0.00565032 -0.1572
-0.00562034 -0.158128
-0.00559036 -0.159058
-0.00556038 -0.159992
-0.0055304 -0.160928
-0.00550042 -0.161868
-0.00547044 -0.16281
-0.00544046 -0.163756
-0.00541048 -0.164704
-0.00538051 -0.165655
-0.00535053 -0.166609
-0.00532055 -0.167566
-0.00529057 -0.168526
-0.00526059 -0.169488
-0.00523061 -0.170454
-0.00520063 -0.171422
-0.00517065 -0.172393
-0.00514067 -0.173367
-0.00511069 -0.174344
-0.00508071 -0.175323
-0.00505073 -0.176306
-0.00502075 -0.177291
-0.00499077 -0.178278
-0.0049608 -0.179269
-0.00493082 -0.180262
-0.00490084 -0.181257
-0.00487086 -0.182256
-0.00484088 -0.183257
-0.0048109 -0.184261
-0.00478092 -0.185267
-0.00475094 -0.186276
-0.00472096 -0.187287
-0.00469098 -0.188301
-0.004661 -0.189318
-0.00463102 -0.190337
-0.00460104 -0.191359
-0.00457107 -0.192383
-0.00454109 -0.193409
-0.00451111 -0.194438
-0.00448113 -0.19547
-0.00445115 -0.196504
-0.00442117 -0.19754
-0.00439119 -0.198579
-0.00436121 -0.19962
-0.00433123 -0.200663
-0.00430125 -0.201709
-0.00427127 -0.202757
-0.00424129 -0.203807
-0.00421131 -0.20486
-0.00418134 -0.205914
-0.00415136 -0.206971
-0.00412138 -0.208031
-0.0040914 -0.209092
-0.00406142 -0.210155
-0.00403144 -0.211221
-0.00400146 -0.212289
-0.00397148 -0.213359
-0.0039415 -0.214431
-0.00391152 -0.215505
-0.00388154 -0.216581
-0.00385156 -0.217659
-0.00382158 -0.218739
-0.00379161 -0.219821
-0.00376163 -0.220905
-0.00373165 -0.221991
-0.00370167 -0.223078
-0.00367169 -0.224168
-0.00364171 -0.225259
-0.00361173 -0.226352
-0.00358175 -0.227447
-0.00355177 -0.228544
-0.00352179 -0.229643
-0.00349181 -0.230743
-0.00346183 -0.231845
-0.00343185 -0.232948
-0.00340187 -0.234053
-0.0033719 -0.23516
-0.00334192 -0.236269
-0.00331194 -0.237379
-0.00328196 -0.23849
-0.00325198 -0.239603
-0.003222 -0.240718
-0.00319202 -0.241834
-0.00316204 -0.242951
-0.00313206 -0.24407
-0.00310208 -0.24519
-0.0030721 -0.246311
-0.00304212 -0.247434
-0.00301214 -0.248558
-0.00298217 -0.249683
-0.00295219 -0.25081
-0.00292221 -0.251938
-0.00289223 -0.253067
-0.00286225 -0.254197
-0.00283227 -0.255328
-0.00280229 -0.25646
-0.00277231 -0.257594
-0.00274233 -0.258728
-0.00271235 -0.259863
-0.00268237 -0.261
-0.00265239 -0.262137
-0.00262241 -0.263275
-0.00259244 -0.264414
-0.00256246 -0.265554
-0.00253248 -0.266695
-0.0025025 -0.267836
-0.00247252 -0.268978
-0.00244254 -0.270121
-0.00241256 -0.271265
-0.00238258 -0.272409
-0.0023526 -0.273554
-0.00232262 -0.2747
-0.00229264 -0.275846
-0.00226266 -0.276992
-0.00223268 -0.278139
-0.00220271 -0.279287
-0.00217273 -0.280435
-0.00214275 -0.281583
-0.00211277 -0.282732
-0.00208279 -0.283881
-0.00205281 -0.28503
-0.00202283 -0.28618
-0.00199285 -0.287329
-0.00196287 -0.288479
-0.00193289 -0.28963
-0.00190291 -0.29078
-0.00187293 -0.29193
-0.00184295 -0.293081
-0.00181297 -0.294231
-0.001783 -0.295382
-0.00175302 -0.296532
-0.00172304 -0.297682
-0.00169306 -0.298832
-0.00166308 -0.299982
-0.0016331 -0.301132
-0.00160312 -0.302282
-0.00157314 -0.303431
-0.00154316 -0.30458
-0.00151318 -0.305729
-0.0014832 -0.306877
-0.00145322 -0.308025
-0.00142324 -0.309172
-0.00139327 -0.310319
-0.00136329 -0.311466
-0.00133331 -0.312612
-0.00130333 -0.313757
-0.00127335 -0.314902
-0.00124337 -0.316046
-0.00121339 -0.317189
-0.00118341 -0.318332
-0.00115343 -0.319474
-0.00112345 -0.320615
-0.00109347 -0.321755
-0.00106349 -0.322894
-0.00103351 -0.324032
-0.00100354 -0.325169
-0.000973556 -0.326306
-0.000943577 -0.327441
-0.000913598 -0.328575
-0.000883618 -0.329708
-0.000853639 -0.33084
-0.00082366 -0.331971
-0.000793681 -0.3331
-0.000763701 -0.334229
-0.000733722 -0.335356
-0.000703743 -0.336481
-0.000673764 -0.337605
-0.000643784 -0.338728
-0.000613805 -0.339849
-0.000583826 -0.340969
-0.000553847 -0.342087
-0.000523867 -0.343204
-0.000493888 -0.344319
-0.000463909 -0.345432
-0.00043393 -0.346543
-0.00040395 -0.347653
-0.000373971 -0.348761
-0.000343992 -0.349867
-0.000314013 -0.350972
-0.000284033 -0.352074
-0.000254054 -0.353175
-0.000224075 -0.354273
-0.000194096 -0.35537
-0.000164116 -0.356464
-0.000134137 -0.357556
-0.000104158 -0.358646
-7.41786e-05 -0.359734
-4.41994e-05 -0.36082
-1.42202e-05 -0.361903
1.57591e-05 -0.362985
4.57383e-05 -0.364063
7.57176e-05 -0.36514
0.000105697 -0.366214
0.000135676 -0.367285
0.000165655 -0.368354
0.000195635 -0.369421
0.000225614 -0.370484
0.000255593 -0.371546
0.000285572 -0.372604
0.000315552 -0.37366
0.000345531 -0.374713
0.00037551 -0.375763
0.000405489 -0.37681
0.000435469 -0.377855
0.000465448 -0.378896
0.000495427 -0.379935
0.000525406 -0.380971
0.000555386 -0.382003
0.000585365 -0.383033
0.000615344 -0.384059
0.000645323 -0.385082
0.000675302 -0.386102
0.000705282 -0.387119
0.000735261 -0.388132
0.00076524 -0.389142
0.000795219 -0.390149
0.000825199 -0.391153
0.000855178 -0.392152
0.000885157 -0.393149
0.000915136 -0.394142
0.000945116 -0.395131
0.000975095 -0.396116
0.00100507 -0.397098
0.00103505 -0.398077
0.00106503 -0.399051
0.00109501 -0.400022
0.00112499 -0.400989
0.00115497 -0.401952
0.00118495 -0.402911
0.00121493 -0.403867
0.00124491 -0.404818
0.00127489 -0.405765
0.00130487 -0.406708
0.00133485 -0.407647
0.00136483 -0.408582
0.0013948 -0.409513
0.00142478 -0.41044
0.00145476 -0.411362
0.00148474 -0.41228
0.00151472 -0.413193
0.0015447 -0.414103
0.00157468 -0.415007
0.00160466 -0.415908
0.00163464 -0.416804
0.00166462 -0.417695
0.0016946 -0.418582
0.00172458 -0.419464
0.00175456 -0.420341
0.00178453 -0.421214
0.00181451 -0.422082
0.00184449 -0.422945
0.00187447 -0.423804
0.00190445 -0.424657
0.00193443 -0.425506
0.00196441 -0.42635
0.00199439 -0.427189
0.00202437 -0.428022
0.00205435 -0.428851
0.00208433 -0.429675
0.00211431 -0.430493
0.00214429 -0.431307
0.00217426 -0.432115
0.00220424 -0.432918
0.00223422 -0.433715
0.0022642 -0.434508
0.00229418 -0.435295
0.00232416 -0.436076
0.00235414 -0.436852
0.00238412 -0.437623
0.0024141 -0.438388
0.00244408 -0.439148
0.00247406 -0.439902
0.00250404 -0.44065
0.00253402 -0.441393
0.00256399 -0.44213
0.00259397 -0.442862
0.00262395 -0.443588
0.00265393 -0.444307
0.00268391 -0.445021
0.00271389 -0.44573
0.00274387 -0.446432
0.00277385 -0.447128
0.00280383 -0.447819
0.00283381 -0.448503
0.00286379 -0.449181
0.00289377 -0.449854
0.00292375 -0.45052
0.00295373 -0.45118
0.0029837 -0.451834
0.00301368 -0.452481
0.00304366 -0.453123
0.00307364 -0.453758
0.00310362 -0.454387
0.0031336 -0.455009
0.00316358 -0.455625
0.00319356 -0.456235
0.00322354 -0.456838
0.00325352 -0.457435
0.0032835 -0.458025
0.00331348 -0.458608
0.00334346 -0.459186
0.00337343 -0.459756
0.00340341 -0.46032
0.00343339 -0.460877
0.00346337 -0.461427
0.00349335 -0.461971
0.00352333 -0.462508
0.00355331 -0.463038
0.00358329 -0.463562
0.00361327 -0.464078
0.00364325 -0.464588
0.00367323 -0.46509
0.00370321 -0.465586
0.00373319 -0.466075
0.00376316 -0.466556
0.00379314 -0.467031
0.00382312 -0.467499
0.0038531 -0.467959
0.00388308 -0.468413
0.00391306 -0.468859
0.00394304 -0.469298
0.00397302 -0.46973
0.004003 -0.470154
0.00403298 -0.470572
0.00406296 -0.470982
0.00409294 -0.471384
0.00412292 -0.47178
0.0041529 -0.472168
0.00418287 -0.472548
0.00421285 -0.472922
0.00424283 -0.473287
0.00427281 -0.473645
0.00430279 -0.473996
0.00433277 -0.474339
0.00436275 -0.474675
0.00439273 -0.475003
0.00442271 -0.475324
0.00445269 -0.475636
0.00448267 -0.475941
0.00451265 -0.476239
0.00454263 -0.476529
0.0045726 -0.476811
0.00460258 -0.477085
0.00463256 -0.477352
0.00466254 -0.47761
0.00469252 -0.477861
0.0047225 -0.478104
0.00475248 -0.47834
0.00478246 -0.478567
0.00481244 -0.478786
0.00484242 -0.478998
0.0048724 -0.479201
0.00490238 -0.479397
0.00493236 -0.479584
0.00496233 -0.479764
0.00499231 -0.479936
0.00502229 -0.480099
0.00505227 -0.480255
0.00508225 -0.480402
0.00511223 -0.480541
0.00514221 -0.480672
0.00517219 -0.480795
0.00520217 -0.48091
0.00523215 -0.481016
0.00526213 -0.481115
0.00529211 -0.481205
0.00532209 -0.481287
0.00535206 -0.481361
0.00538204 -0.481426
0.00541202 -0.481483
0.005442 -0.481532
0.00547198 -0.481573
0.00550196 -0.481605
0.00553194 -0.481629
0.00556192 -0.481644
0.0055919 -0.481651
0.00562188 -0.48165
0.00565186 -0.48164
0.00568184 -0.481622
0.00571182 -0.481596
0.0057418 -0.481561
0.00577177 -0.481517
0.00580175 -0.481465
0.00583173 -0.481405
0.00586171 -0.481336
0.00589169 -0.481259
0.00592167 -0.481173
0.00595165 -0.481078
0.00598163 -0.480975
0.00601161 -0.480864
0.00604159 -0.480743
0.00607157 -0.480615
0.00610155 -0.480477
0.00613153 -0.480331
0.0061615 -0.480177
0.00619148 -0.480014
0.00622146 -0.479842
0.00625144 -0.479662
0.00628142 -0.479473
0.0063114 -0.479275
0.00634138 -0.479069
0.00637136 -0.478854
0.00640134 -0.47863
0.00643132 -0.478398
0.0064613 -0.478157
0.00649128 -0.477907
0.00652126 -0.477649
0.00655123 -0.477381
0.00658121 -0.477106
0.00661119 -0.476821
0.00664117 -0.476528
0.00667115 -0.476226
0.00670113 -0.475915
0.00673111 -0.475596
0.00676109 -0.475268
0.00679107 -0.474931
0.00682105 -0.474585
0.00685103 -0.474231
0.00688101 -0.473867
0.00691099 -0.473495
0.00694096 -0.473115
0.00697094 -0.472725
0.00700092 -0.472327
0.0070309 -0.47192
0.00706088 -0.471505
0.00709086 -0.47108
0.00712084 -0.470647
0.00715082 -0.470205
0.0071808 -0.469754
0.00721078 -0.469295
0.00724076 -0.468827
0.00727074 -0.46835
0.00730072 -0.467864
0.0073307 -0.46737
0.00736067 -0.466866
0.00739065 -0.466354
0.00742063 -0.465834
0.00745061 -0.465304
0.00748059 -0.464766
0.00751057 -0.464219
0.00754055 -0.463663
0.00757053 -0.463099
0.00760051 -0.462526
0.00763049 -0.461944
0.00766047 -0.461354
0.00769045 -0.460754
0.00772043 -0.460146
0.0077504 -0.45953
0.00778038 -0.458904
0.00781036 -0.45827
0.00784034 -0.457628
0.00787032 -0.456976
0.0079003 -0.456316
0.00793028 -0.455648
0.00796026 -0.45497
0.00799024 -0.454284
0.00802022 -0.45359
0.0080502 -0.452887
0.00808018 -0.452175
0.00811016 -0.451454
0.00814013 -0.450725
0.00817011 -0.449988
0.00820009 -0.449241
0.00823007 -0.448487
0.00826005 -0.447723
0.00829003 -0.446952
0.00832001 -0.446171
0.00834999 -0.445382
0.00837997 -0.444585
0.00840995 -0.443779
0.00843993 -0.442965
0.00846991 -0.442142
0.00849989 -0.44131
0.00852986 -0.440471
0.00855984 -0.439622
0.00858982 -0.438766
0.0086198 -0.437901
0.00864978 -0.437027
0.00867976 -0.436145
0.00870974 -0.435255
0.00873972 -0.434357
0.0087697 -0.43345
0.00879968 -0.432535
0.00882966 -0.431611
0.00885964 -0.43068
0.00888962 -0.42974
0.0089196 -0.428791
0.00894957 -0.427835
0.00897955 -0.42687
0.00900953 -0.425897
0.00903951 -0.424916
0.00906949 -0.423927
0.00909947 -0.42293
0.00912945 -0.421924
0.00915943 -0.42091
0.00918941 -0.419889
0.00921939 -0.418859
0.00924937 -0.417821
0.00927935 -0.416775
0.00930933 -0.415721
0.0093393 -0.41466
0.00936928 -0.41359
0.00939926 -0.412512
0.00942924 -0.411426
0.00945922 -0.410333
0.0094892 -0.409231
0.00951918 -0.408122
0.00954916 -0.407005
0.00957914 -0.40588
0.00960912 -0.404747
0.0096391 -0.403606
0.00966908 -0.402458
0.00969906 -0.401302
0.00972903 -0.400138
0.00975901 -0.398966
0.00978899 -0.397787
0.00981897 -0.396601
0.00984895 -0.395406
0.00987893 -0.394204
0.00990891 -0.392995
0.00993889 -0.391778
0.00996887 -0.390553
0.00999885 -0.389321
0.0100288 -0.388082
0.0100588 -0.386835
0.0100888 -0.385581
0.0101188 -0.384319
0.0101487 -0.38305
0.0101787 -0.381774
0.0102087 -0.38049
0.0102387 -0.379199
0.0102687 -0.377901
0.0102986 -0.376596
0.0103286 -0.375283
0.0103586 -0.373964
0.0103886 -0.372637
0.0104186 -0.371303
0.0104485 -0.369962
0.0104785 -0.368614
0.0105085 -0.367259
0.0105385 -0.365897
0.0105685 -0.364528
0.0105984 -0.363152
0.0106284 -0.36177
0.0106584 -0.36038
0.0106884 -0.358984
0.0107183 -0.35758
0.0107483 -0.35617
0.0107783 -0.354754
0.0108083 -0.35333
0.0108383 -0.3519
0.0108682 -0.350464
0.0108982 -0.34902
0.0109282 -0.34757
0.0109582 -0.346114
0.0109882 -0.344651
0.0110181 -0.343182
0.0110481 -0.341706
0.0110781 -0.340223
0.0111081 -0.338735
0.0111381 -0.33724
0.011168 -0.335739
0.011198 -0.334231
0.011228 -0.332717
0.011258 -0.331197
0.011288 -0.329671
0.0113179 -0.328139
0.0113479 -0.3266
0.0113779 -0.325056
0.0114079 -0.323506
0.0114379 -0.321949
0.0114678 -0.320387
0.0114978 -0.318818
0.0115278 -0.317244
0.0115578 -0.315664
0.0115877 -0.314078
0.0116177 -0.312487
0.0116477 -0.310889
0.0116777 -0.309286
0.0117077 -0.307678
0.0117376 -0.306063
0.0117676 -0.304443
0.0117976 -0.302818
0.0118276 -0.301187
0.0118576 -0.29955
0.0118875 -0.297909
0.0119175 -0.296261
0.0119475 -0.294609
0.0119775 -0.292951
0.0120075 -0.291287
0.0120374 -0.289619
0.0120674 -0.287945
0.0120974 -0.286267
0.0121274 -0.284583
0.0121574 -0.282894
0.0121873 -0.2812
0.0122173 -0.2795
0.0122473 -0.277796
0.0122773 -0.276088
0.0123072 -0.274374
0.0123372 -0.272655
0.0123672 -0.270932
0.0123972 -0.269203
0.0124272 -0.26747
0.0124571 -0.265733
0.0124871 -0.263991
0.0125171 -0.262244
0.0125471 -0.260492
0.0125771 -0.258737
0.012607 -0.256976
0.012637 -0.255212
0.012667 -0.253442
0.012697 -0.251669
0.012727 -0.249891
0.0127569 -0.248109
0.0127869 -0.246323
0.0128169 -0.244532
0.0128469 -0.242738
0.0128769 -0.240939
0.0129068 -0.239137
0.0129368 -0.23733
0.0129668 -0.235519
0.0129968 -0.233705
0.0130268 -0.231887
0.0130567 -0.230064
0.0130867 -0.228238
0.0131167 -0.226409
0.0131467 -0.224575
0.0131766 -0.222738
0.0132066 -0.220898
0.0132366 -0.219053
0.0132666 -0.217206
0.0132966 -0.215355
0.0133265 -0.2135
0.0133565 -0.211642
0.0133865 -0.209781
0.0134165 -0.207916
0.0134465 -0.206048
0.0134764 -0.204177
0.0135064 -0.202303
0.0135364 -0.200426
0.0135664 -0.198545
0.0135964 -0.196662
0.0136263 -0.194776
0.0136563 -0.192887
0.0136863 -0.190994
0.0137163 -0.1891
0.0137463 -0.187202
0.0137762 -0.185301
0.0138062 -0.183398
0.0138362 -0.181492
0.0138662 -0.179584
0.0138961 -0.177673
0.0139261 -0.175759
0.0139561 -0.173844
0.0139861 -0.171925
0.0140161 -0.170005
0.014046 -0.168081
0.014076 -0.166156
0.014106 -0.164229
0.014136 -0.162299
0.014166 -0.160367
0.0141959 -0.158433
0.0142259 -0.156497
0.0142559 -0.154559
0.0142859 -0.152619
0.0143159 -0.150678
0.0143458 -0.148734
0.0143758 -0.146789
0.0144058 -0.144842
0.0144358 -0.142893
0.0144658 -0.140942
0.0144957 -0.13899
0.0145257 -0.137036
0.0145557 -0.135081
0.0145857 -0.133124
0.0146157 -0.131166
0.0146456 -0.129207
0.0146756 -0.127246
0.0147056 -0.125284
0.0147356 -0.123321
0.0147655 -0.121357
0.0147955 -0.119391
0.0148255 -0.117424
0.0148555 -0.115457
0.0148855 -0.113488
0.0149154 -0.111518
0.0149454 -0.109548
0.0149754 -0.107577
0.0150054 -0.105605
0.0150354 -0.103632
0.0150653 -0.101658
0.0150953 -0.0996842
0.0151253 -0.0977095
0.0151553 -0.0957342
0.0151853 -0.0937585
0.0152152 -0.0917822
0.0152452 -0.0898056
0.0152752 -0.0878287
0.0153052 -0.0858514
0.0153352 -0.0838739
0.0153651 -0.0818962
0.0153951 -0.0799184
0.0154251 -0.0779404
0.0154551 -0.0759624
0.015485 -0.0739844
0.015515 -0.0720065
0.015545 -0.0700286
0.015575 -0.0680509
0.015605 -0.0660733
0.0156349 -0.064096
0.0156649 -0.062119
0.0156949 -0.0601424
0.0157249 -0.0581661
0.0157549 -0.0561902
0.0157848 -0.0542149
0.0158148 -0.0522401
0.0158448 -0.0502658
0.0158748 -0.0482922
0.0159048 -0.0463193
0.0159347 -0.0443471
0.0159647 -0.0423757
0.0159947 -0.0404051
0.0160247 -0.0384354
0.0160547 -0.0364666
0.0160846 -0.0344989
0.0161146 -0.0325321
0.0161446 -0.0305664
0.0161746 -0.0286018
0.0162046 -0.0266384
0.0162345 -0.0246762
0.0162645 -0.0227153
0.0162945 -0.0207557
0.0163245 -0.0187975
0.0163544 -0.0168407
0.0163844 -0.0148854
0.0164144 -0.0129316
0.0164444 -0.0109793
0.0164744 -0.00902866
0.0165043 -0.00707968
0.0165343 -0.0051324
0.0165643 -0.00318689
0.0165943 -0.00124318
0.0166243 0.000698669
0.0166542 0.00263861
0.0166842 0.00457661
0.0167142 0.0065126
0.0167442 0.00844654
0.0167742 0.0103784
0.0168041 0.0123081
0.0168341 0.0142356
0.0168641 0.0161608
0.0168941 0.0180838
0.0169241 0.0200044
0.016954 0.0219227
0.016984 0.0238385
0.017014 0.0257518
0.017044 0.0276626
0.0170739 0.0295708
0.0171039 0.0314763
0.0171339 0.0333792
0.0171639 0.0352794
0.0171939 0.0371768
0.0172238 0.0390714
0.0172538 0.0409631
0.0172838 0.0428519
0.0173138 0.0447377
0.0173438 0.0466205
0.0173737 0.0485003
0.0174037 0.0503769
0.0174337 0.0522504
0.0174637 0.0541207
0.0174937 0.0559878
0.0175236 0.0578516
0.0175536 0.059712
0.0175836 0.061569
0.0176136 0.0634226
0.0176436 0.0652727
0.0176735 0.0671193
0.0177035 0.0689623
0.0177335 0.0708017
0.0177635 0.0726374
0.0177935 0.0744694
0.0178234 0.0762977
0.0178534 0.0781221
0.0178834 0.0799427
0.0179134 0.0817594
0.0179433 0.0835721
0.0179733 0.0853808
0.0180033 0.0871855
0.0180333 0.0889862
0.0180633 0.0907827
0.0180932 0.092575
0.0181232 0.0943631
0.0181532 0.0961469
0.0181832 0.0979264
0.0182132 0.0997016
0.0182431 0.101472
0.0182731 0.103239
0.0183031 0.105
0.0183331 0.106758
0.0183631 0.10851
0.018393 0.110258
0.018423 0.112002
0.018453 0.113741
0.018483 0.115475
0.018513 0.117204
0.0185429 0.118928
0.0185729 0.120647
0.0186029 0.122362
0.0186329 0.124071
0.0186628 0.125776
0.0186928 0.127475
0.0187228 0.129169
0.0187528 0.130858
0.0187828 0.132542
0.0188127 0.134221
0.0188427 0.135894
0.0188727 0.137562
0.0189027 0.139225
0.0189327 0.140882
0.0189626 0.142534
0.0189926 0.144181
0.0190226 0.145821
0.0190526 0.147457
0.0190826 0.149086
0.0191125 0.15071
0.0191425 0.152328
0.0191725 0.153941
0.0192025 0.155547
0.0192325 0.157148
0.0192624 0.158743
0.0192924 0.160332
0.0193224 0.161915
0.0193524 0.163493
0.0193824 0.165064
0.0194123 0.166629
0.0194423 0.168188
0.0194723 0.16974
0.0195023 0.171287
0.0195322 0.172827
0.0195622 0.174361
0.0195922 0.175889
0.0196222 0.17741
0.0196522 0.178925
0.0196821 0.180434
0.0197121 0.181936
0.0197421 0.183431
0.0197721 0.18492
0.0198021 0.186403
0.019832 0.187878
0.019862 0.189347
0.019892 0.19081
0.019922 0.192265
0.019952 0.193714
0.0199819 0.195156
0.0200119 0.196592
0.0200419 0.19802
0.0200719 0.199441
0.0201019 0.200856
0.0201318 0.202263
0.0201618 0.203663
0.0201918 0.205057
0.0202218 0.206443
0.0202518 0.207822
0.0202817 0.209194
0.0203117 0.210558
0.0203417 0.211916
0.0203717 0.213266
0.0204016 0.214608
0.0204316 0.215944
0.0204616 0.217272
0.0204916 0.218592
0.0205216 0.219905
0.0205515 0.221211
0.0205815 0.222509
0.0206115 0.223799
0.0206415 0.225082
0.0206715 0.226357
0.0207014 0.227625
0.0207314 0.228885
0.0207614 0.230137
0.0207914 0.231381
0.0208214 0.232618
0.0208513 0.233846
0.0208813 0.235067
0.0209113 0.23628
0.0209413 0.237485
0.0209713 0.238682
0.0210012 0.239871
0.0210312 0.241052
0.0210612 0.242225
0.0210912 0.24339
0.0211211 0.244547
0.0211511 0.245695
0.0211811 0.246836
0.0212111 0.247968
0.0212411 0.249092
0.021271 0.250208
0.021301 0.251315
0.021331 0.252414
0.021361 0.253505
0.021391 0.254587
0.0214209 0.255661
0.0214509 0.256726
0.0214809 0.257783
0.0215109 0.258832
0.0215409 0.259872
0.0215708 0.260903
0.0216008 0.261926
0.0216308 0.26294
0.0216608 0.263946
0.0216908 0.264943
0.0217207 0.265931
0.0217507 0.26691
0.0217807 0.267881
0.0218107 0.268843
0.0218407 0.269796
0.0218706 0.27074
0.0219006 0.271676
0.0219306 0.272603
0.0219606 0.27352
0.0219905 0.274429
0.0220205 0.275329
0.0220505 0.27622
0.0220805 0.277102
0.0221105 0.277975
0.0221404 0.278839
0.0221704 0.279693
0.0222004 0.280539
0.0222304 0.281376
0.0222604 0.282203
0.0222903 0.283022
0.0223203 0.283831
0.0223503 0.284631
0.0223803 0.285421
0.0224103 0.286203
0.0224402 0.286975
0.0224702 0.287738
0.0225002 0.288492
0.0225302 0.289236
0.0225602 0.289971
0.0225901 0.290697
0.0226201 0.291413
0.0226501 0.29212
0.0226801 0.292817
0.02271 0.293505
0.02274 0.294184
0.02277 0.294853
0.0228 0.295512
0.02283 0.296162
0.0228599 0.296803
0.0228899 0.297434
0.0229199 0.298055
0.0229499 0.298667
0.0229799 0.299269
0.0230098 0.299862
0.0230398 0.300445
0.0230698 0.301018
0.0230998 0.301582
0.0231298 0.302136
0.0231597 0.30268
0.0231897 0.303215
0.0232197 0.30374
0.0232497 0.304255
0.0232797 0.304761
0.0233096 0.305256
0.0233396 0.305742
0.0233696 0.306218
0.0233996 0.306685
0.0234296 0.307141
0.0234595 0.307588
0.0234895 0.308025
0.0235195 0.308452
0.0235495 0.308869
0.0235794 0.309276
0.0236094 0.309673
0.0236394 0.310061
0.0236694 0.310438
0.0236994 0.310806
0.0237293 0.311164
0.0237593 0.311512
0.0237893 0.31185
0.0238193 0.312178
0.0238493 0.312496
0.0238792 0.312804
0.0239092 0.313102
0.0239392 0.31339
0.0239692 0.313668
0.0239992 0.313936
0.0240291 0.314194
0.0240591 0.314442
0.0240891 0.31468
0.0241191 0.314908
0.0241491 0.315126
0.024179 0.315334
0.024209 0.315532
0.024239 0.315719
0.024269 0.315897
0.0242989 0.316065
0.0243289 0.316223
0.0243589 0.31637
0.0243889 0.316508
0.0244189 0.316635
0.0244488 0.316753
0.0244788 0.31686
0.0245088 0.316957
0.0245388 0.317044
0.0245688 0.317121
0.0245987 0.317188
0.0246287 0.317245
0.0246587 0.317292
0.0246887 0.317329
0.0247187 0.317355
0.0247486 0.317372
0.0247786 0.317378
0.0248086 0.317374
0.0248386 0.317361
0.0248686 0.317337
0.0248985 0.317303
0.0249285 0.317259
0.0249585 0.317205
0.0249885 0.31714
0.0250185 0.317066
0.0250484 0.316982
0.0250784 0.316887
0.0251084 0.316783
0.0251384 0.316668
0.0251683 0.316544
0.0251983 0.316409
0.0252283 0.316264
0.0252583 0.316109
0.0252883 0.315945
0.0253182 0.31577
0.0253482 0.315585
0.0253782 0.31539
0.0254082 0.315185
0.0254382 0.31497
0.0254681 0.314745
0.0254981 0.31451
0.0255281 0.314265
0.0255581 0.31401
0.0255881 0.313745
0.025618 0.31347
0.025648 0.313185
0.025678 0.31289
0.025708 0.312585
0.025738 0.312271
0.0257679 0.311946
0.0257979 0.311611
0.0258279 0.311267
0.0258579 0.310913
0.0258878 0.310548
0.0259178 0.310174
0.0259478 0.30979
0.0259778 0.309396
0.0260078 0.308993
0.0260377 0.308579
0.0260677 0.308156
0.0260977 0.307723
0.0261277 0.30728
0.0261577 0.306827
0.0261876 0.306365
0.0262176 0.305892
0.0262476 0.305411
0.0262776 0.304919
0.0263076 0.304418
0.0263375 0.303907
0.0263675 0.303386
0.0263975 0.302856
0.0264275 0.302316
0.0264575 0.301766
0.0264874 0.301207
0.0265174 0.300638
0.0265474 0.30006
0.0265774 0.299472
0.0266074 0.298875
0.0266373 0.298268
0.0266673 0.297651
0.0266973 0.297025
0.0267273 0.29639
0.0267572 0.295745
0.0267872 0.295091
0.0268172 0.294427
0.0268472 0.293754
0.0268772 0.293072
0.0269071 0.292381
0.0269371 0.29168
0.0269671 0.290969
0.0269971 0.29025
0.0270271 0.289521
0.027057 0.288783
0.027087 0.288036
0.027117 0.287279
0.027147 0.286514
0.027177 0.285739
0.0272069 0.284955
0.0272369 0.284163
0.0272669 0.283361
0.0272969 0.28255
0.0273269 0.28173
0.0273568 0.280901
0.0273868 0.280063
0.0274168 0.279216
0.0274468 0.27836
0.0274767 0.277496
0.0275067 0.276622
0.0275367 0.27574
0.0275667 0.274849
0.0275967 0.273949
0.0276266 0.27304
0.0276566 0.272123
0.0276866 0.271197
0.0277166 0.270263
0.0277466 0.269319
0.0277765 0.268367
0.0278065 0.267407
0.0278365 0.266438
0.0278665 0.26546
0.0278965 0.264475
0.0279264 0.26348
0.0279564 0.262477
0.0279864 0.261466
0.0280164 0.260447
0.0280464 0.259419
0.0280763 0.258382
0.0281063 0.257338
0.0281363 0.256285
0.0281663 0.255225
0.0281963 0.254156
0.0282262 0.253078
0.0282562 0.251993
0.0282862 0.2509
0.0283162 0.249799
0.0283461 0.24869
0.0283761 0.247572
0.0284061 0.246447
0.0284361 0.245314
0.0284661 0.244173
0.028496 0.243025
0.028526 0.241868
0.028556 0.240704
0.028586 0.239532
0.028616 0.238353
0.0286459 0.237165
0.0286759 0.235971
0.0287059 0.234768
0.0287359 0.233559
0.0287659 0.232341
0.0287958 0.231117
0.0288258 0.229884
0.0288558 0.228645
0.0288858 0.227398
0.0289158 0.226144
0.0289457 0.224883
0.0289757 0.223614
0.0290057 0.222339
0.0290357 0.221056
0.0290656 0.219766
0.0290956 0.218469
0.0291256 0.217165
0.0291556 0.215854
0.0291856 0.214537
0.0292155 0.213212
0.0292455 0.21188
0.0292755 0.210542
0.0293055 0.209197
0.0293355 0.207845
0.0293654 0.206487
0.0293954 0.205122
0.0294254 0.203751
0.0294554 0.202373
0.0294854 0.200988
0.0295153 0.199597
0.0295453 0.1982
0.0295753 0.196796
0.0296053 0.195386
0.0296353 0.19397
0.0296652 0.192547
0.0296952 0.191118
0.0297252 0.189684
0.0297552 0.188243
0.0297852 0.186796
0.0298151 0.185343
0.0298451 0.183884
0.0298751 0.182419
0.0299051 0.180949
0.029935 0.179472
0.029965 0.17799
0.029995 0.176503
0.030025 0.175009
0.030055 0.17351
0.0300849 0.172005
0.0301149 0.170495
0.0301449 0.16898
0.0301749 0.167459
0.0302049 0.165932
0.0302348 0.164401
0.0302648 0.162864
0.0302948 0.161322
0.0303248 0.159774
0.0303548 0.158222
0.0303847 0.156664
0.0304147 0.155102
0.0304447 0.153534
0.0304747 0.151962
0.0305047 0.150385
0.0305346 0.148803
0.0305646 0.147216
0.0305946 0.145624
0.0306246 0.144028
0.0306545 0.142427
0.0306845 0.140822
0.0307145 0.139212
0.0307445 0.137598
0.0307745 0.135979
0.0308044 0.134356
0.0308344 0.132729
0.0308644 0.131098
0.0308944 0.129462
0.0309244 0.127822
0.0309543 0.126178
0.0309843 0.12453
0.0310143 0.122878
0.0310443 0.121222
0.0310743 0.119563
0.0311042 0.117899
0.0311342 0.116232
0.0311642 0.114561
0.0311942 0.112886
0.0312242 0.111208
0.0312541 0.109526
0.0312841 0.107841
0.0313141 0.106153
0.0313441 0.104461
0.0313741 0.102765
0.031404 0.101067
0.031434 0.099365
0.031464 0.09766
0.031494 0.095952
0.0315239 0.094241
0.0315539 0.0925269
0.0315839 0.09081
0.0316139 0.0890902
0.0316439 0.0873675
0.0316738 0.0856421
0.0317038 0.083914
0.0317338 0.0821833
0.0317638 0.08045
0.0317938 0.0787142
0.0318237 0.0769759
0.0318537 0.0752351
0.0318837 0.073492
0.0319137 0.0717467
0.0319437 0.069999
0.0319736 0.0682492
0.0320036 0.0664973
0.0320336 0.0647433
0.0320636 0.0629873
0.0320936 0.0612293
0.0321235 0.0594695
0.0321535 0.0577078
0.0321835 0.0559443
0.0322135 0.0541791
0.0322434 0.0524122
0.0322734 0.0506437
0.0323034 0.0488737
0.0323334 0.0471022
0.0323634 0.0453293
0.0323933 0.043555
0.0324233 0.0417794
0.0324533 0.0400025
0.0324833 0.0382244
0.0325133 0.0364452
0.0325432 0.0346649
0.0325732 0.0328836
0.0326032 0.0311013
0.0326332 0.0293182
0.0326632 0.0275341
0.0326931 0.0257493
0.0327231 0.0239638
0.0327531 0.0221776
0.0327831 0.0203908
0.0328131 0.0186035
0.032843 0.0168156
0.032873 0.0150274
0.032903 0.0132387
0.032933 0.0114498
0.032963 0.00966058
0.0329929 0.00787119
0.0330229 0.00608166
0.0330529 0.00429205
0.0330829 0.00250243
0.0331128 0.000712858
0.0331428 -0.00107661
0.0331728 -0.00286593
0.0332028 -0.00465502
0.0332328 -0.00644383
0.0332627 -0.0082323
0.0332927 -0.0100204
0.0333227 -0.011808
0.0333527 -0.0135951
0.0333827 -0.0153816
0.0334126 -0.0171675
0.0334426 -0.0189527
0.0334726 -0.0207371
0.0335026 -0.0225207
0.0335326 -0.0243035
0.0335625 -0.0260853
0.0335925 -0.0278661
0.0336225 -0.0296459
0.0336525 -0.0314245
0.0336825 -0.033202
0.0337124 -0.0349783
0.0337424 -0.0367533
0.0337724 -0.038527
0.0338024 -0.0402992
0.0338323 -0.04207
0.0338623 -0.0438392
0.0338923 -0.0456069
0.0339223 -0.047373
0.0339523 -0.0491373
0.0339822 -0.0508999
0.0340122 -0.0526607
0.0340422 -0.0544196
0.0340722 -0.0561766
0.0341022 -0.0579316
0.0341321 -0.0596845
0.0341621 -0.0614353
0.0341921 -0.063184
0.0342221 -0.0649305
0.0342521 -0.0666747
0.034282 -0.0684165
0.034312 -0.070156
0.034342 -0.071893
0.034372 -0.0736275
0.034402 -0.0753594
0.0344319 -0.0770887
0.0344619 -0.0788153
0.0344919 -0.0805392
0.0345219 -0.0822603
0.0345519 -0.0839785
0.0345818 -0.0856939
0.0346118 -0.0874062
0.0346418 -0.0891156
0.0346718 -0.0908219
0.0347017 -0.092525
0.0347317 -0.0942249
0.0347617 -0.0959216
0.0347917 -0.097615
0.0348217 -0.099305
0.0348516 -0.100992
0.0348816 -0.102675
0.0349116 -0.104354
0.0349416 -0.10603
0.0349716 -0.107703
0.0350015 -0.109372
0.0350315 -0.111037
0.0350615 -0.112698
0.0350915 -0.114355
0.0351215 -0.116008
0.0351514 -0.117658
0.0351814 -0.119303
0.0352114 -0.120944
0.0352414 -0.122582
0.0352714 -0.124215
0.0353013 -0.125843
0.0353313 -0.127468
0.0353613 -0.129088
0.0353913 -0.130704
0.0354212 -0.132315
0.0354512 -0.133922
0.0354812 -0.135524
0.0355112 -0.137122
0.0355412 -0.138715
0.0355711 -0.140303
0.0356011 -0.141886
0.0356311 -0.143465
0.0356611 -0.145039
0.0356911 -0.146608
0.035721 -0.148172
0.035751 -0.149731
0.035781 -0.151284
0.035811 -0.152833
0.035841 -0.154377
0.0358709 -0.155915
0.0359009 -0.157448
0.0359309 -0.158976
0.0359609 -0.160498
0.0359909 -0.162015
0.0360208 -0.163526
0.0360508 -0.165032
0.0360808 -0.166532
0.0361108 -0.168027
0.0361408 -0.169516
0.0361707 -0.170999
0.0362007 -0.172477
0.0362307 -0.173948
0.0362607 -0.175414
0.0362906 -0.176874
0.0363206 -0.178328
0.0363506 -0.179776
0.0363806 -0.181218
0.0364106 -0.182654
0.0364405 -0.184083
0.0364705 -0.185507
0.0365005 -0.186924
0.0365305 -0.188335
0.0365605 -0.18974
0.0365904 -0.191138
0.0366204 -0.19253
0.0366504 -0.193915
0.0366804 -0.195294
0.0367104 -0.196666
0.0367403 -0.198032
0.0367703 -0.199391
0.0368003 -0.200743
0.0368303 -0.202089
0.0368603 -0.203428
0.0368902 -0.20476
0.0369202 -0.206085
0.0369502 -0.207403
0.0369802 -0.208714
0.0370101 -0.210019
0.0370401 -0.211316
0.0370701 -0.212606
0.0371001 -0.21389
0.0371301 -0.215166
0.03716 -0.216434
0.03719 -0.217696
0.03722 -0.21895
0.03725 -0.220197
0.03728 -0.221437
0.0373099 -0.222669
0.0373399 -0.223894
0.0373699 -0.225111
0.0373999 -0.226321
0.0374299 -0.227523
0.0374598 -0.228718
0.0374898 -0.229905
0.0375198 -0.231085
0.0375498 -0.232257
0.0375798 -0.233421
0.0376097 -0.234577
0.0376397 -0.235725
0.0376697 -0.236866
0.0376997 -0.237999
0.0377297 -0.239124
0.0377596 -0.240241
0.0377896 -0.24135
0.0378196 -0.24245
0.0378496 -0.243543
0.0378795 -0.244628
0.0379095 -0.245705
0.0379395 -0.246773
0.0379695 -0.247834
0.0379995 -0.248886
0.0380294 -0.24993
0.0380594 -0.250965
0.0380894 -0.251993
0.0381194 -0.253012
0.0381494 -0.254022
0.0381793 -0.255025
0.0382093 -0.256018
0.0382393 -0.257004
0.0382693 -0.257981
0.0382993 -0.258949
0.0383292 -0.259909
0.0383592 -0.26086
0.0383892 -0.261802
0.0384192 -0.262736
0.0384492 -0.263662
0.0384791 -0.264578
0.0385091 -0.265486
0.0385391 -0.266385
0.0385691 -0.267276
0.038599 -0.268157
0.038629 -0.26903
0.038659 -0.269894
0.038689 -0.270749
0.038719 -0.271595
0.0387489 -0.272432
0.0387789 -0.27326
0.0388089 -0.27408
0.0388389 -0.27489
0.0388689 -0.275691
0.0388988 -0.276483
0.0389288 -0.277266
0.0389588 -0.278041
0.0389888 -0.278805
0.0390188 -0.279561
0.0390487 -0.280308
0.0390787 -0.281045
0.0391087 -0.281774
0.0391387 -0.282493
0.0391687 -0.283203
0.0391986 -0.283903
0.0392286 -0.284594
0.0392586 -0.285276
0.0392886 -0.285949
0.0393186 -0.286612
0.0393485 -0.287267
0.0393785 -0.287911
0.0394085 -0.288546
0.0394385 -0.289172
0.0394684 -0.289789
0.0394984 -0.290396
0.0395284 -0.290993
0.0395584 -0.291581
0.0395884 -0.29216
0.0396183 -0.292729
0.0396483 -0.293289
0.0396783 -0.293839
0.0397083 -0.294379
0.0397383 -0.29491
0.0397682 -0.295432
0.0397982 -0.295943
0.0398282 -0.296446
0.0398582 -0.296938
0.0398882 -0.297421
0.0399181 -0.297895
0.0399481 -0.298358
0.0399781 -0.298813
0.0400081 -0.299257
0.0400381 -0.299692
0.040068 -0.300117
0.040098 -0.300532
0.040128 -0.300938
0.040158 -0.301334
0.0401879 -0.30172
0.0402179 -0.302097
0.0402479 -0.302463
0.0402779 -0.30282
0.0403079 -0.303168
0.0403378 -0.303505
0.0403678 -0.303833
0.0403978 -0.304151
0.0404278 -0.304459
0.0404578 -0.304758
0.0404877 -0.305046
0.0405177 -0.305325
0.0405477 -0.305594
0.0405777 -0.305854
0.0406077 -0.306103
0.0406376 -0.306343
0.0406676 -0.306573
0.0406976 -0.306793
0.0407276 -0.307003
0.0407576 -0.307203
0.0407875 -0.307394
0.0408175 -0.307575
0.0408475 -0.307746
0.0408775 -0.307907
0.0409075 -0.308058
0.0409374 -0.3082
0.0409674 -0.308331
0.0409974 -0.308453
0.0410274 -0.308565
0.0410573 -0.308667
0.0410873 -0.30876
0.0411173 -0.308842
0.0411473 -0.308915
0.0411773 -0.308978
0.0412072 -0.309031
0.0412372 -0.309074
0.0412672 -0.309108
0.0412972 -0.309132
0.0413272 -0.309146
0.0413571 -0.30915
0.0413871 -0.309144
0.0414171 -0.309129
0.0414471 -0.309103
0.0414771 -0.309068
0.041507 -0.309024
0.041537 -0.308969
0.041567 -0.308905
0.041597 -0.308831
0.041627 -0.308747
0.0416569 -0.308654
0.0416869 -0.308551
0.0417169 -0.308438
0.0417469 -0.308315
0.0417768 -0.308183
0.0418068 -0.308041
0.0418368 -0.30789
0.0418668 -0.307728
0.0418968 -0.307557
0.0419267 -0.307377
0.0419567 -0.307187
0.0419867 -0.306987
0.0420167 -0.306777
0.0420467 -0.306558
0.0420766 -0.30633
0.0421066 -0.306092
0.0421366 -0.305844
0.0421666 -0.305587
0.0421966 -0.30532
0.0422265 -0.305044
0.0422565 -0.304758
0.0422865 -0.304463
0.0423165 -0.304158
0.0423465 -0.303843
0.0423764 -0.30352
0.0424064 -0.303187
0.0424364 -0.302844
0.0424664 -0.302492
0.0424964 -0.302131
0.0425263 -0.30176
0.0425563 -0.30138
0.0425863 -0.300991
0.0426163 -0.300592
0.0426462 -0.300184
0.0426762 -0.299767
0.0427062 -0.299341
0.0427362 -0.298905
0.0427662 -0.29846
0.0427961 -0.298006
0.0428261 -0.297543
0.0428561 -0.29707
0.0428861 -0.296588
0.0429161 -0.296098
0.042946 -0.295598
0.042976 -0.295089
0.043006 -0.294571
0.043036 -0.294044
0.043066 -0.293508
0.0430959 -0.292963
0.0431259 -0.292409
0.0431559 -0.291846
0.0431859 -0.291274
0.0432159 -0.290694
0.0432458 -0.290104
0.0432758 -0.289506
0.0433058 -0.288898
0.0433358 -0.288282
0.0433657 -0.287657
0.0433957 -0.287024
0.0434257 -0.286381
0.0434557 -0.28573
0.0434857 -0.285071
0.0435156 -0.284402
0.0435456 -0.283725
0.0435756 -0.28304
0.0436056 -0.282346
0.0436356 -0.281643
0.0436655 -0.280932
0.0436955 -0.280212
0.0437255 -0.279484
0.0437555 -0.278747
0.0437855 -0.278002
0.0438154 -0.277249
0.0438454 -0.276487
0.0438754 -0.275717
0.0439054 -0.274939
0.0439354 -0.274152
0.0439653 -0.273357
0.0439953 -0.272554
0.0440253 -0.271743
0.0440553 -0.270924
0.0440853 -0.270096
0.0441152 -0.269261
0.0441452 -0.268417
0.0441752 -0.267565
0.0442052 -0.266706
0.0442351 -0.265838
0.0442651 -0.264963
0.0442951 -0.264079
0.0443251 -0.263188
0.0443551 -0.262289
0.044385 -0.261382
0.044415 -0.260468
0.044445 -0.259545
0.044475 -0.258615
0.044505 -0.257678
0.0445349 -0.256732
0.0445649 -0.25578
0.0445949 -0.254819
0.0446249 -0.253851
0.0446549 -0.252876
0.0446848 -0.251893
0.0447148 -0.250902
0.0447448 -0.249905
0.0447748 -0.2489
0.0448048 -0.247887
0.0448347 -0.246868
0.0448647 -0.245841
0.0448947 -0.244807
0.0449247 -0.243765
0.0449546 -0.242717
0.0449846 -0.241661
