-0.035 0
-0.03497 -1.01223e-09
-0.03494 -2.12741e-09
-0.0349101 -3.35696e-09
-0.0348801 -4.72612e-09
-0.0348501 -6.25707e-09
-0.0348201 -7.96225e-09
-0.0347901 -9.84817e-09
-0.0347602 -1.19199e-08
-0.0347302 -1.41854e-08
-0.0347002 -1.66583e-08
-0.0346702 -1.93564e-08
-0.0346402 -2.22988e-08
-0.0346103 -2.55026e-08
-0.0345803 -2.89811e-08
-0.0345503 -3.27444e-08
-0.0345203 -3.6801e-08
-0.0344904 -4.11602e-08
-0.0344604 -4.58327e-08
-0.0344304 -5.08305e-08
-0.0344004 -5.61656e-08
-0.0343704 -6.18487e-08
-0.0343405 -6.78884e-08
-0.0343105 -7.42914e-08
-0.0342805 -8.10627e-08
-0.0342505 -8.82064e-08
-0.0342205 -9.57254e-08
-0.0341906 -1.03622e-07
-0.0341606 -1.11895e-07
-0.0341306 -1.20542e-07
-0.0341006 -1.2956e-07
-0.0340706 -1.38942e-07
-0.0340407 -1.48682e-07
-0.0340107 -1.58769e-07
-0.0339807 -1.69196e-07
-0.0339507 -1.79952e-07
-0.0339207 -1.91024e-07
-0.0338908 -2.02398e-07
-0.0338608 -2.14058e-07
-0.0338308 -2.25988e-07
-0.0338008 -2.38171e-07
-0.0337709 -2.50591e-07
-0.0337409 -2.63232e-07
-0.0337109 -2.76079e-07
-0.0336809 -2.89118e-07
-0.0336509 -3.02335e-07
-0.033621 -3.15716e-07
-0.033591 -3.29249e-07
-0.033561 -3.42923e-07
-0.033531 -3.56731e-07
-0.033501 -3.70668e-07
-0.0334711 -3.8473e-07
-0.0334411 -3.98919e-07
-0.0334111 -4.13237e-07
-0.0333811 -4.2769e-07
-0.0333511 -4.42285e-07
-0.0333212 -4.57036e-07
-0.0332912 -4.71958e-07
-0.0332612 -4.87069e-07
-0.0332312 -5.02391e-07
-0.0332012 -5.17948e-07
-0.0331713 -5.33766e-07
-0.0331413 -5.49873e-07
-0.0331113 -5.66302e-07
-0.0330813 -5.83083e-07
-0.0330513 -6.00252e-07
-0.0330214 -6.17842e-07
-0.0329914 -6.35888e-07
-0.0329614 -6.54424e-07
-0.0329314 -6.73485e-07
-0.0329015 -6.93103e-07
-0.0328715 -7.13312e-07
-0.0328415 -7.34141e-07
-0.0328115 -7.55618e-07
-0.0327815 -7.77769e-07
-0.0327516 -8.00614e-07
-0.0327216 -8.24174e-07
-0.0326916 -8.48465e-07
-0.0326616 -8.735e-07
-0.0326316 -8.99288e-07
-0.0326017 -9.25834e-07
-0.0325717 -9.53141e-07
-0.0325417 -9.81207e-07
-0.0325117 -1.01003e-06
-0.0324817 -1.0396e-06
-0.0324518 -1.06991e-06
-0.0324218 -1.10095e-06
-0.0323918 -1.1327e-06
-0.0323618 -1.16515e-06
-0.0323318 -1.19829e-06
-0.0323019 -1.23209e-06
-0.0322719 -1.26654e-06
-0.0322419 -1.30163e-06
-0.0322119 -1.33735e-06
-0.032182 -1.37368e-06
-0.032152 -1.41061e-06
-0.032122 -1.44814e-06
-0.032092 -1.48626e-06
-0.032062 -1.52497e-06
-0.0320321 -1.56428e-06
-0.0320021 -1.6042e-06
-0.0319721 -1.64472e-06
-0.0319421 -1.68587e-06
-0.0319121 -1.72767e-06
-0.0318822 -1.77014e-06
-0.0318522 -1.81329e-06
-0.0318222 -1.85716e-06
-0.0317922 -1.90179e-06
-0.0317622 -1.9472e-06
-0.0317323 -1.99342e-06
-0.0317023 -2.04051e-06
-0.0316723 -2.08849e-06
-0.0316423 -2.1374e-06
-0.0316123 -2.18729e-06
-0.0315824 -2.2382e-06
-0.0315524 -2.29016e-06
-0.0315224 -2.34322e-06
-0.0314924 -2.39741e-06
-0.0314624 -2.45278e-06
-0.0314325 -2.50934e-06
-0.0314025 -2.56715e-06
-0.0313725 -2.62623e-06
-0.0313425 -2.6866e-06
-0.0313126 -2.7483e-06
-0.0312826 -2.81135e-06
-0.0312526 -2.87577e-06
-0.0312226 -2.94158e-06
-0.0311926 -3.0088e-06
-0.0311627 -3.07744e-06
-0.0311327 -3.14751e-06
-0.0311027 -3.21904e-06
-0.0310727 -3.29203e-06
-0.0310427 -3.36649e-06
-0.0310128 -3.44243e-06
-0.0309828 -3.51986e-06
-0.0309528 -3.5988e-06
-0.0309228 -3.67925e-06
-0.0308928 -3.76123e-06
-0.0308629 -3.84475e-06
-0.0308329 -3.92983e-06
-0.0308029 -4.01648e-06
-0.0307729 -4.10472e-06
-0.0307429 -4.19457e-06
-0.030713 -4.28607e-06
-0.030683 -4.37923e-06
-0.030653 -4.47408e-06
-0.030623 -4.57065e-06
-0.0305931 -4.66898e-06
-0.0305631 -4.7691e-06
-0.0305331 -4.87105e-06
-0.0305031 -4.97486e-06
-0.0304731 -5.0806e-06
-0.0304432 -5.18828e-06
-0.0304132 -5.29797e-06
-0.0303832 -5.40971e-06
-0.0303532 -5.52354e-06
-0.0303232 -5.63952e-06
-0.0302933 -5.7577e-06
-0.0302633 -5.87812e-06
-0.0302333 -6.00083e-06
-0.0302033 -6.1259e-06
-0.0301733 -6.25337e-06
-0.0301434 -6.38328e-06
-0.0301134 -6.5157e-06
-0.0300834 -6.65067e-06
-0.0300534 -6.78824e-06
-0.0300234 -6.92846e-06
-0.0299935 -7.07137e-06
-0.0299635 -7.21703e-06
-0.0299335 -7.36548e-06
-0.0299035 -7.51676e-06
-0.0298735 -7.67091e-06
-0.0298436 -7.82799e-06
-0.0298136 -7.98804e-06
-0.0297836 -8.1511e-06
-0.0297536 -8.31722e-06
-0.0297237 -8.48644e-06
-0.0296937 -8.65882e-06
-0.0296637 -8.83438e-06
-0.0296337 -9.0132e-06
-0.0296037 -9.1953e-06
-0.0295738 -9.38076e-06
-0.0295438 -9.56961e-06
-0.0295138 -9.76192e-06
-0.0294838 -9.95774e-06
-0.0294538 -1.01571e-05
-0.0294239 -1.03602e-05
-0.0293939 -1.05669e-05
-0.0293639 -1.07773e-05
-0.0293339 -1.09916e-05
-0.0293039 -1.12098e-05
-0.029274 -1.14319e-05
-0.029244 -1.16581e-05
-0.029214 -1.18883e-05
-0.029184 -1.21227e-05
-0.029154 -1.23614e-05
-0.0291241 -1.26044e-05
-0.0290941 -1.28519e-05
-0.0290641 -1.31038e-05
-0.0290341 -1.33602e-05
-0.0290042 -1.36214e-05
-0.0289742 -1.38873e-05
-0.0289442 -1.41579e-05
-0.0289142 -1.44336e-05
-0.0288842 -1.47142e-05
-0.0288543 -1.49999e-05
-0.0288243 -1.52907e-05
-0.0287943 -1.55868e-05
-0.0287643 -1.58883e-05
-0.0287343 -1.61953e-05
-0.0287044 -1.65077e-05
-0.0286744 -1.68258e-05
-0.0286444 -1.71496e-05
-0.0286144 -1.74793e-05
-0.0285844 -1.78148e-05
-0.0285545 -1.81564e-05
-0.0285245 -1.85041e-05
-0.0284945 -1.8858e-05
-0.0284645 -1.92181e-05
-0.0284345 -1.95848e-05
-0.0284046 -1.99579e-05
-0.0283746 -2.03376e-05
-0.0283446 -2.07241e-05
-0.0283146 -2.11174e-05
-0.0282846 -2.15176e-05
-0.0282547 -2.19249e-05
-0.0282247 -2.23394e-05
-0.0281947 -2.27612e-05
-0.0281647 -2.31904e-05
-0.0281348 -2.36271e-05
-0.0281048 -2.40715e-05
-0.0280748 -2.45236e-05
-0.0280448 -2.49837e-05
-0.0280148 -2.54518e-05
-0.0279849 -2.5928e-05
-0.0279549 -2.64126e-05
-0.0279249 -2.69056e-05
-0.0278949 -2.74072e-05
-0.0278649 -2.79175e-05
-0.027835 -2.84367e-05
-0.027805 -2.8965e-05
-0.027775 -2.95024e-05
-0.027745 -3.00491e-05
-0.027715 -3.06053e-05
-0.0276851 -3.11712e-05
-0.0276551 -3.17469e-05
-0.0276251 -3.23325e-05
-0.0275951 -3.29283e-05
-0.0275651 -3.35344e-05
-0.0275352 -3.41509e-05
-0.0275052 -3.47781e-05
-0.0274752 -3.54161e-05
-0.0274452 -3.60651e-05
-0.0274153 -3.67252e-05
-0.0273853 -3.73967e-05
-0.0273553 -3.80796e-05
-0.0273253 -3.87743e-05
-0.0272953 -3.94809e-05
-0.0272654 -4.01995e-05
-0.0272354 -4.09303e-05
-0.0272054 -4.16737e-05
-0.0271754 -4.24296e-05
-0.0271454 -4.31985e-05
-0.0271155 -4.39803e-05
-0.0270855 -4.47754e-05
-0.0270555 -4.5584e-05
-0.0270255 -4.64063e-05
-0.0269955 -4.72424e-05
-0.0269656 -4.80927e-05
-0.0269356 -4.89573e-05
-0.0269056 -4.98365e-05
-0.0268756 -5.07304e-05
-0.0268456 -5.16394e-05
-0.0268157 -5.25636e-05
-0.0267857 -5.35033e-05
-0.0267557 -5.44588e-05
-0.0267257 -5.54302e-05
-0.0266957 -5.64179e-05
-0.0266658 -5.7422e-05
-0.0266358 -5.84429e-05
-0.0266058 -5.94808e-05
-0.0265758 -6.05359e-05
-0.0265459 -6.16086e-05
-0.0265159 -6.2699e-05
-0.0264859 -6.38076e-05
-0.0264559 -6.49345e-05
-0.0264259 -6.608e-05
-0.026396 -6.72444e-05
-0.026366 -6.84281e-05
-0.026336 -6.96312e-05
-0.026306 -7.08542e-05
-0.026276 -7.20972e-05
-0.0262461 -7.33607e-05
-0.0262161 -7.4645e-05
-0.0261861 -7.59503e-05
-0.0261561 -7.72769e-05
-0.0261261 -7.86253e-05
-0.0260962 -7.99957e-05
-0.0260662 -8.13885e-05
-0.0260362 -8.2804e-05
-0.0260062 -8.42426e-05
-0.0259762 -8.57047e-05
-0.0259463 -8.71904e-05
-0.0259163 -8.87004e-05
-0.0258863 -9.02348e-05
-0.0258563 -9.17941e-05
-0.0258264 -9.33786e-05
-0.0257964 -9.49887e-05
-0.0257664 -9.66249e-05
-0.0257364 -9.82875e-05
-0.0257064 -9.99768e-05
-0.0256765 -0.000101693
-0.0256465 -0.000103437
-0.0256165 -0.00010521
-0.0255865 -0.00010701
-0.0255565 -0.00010884
-0.0255266 -0.000110698
-0.0254966 -0.000112586
-0.0254666 -0.000114505
-0.0254366 -0.000116454
-0.0254066 -0.000118434
-0.0253767 -0.000120446
-0.0253467 -0.000122489
-0.0253167 -0.000124565
-0.0252867 -0.000126674
-0.0252567 -0.000128816
-0.0252268 -0.000130992
-0.0251968 -0.000133202
-0.0251668 -0.000135447
-0.0251368 -0.000137728
-0.0251068 -0.000140044
-0.0250769 -0.000142397
-0.0250469 -0.000144787
-0.0250169 -0.000147214
-0.0249869 -0.000149679
-0.024957 -0.000152183
-0.024927 -0.000154726
-0.024897 -0.000157308
-0.024867 -0.000159931
-0.024837 -0.000162595
-0.0248071 -0.0001653
-0.0247771 -0.000168047
-0.0247471 -0.000170837
-0.0247171 -0.00017367
-0.0246871 -0.000176546
-0.0246572 -0.000179468
-0.0246272 -0.000182434
-0.0245972 -0.000185446
-0.0245672 -0.000188505
-0.0245372 -0.000191611
-0.0245073 -0.000194764
-0.0244773 -0.000197966
-0.0244473 -0.000201217
-0.0244173 -0.000204518
-0.0243873 -0.000207869
-0.0243574 -0.000211271
-0.0243274 -0.000214725
-0.0242974 -0.000218232
-0.0242674 -0.000221792
-0.0242375 -0.000225407
-0.0242075 -0.000229076
-0.0241775 -0.000232801
-0.0241475 -0.000236582
-0.0241175 -0.00024042
-0.0240876 -0.000244316
-0.0240576 -0.000248271
-0.0240276 -0.000252286
-0.0239976 -0.000256361
-0.0239676 -0.000260497
-0.0239377 -0.000264695
-0.0239077 -0.000268957
-0.0238777 -0.000273282
-0.0238477 -0.000277672
-0.0238177 -0.000282127
-0.0237878 -0.000286649
-0.0237578 -0.000291238
-0.0237278 -0.000295896
-0.0236978 -0.000300622
-0.0236678 -0.000305419
-0.0236379 -0.000310288
-0.0236079 -0.000315228
-0.0235779 -0.000320241
-0.0235479 -0.000325329
-0.0235179 -0.000330491
-0.023488 -0.00033573
-0.023458 -0.000341045
-0.023428 -0.000346439
-0.023398 -0.000351912
-0.0233681 -0.000357465
-0.0233381 -0.000363099
-0.0233081 -0.000368816
-0.0232781 -0.000374616
-0.0232481 -0.000380501
-0.0232182 -0.000386472
-0.0231882 -0.000392529
-0.0231582 -0.000398674
-0.0231282 -0.000404908
-0.0230982 -0.000411233
-0.0230683 -0.000417649
-0.0230383 -0.000424158
-0.0230083 -0.000430761
-0.0229783 -0.000437459
-0.0229483 -0.000444254
-0.0229184 -0.000451146
-0.0228884 -0.000458137
-0.0228584 -0.000465228
-0.0228284 -0.000472421
-0.0227984 -0.000479717
-0.0227685 -0.000487117
-0.0227385 -0.000494623
-0.0227085 -0.000502236
-0.0226785 -0.000509957
-0.0226486 -0.000517788
-0.0226186 -0.00052573
-0.0225886 -0.000533784
-0.0225586 -0.000541953
-0.0225286 -0.000550237
-0.0224987 -0.000558638
-0.0224687 -0.000567157
-0.0224387 -0.000575797
-0.0224087 -0.000584558
-0.0223787 -0.000593442
-0.0223488 -0.000602451
-0.0223188 -0.000611586
-0.0222888 -0.000620849
-0.0222588 -0.000630241
-0.0222288 -0.000639764
-0.0221989 -0.00064942
-0.0221689 -0.000659211
-0.0221389 -0.000669137
-0.0221089 -0.000679201
-0.0220789 -0.000689405
-0.022049 -0.000699749
-0.022019 -0.000710237
-0.021989 -0.00072087
-0.021959 -0.000731649
-0.021929 -0.000742576
-0.0218991 -0.000753654
-0.0218691 -0.000764884
-0.0218391 -0.000776268
-0.0218091 -0.000787807
-0.0217792 -0.000799505
-0.0217492 -0.000811362
-0.0217192 -0.000823381
-0.0216892 -0.000835563
-0.0216592 -0.000847911
-0.0216293 -0.000860427
-0.0215993 -0.000873112
-0.0215693 -0.000885969
-0.0215393 -0.000899001
-0.0215093 -0.000912208
-0.0214794 -0.000925593
-0.0214494 -0.000939158
-0.0214194 -0.000952906
-0.0213894 -0.000966838
-0.0213594 -0.000980957
-0.0213295 -0.000995266
-0.0212995 -0.00100977
-0.0212695 -0.00102446
-0.0212395 -0.00103935
-0.0212095 -0.00105444
-0.0211796 -0.00106972
-0.0211496 -0.00108522
-0.0211196 -0.00110091
-0.0210896 -0.00111682
-0.0210597 -0.00113293
-0.0210297 -0.00114926
-0.0209997 -0.0011658
-0.0209697 -0.00118256
-0.0209397 -0.00119955
-0.0209098 -0.00121675
-0.0208798 -0.00123418
-0.0208498 -0.00125184
-0.0208198 -0.00126973
-0.0207898 -0.00128785
-0.0207599 -0.00130621
-0.0207299 -0.00132481
-0.0206999 -0.00134365
-0.0206699 -0.00136273
-0.0206399 -0.00138207
-0.02061 -0.00140165
-0.02058 -0.00142148
-0.02055 -0.00144158
-0.02052 -0.00146193
-0.02049 -0.00148254
-0.0204601 -0.00150342
-0.0204301 -0.00152456
-0.0204001 -0.00154598
-0.0203701 -0.00156767
-0.0203401 -0.00158964
-0.0203102 -0.00161188
-0.0202802 -0.00163441
-0.0202502 -0.00165723
-0.0202202 -0.00168034
-0.0201903 -0.00170374
-0.0201603 -0.00172744
-0.0201303 -0.00175143
-0.0201003 -0.00177573
-0.0200703 -0.00180034
-0.0200404 -0.00182525
-0.0200104 -0.00185048
-0.0199804 -0.00187603
-0.0199504 -0.00190189
-0.0199204 -0.00192808
-0.0198905 -0.0019546
-0.0198605 -0.00198145
-0.0198305 -0.00200863
-0.0198005 -0.00203615
-0.0197705 -0.00206401
-0.0197406 -0.00209222
-0.0197106 -0.00212078
-0.0196806 -0.00214969
-0.0196506 -0.00217896
-0.0196206 -0.00220858
-0.0195907 -0.00223858
-0.0195607 -0.00226894
-0.0195307 -0.00229967
-0.0195007 -0.00233078
-0.0194708 -0.00236227
-0.0194408 -0.00239415
-0.0194108 -0.00242641
-0.0193808 -0.00245907
-0.0193508 -0.00249213
-0.0193209 -0.00252558
-0.0192909 -0.00255944
-0.0192609 -0.00259371
-0.0192309 -0.0026284
-0.0192009 -0.0026635
-0.019171 -0.00269903
-0.019141 -0.00273499
-0.019111 -0.00277137
-0.019081 -0.00280819
-0.019051 -0.00284546
-0.0190211 -0.00288317
-0.0189911 -0.00292132
-0.0189611 -0.00295994
-0.0189311 -0.00299901
-0.0189011 -0.00303855
-0.0188712 -0.00307855
-0.0188412 -0.00311903
-0.0188112 -0.00315999
-0.0187812 -0.00320144
-0.0187512 -0.00324337
-0.0187213 -0.00328579
-0.0186913 -0.00332871
-0.0186613 -0.00337214
-0.0186313 -0.00341607
-0.0186014 -0.00346052
-0.0185714 -0.00350549
-0.0185414 -0.00355098
-0.0185114 -0.003597
-0.0184814 -0.00364355
-0.0184515 -0.00369065
-0.0184215 -0.00373829
-0.0183915 -0.00378648
-0.0183615 -0.00383523
-0.0183315 -0.00388453
-0.0183016 -0.00393441
-0.0182716 -0.00398486
-0.0182416 -0.00403589
-0.0182116 -0.0040875
-0.0181816 -0.0041397
-0.0181517 -0.0041925
-0.0181217 -0.0042459
-0.0180917 -0.0042999
-0.0180617 -0.00435452
-0.0180317 -0.00440976
-0.0180018 -0.00446562
-0.0179718 -0.00452212
-0.0179418 -0.00457925
-0.0179118 -0.00463702
-0.0178819 -0.00469545
-0.0178519 -0.00475453
-0.0178219 -0.00481427
-0.0177919 -0.00487468
-0.0177619 -0.00493577
-0.017732 -0.00499753
-0.017702 -0.00505999
-0.017672 -0.00512313
-0.017642 -0.00518698
-0.017612 -0.00525154
-0.0175821 -0.00531681
-0.0175521 -0.00538279
-0.0175221 -0.00544951
-0.0174921 -0.00551696
-0.0174621 -0.00558515
-0.0174322 -0.00565409
-0.0174022 -0.00572378
-0.0173722 -0.00579423
-0.0173422 -0.00586545
-0.0173122 -0.00593745
-0.0172823 -0.00601023
-0.0172523 -0.0060838
-0.0172223 -0.00615816
-0.0171923 -0.00623333
-0.0171623 -0.00630931
-0.0171324 -0.00638611
-0.0171024 -0.00646373
-0.0170724 -0.00654219
-0.0170424 -0.00662149
-0.0170125 -0.00670163
-0.0169825 -0.00678264
-0.0169525 -0.0068645
-0.0169225 -0.00694724
-0.0168925 -0.00703085
-0.0168626 -0.00711535
-0.0168326 -0.00720075
-0.0168026 -0.00728705
-0.0167726 -0.00737426
-0.0167426 -0.00746239
-0.0167127 -0.00755144
-0.0166827 -0.00764143
-0.0166527 -0.00773235
-0.0166227 -0.00782423
-0.0165927 -0.00791707
-0.0165628 -0.00801088
-0.0165328 -0.00810566
-0.0165028 -0.00820142
-0.0164728 -0.00829818
-0.0164428 -0.00839593
-0.0164129 -0.0084947
-0.0163829 -0.00859448
-0.0163529 -0.00869529
-0.0163229 -0.00879713
-0.016293 -0.00890002
-0.016263 -0.00900396
-0.016233 -0.00910896
-0.016203 -0.00921503
-0.016173 -0.00932218
-0.0161431 -0.00943041
-0.0161131 -0.00953974
-0.0160831 -0.00965018
-0.0160531 -0.00976174
-0.0160231 -0.00987441
-0.0159932 -0.00998822
-0.0159632 -0.0101032
-0.0159332 -0.0102193
-0.0159032 -0.0103365
-0.0158732 -0.010455
-0.0158433 -0.0105746
-0.0158133 -0.0106954
-0.0157833 -0.0108174
-0.0157533 -0.0109406
-0.0157233 -0.011065
-0.0156934 -0.0111907
-0.0156634 -0.0113176
-0.0156334 -0.0114457
-0.0156034 -0.0115751
-0.0155734 -0.0117058
-0.0155435 -0.0118377
-0.0155135 -0.011971
-0.0154835 -0.0121055
-0.0154535 -0.0122413
-0.0154236 -0.0123785
-0.0153936 -0.012517
-0.0153636 -0.0126568
-0.0153336 -0.0127979
-0.0153036 -0.0129405
-0.0152737 -0.0130843
-0.0152437 -0.0132296
-0.0152137 -0.0133763
-0.0151837 -0.0135243
-0.0151537 -0.0136738
-0.0151238 -0.0138247
-0.0150938 -0.013977
-0.0150638 -0.0141308
-0.0150338 -0.014286
-0.0150038 -0.0144427
-0.0149739 -0.0146008
-0.0149439 -0.0147605
-0.0149139 -0.0149216
-0.0148839 -0.0150843
-0.0148539 -0.0152484
-0.014824 -0.0154141
-0.014794 -0.0155814
-0.014764 -0.0157501
-0.014734 -0.0159205
-0.0147041 -0.0160924
-0.0146741 -0.0162659
-0.0146441 -0.016441
-0.0146141 -0.0166177
-0.0145841 -0.0167961
-0.0145542 -0.016976
-0.0145242 -0.0171576
-0.0144942 -0.0173409
-0.0144642 -0.0175258
-0.0144342 -0.0177124
-0.0144043 -0.0179007
-0.0143743 -0.0180907
-0.0143443 -0.0182824
-0.0143143 -0.0184759
-0.0142843 -0.018671
-0.0142544 -0.0188679
-0.0142244 -0.0190666
-0.0141944 -0.0192671
-0.0141644 -0.0194693
-0.0141344 -0.0196733
-0.0141045 -0.0198792
-0.0140745 -0.0200868
-0.0140445 -0.0202963
-0.0140145 -0.0205076
-0.0139845 -0.0207208
-0.0139546 -0.0209359
-0.0139246 -0.0211528
-0.0138946 -0.0213716
-0.0138646 -0.0215924
-0.0138347 -0.021815
-0.0138047 -0.0220396
-0.0137747 -0.0222661
-0.0137447 -0.0224946
-0.0137147 -0.0227251
-0.0136848 -0.0229575
-0.0136548 -0.0231919
-0.0136248 -0.0234284
-0.0135948 -0.0236668
-0.0135648 -0.0239073
-0.0135349 -0.0241498
-0.0135049 -0.0243944
-0.0134749 -0.024641
-0.0134449 -0.0248897
-0.0134149 -0.0251406
-0.013385 -0.0253935
-0.013355 -0.0256486
-0.013325 -0.0259057
-0.013295 -0.0261651
-0.013265 -0.0264266
-0.0132351 -0.0266902
-0.0132051 -0.0269561
-0.0131751 -0.0272241
-0.0131451 -0.0274944
-0.0131152 -0.0277668
-0.0130852 -0.0280416
-0.0130552 -0.0283185
-0.0130252 -0.0285978
-0.0129952 -0.0288793
-0.0129653 -0.0291631
-0.0129353 -0.0294492
-0.0129053 -0.0297376
-0.0128753 -0.0300283
-0.0128453 -0.0303214
-0.0128154 -0.0306168
-0.0127854 -0.0309147
-0.0127554 -0.0312148
-0.0127254 -0.0315174
-0.0126954 -0.0318224
-0.0126655 -0.0321299
-0.0126355 -0.0324397
-0.0126055 -0.032752
-0.0125755 -0.0330668
-0.0125455 -0.033384
-0.0125156 -0.0337037
-0.0124856 -0.034026
-0.0124556 -0.0343507
-0.0124256 -0.034678
-0.0123956 -0.0350078
-0.0123657 -0.0353402
-0.0123357 -0.0356751
-0.0123057 -0.0360126
-0.0122757 -0.0363528
-0.0122458 -0.0366955
-0.0122158 -0.0370408
-0.0121858 -0.0373888
-0.0121558 -0.0377395
-0.0121258 -0.0380928
-0.0120959 -0.0384487
-0.0120659 -0.0388074
-0.0120359 -0.0391688
-0.0120059 -0.0395328
-0.0119759 -0.0398997
-0.011946 -0.0402692
-0.011916 -0.0406415
-0.011886 -0.0410166
-0.011856 -0.0413945
-0.011826 -0.0417751
-0.0117961 -0.0421586
-0.0117661 -0.0425449
-0.0117361 -0.042934
-0.0117061 -0.043326
-0.0116761 -0.0437208
-0.0116462 -0.0441185
-0.0116162 -0.0445191
-0.0115862 -0.0449226
-0.0115562 -0.045329
-0.0115263 -0.0457384
-0.0114963 -0.0461507
-0.0114663 -0.0465659
-0.0114363 -0.0469841
-0.0114063 -0.0474053
-0.0113764 -0.0478295
-0.0113464 -0.0482567
-0.0113164 -0.0486869
-0.0112864 -0.0491201
-0.0112564 -0.0495564
-0.0112265 -0.0499957
-0.0111965 -0.0504382
-0.0111665 -0.0508836
-0.0111365 -0.0513322
-0.0111065 -0.0517839
-0.0110766 -0.0522388
-0.0110466 -0.0526967
-0.0110166 -0.0531578
-0.0109866 -0.0536221
-0.0109566 -0.0540896
-0.0109267 -0.0545602
-0.0108967 -0.055034
-0.0108667 -0.055511
-0.0108367 -0.0559913
-0.0108067 -0.0564748
-0.0107768 -0.0569615
-0.0107468 -0.0574515
-0.0107168 -0.0579448
-0.0106868 -0.0584413
-0.0106569 -0.0589412
-0.0106269 -0.0594443
-0.0105969 -0.0599508
-0.0105669 -0.0604606
-0.0105369 -0.0609737
-0.010507 -0.0614902
-0.010477 -0.0620101
-0.010447 -0.0625334
-0.010417 -0.06306
-0.010387 -0.06359
-0.0103571 -0.0641235
-0.0103271 -0.0646604
-0.0102971 -0.0652007
-0.0102671 -0.0657444
-0.0102371 -0.0662917
-0.0102072 -0.0668423
-0.0101772 -0.0673965
-0.0101472 -0.0679542
-0.0101172 -0.0685153
-0.0100872 -0.06908
-0.0100573 -0.0696482
-0.0100273 -0.0702199
-0.00999731 -0.0707952
-0.00996733 -0.071374
-0.00993735 -0.0719564
-0.00990737 -0.0725424
-0.00987739 -0.073132
-0.00984741 -0.0737252
-0.00981743 -0.0743219
-0.00978745 -0.0749223
-0.00975748 -0.0755263
-0.0097275 -0.076134
-0.00969752 -0.0767453
-0.00966754 -0.0773602
-0.00963756 -0.0779789
-0.00960758 -0.0786012
-0.0095776 -0.0792271
-0.00954762 -0.0798568
-0.00951764 -0.0804902
-0.00948766 -0.0811273
-0.00945768 -0.0817681
-0.0094277 -0.0824126
-0.00939772 -0.0830609
-0.00936774 -0.083713
-0.00933777 -0.0843687
-0.00930779 -0.0850283
-0.00927781 -0.0856916
-0.00924783 -0.0863587
-0.00921785 -0.0870296
-0.00918787 -0.0877043
-0.00915789 -0.0883828
-0.00912791 -0.0890651
-0.00909793 -0.0897513
-0.00906795 -0.0904412
-0.00903797 -0.091135
-0.00900799 -0.0918327
-0.00897801 -0.0925342
-0.00894804 -0.0932395
-0.00891806 -0.0939487
-0.00888808 -0.0946618
-0.0088581 -0.0953788
-0.00882812 -0.0960996
-0.00879814 -0.0968243
-0.00876816 -0.097553
-0.00873818 -0.0982855
-0.0087082 -0.0990219
-0.00867822 -0.0997623
-0.00864824 -0.100507
-0.00861826 -0.101255
-0.00858828 -0.102007
-0.00855831 -0.102763
-0.00852833 -0.103523
-0.00849835 -0.104287
-0.00846837 -0.105055
-0.00843839 -0.105827
-0.00840841 -0.106603
-0.00837843 -0.107382
-0.00834845 -0.108166
-0.00831847 -0.108954
-0.00828849 -0.109746
-0.00825851 -0.110541
-0.00822853 -0.111341
-0.00819855 -0.112145
-0.00816858 -0.112952
-0.0081386 -0.113764
-0.00810862 -0.11458
-0.00807864 -0.115399
-0.00804866 -0.116223
-0.00801868 -0.11705
-0.0079887 -0.117882
-0.00795872 -0.118718
-0.00792874 -0.119557
-0.00789876 -0.120401
-0.00786878 -0.121249
-0.0078388 -0.122101
-0.00780882 -0.122956
-0.00777884 -0.123816
-0.00774887 -0.12468
-0.00771889 -0.125548
-0.00768891 -0.12642
-0.00765893 -0.127295
-0.00762895 -0.128175
-0.00759897 -0.129059
-0.00756899 -0.129947
-0.00753901 -0.130839
-0.00750903 -0.131735
-0.00747905 -0.132635
-0.00744907 -0.133539
-0.00741909 -0.134447
-0.00738911 -0.135359
-0.00735914 -0.136275
-0.00732916 -0.137195
-0.00729918 -0.138119
-0.0072692 -0.139047
-0.00723922 -0.13998
-0.00720924 -0.140916
-0.00717926 -0.141856
-0.00714928 -0.1428
-0.0071193 -0.143748
-0.00708932 -0.1447
-0.00705934 -0.145656
-0.00702936 -0.146616
-0.00699938 -0.14758
-0.00696941 -0.148548
-0.00693943 -0.14952
-0.00690945 -0.150496
-0.00687947 -0.151476
-0.00684949 -0.15246
-0.00681951 -0.153448
-0.00678953 -0.15444
-0.00675955 -0.155436
-0.00672957 -0.156435
-0.00669959 -0.157439
-0.00666961 -0.158447
-0.00663963 -0.159458
-0.00660965 -0.160473
-0.00657967 -0.161493
-0.0065497 -0.162516
-0.00651972 -0.163543
-0.00648974 -0.164574
-0.00645976 -0.165609
-0.00642978 -0.166647
-0.0063998 -0.16769
-0.00636982 -0.168736
-0.00633984 -0.169787
-0.00630986 -0.170841
-0.00627988 -0.171899
-0.0062499 -0.172961
-0.00621992 -0.174026
-0.00618994 -0.175095
-0.00615997 -0.176169
-0.00612999 -0.177245
-0.00610001 -0.178326
-0.00607003 -0.179411
-0.00604005 -0.180499
-0.00601007 -0.181591
-0.00598009 -0.182686
-0.00595011 -0.183786
-0.00592013 -0.184889
-0.00589015 -0.185995
-0.00586017 -0.187106
-0.00583019 -0.18822
-0.00580021 -0.189338
-0.00577024 -0.190459
-0.00574026 -0.191584
-0.00571028 -0.192712
-0.0056803 -0.193845
-0.00565032 -0.19498
-0.00562034 -0.19612
-0.00559036 -0.197263
-0.00556038 -0.198409
-0.0055304 -0.199559
-0.00550042 -0.200712
-0.00547044 -0.201869
-0.00544046 -0.20303
-0.00541048 -0.204194
-0.00538051 -0.205361
-0.00535053 -0.206532
-0.00532055 -0.207706
-0.00529057 -0.208883
-0.00526059 -0.210064
-0.00523061 -0.211248
-0.00520063 -0.212436
-0.00517065 -0.213627
-0.00514067 -0.214821
-0.00511069 -0.216019
-0.00508071 -0.217219
-0.00505073 -0.218423
-0.00502075 -0.219631
-0.00499077 -0.220841
-0.0049608 -0.222055
-0.00493082 -0.223272
-0.00490084 -0.224492
-0.00487086 -0.225715
-0.00484088 -0.226941
-0.0048109 -0.22817
-0.00478092 -0.229403
-0.00475094 -0.230638
-0.00472096 -0.231876
-0.00469098 -0.233118
-0.004661 -0.234362
-0.00463102 -0.23561
-0.00460104 -0.23686
-0.00457107 -0.238113
-0.00454109 -0.239369
-0.00451111 -0.240628
-0.00448113 -0.24189
-0.00445115 -0.243154
-0.00442117 -0.244422
-0.00439119 -0.245692
-0.00436121 -0.246965
-0.00433123 -0.248241
-0.00430125 -0.249519
-0.00427127 -0.2508
-0.00424129 -0.252083
-0.00421131 -0.25337
-0.00418134 -0.254658
-0.00415136 -0.25595
-0.00412138 -0.257244
-0.0040914 -0.25854
-0.00406142 -0.259839
-0.00403144 -0.26114
-0.00400146 -0.262444
-0.00397148 -0.26375
-0.0039415 -0.265059
-0.00391152 -0.26637
-0.00388154 -0.267683
-0.00385156 -0.268998
-0.00382158 -0.270316
-0.00379161 -0.271636
-0.00376163 -0.272958
-0.00373165 -0.274283
-0.00370167 -0.275609
-0.00367169 -0.276938
-0.00364171 -0.278268
-0.00361173 -0.279601
-0.00358175 -0.280936
-0.00355177 -0.282272
-0.00352179 -0.283611
-0.00349181 -0.284951
-0.00346183 -0.286294
-0.00343185 -0.287638
-0.00340187 -0.288984
-0.0033719 -0.290332
-0.00334192 -0.291682
-0.00331194 -0.293033
-0.00328196 -0.294386
-0.00325198 -0.295741
-0.003222 -0.297097
-0.00319202 -0.298455
-0.00316204 -0.299814
-0.00313206 -0.301175
-0.00310208 -0.302538
-0.0030721 -0.303902
-0.00304212 -0.305267
-0.00301214 -0.306634
-0.00298217 -0.308002
-0.00295219 -0.309371
-0.00292221 -0.310742
-0.00289223 -0.312114
-0.00286225 -0.313487
-0.00283227 -0.314861
-0.00280229 -0.316236
-0.00277231 -0.317612
-0.00274233 -0.31899
-0.00271235 -0.320368
-0.00268237 -0.321748
-0.00265239 -0.323128
-0.00262241 -0.324509
-0.00259244 -0.325891
-0.00256246 -0.327274
-0.00253248 -0.328658
-0.0025025 -0.330043
-0.00247252 -0.331428
-0.00244254 -0.332813
-0.00241256 -0.3342
-0.00238258 -0.335587
-0.0023526 -0.336975
-0.00232262 -0.338363
-0.00229264 -0.339751
-0.00226266 -0.34114
-0.00223268 -0.342529
-0.00220271 -0.343919
-0.00217273 -0.345309
-0.00214275 -0.346699
-0.00211277 -0.34809
-0.00208279 -0.34948
-0.00205281 -0.350871
-0.00202283 -0.352262
-0.00199285 -0.353653
-0.00196287 -0.355044
-0.00193289 -0.356434
-0.00190291 -0.357825
-0.00187293 -0.359216
-0.00184295 -0.360606
-0.00181297 -0.361996
-0.001783 -0.363386
-0.00175302 -0.364776
-0.00172304 -0.366166
-0.00169306 -0.367555
-0.00166308 -0.368943
-0.0016331 -0.370331
-0.00160312 -0.371719
-0.00157314 -0.373106
-0.00154316 -0.374492
-0.00151318 -0.375878
-0.0014832 -0.377263
-0.00145322 -0.378647
-0.00142324 -0.380031
-0.00139327 -0.381413
-0.00136329 -0.382795
-0.00133331 -0.384176
-0.00130333 -0.385556
-0.00127335 -0.386935
-0.00124337 -0.388313
-0.00121339 -0.38969
-0.00118341 -0.391065
-0.00115343 -0.39244
-0.00112345 -0.393813
-0.00109347 -0.395185
-0.00106349 -0.396555
-0.00103351 -0.397924
-0.00100354 -0.399292
-0.000973556 -0.400658
-0.000943577 -0.402023
-0.000913598 -0.403386
-0.000883618 -0.404747
-0.000853639 -0.406107
-0.00082366 -0.407465
-0.000793681 -0.408822
-0.000763701 -0.410176
-0.000733722 -0.411529
-0.000703743 -0.41288
-0.000673764 -0.414228
-0.000643784 -0.415575
-0.000613805 -0.41692
-0.000583826 -0.418262
-0.000553847 -0.419603
-0.000523867 -0.420941
-0.000493888 -0.422277
-0.000463909 -0.423611
-0.00043393 -0.424942
-0.00040395 -0.426271
-0.000373971 -0.427598
-0.000343992 -0.428922
-0.000314013 -0.430244
-0.000284033 -0.431562
-0.000254054 -0.432879
-0.000224075 -0.434192
-0.000194096 -0.435503
-0.000164116 -0.436811
-0.000134137 -0.438117
-0.000104158 -0.439419
-7.41786e-05 -0.440718
-4.41994e-05 -0.442015
-1.42202e-05 -0.443308
1.57591e-05 -0.444599
4.57383e-05 -0.445886
7.57176e-05 -0.44717
0.000105697 -0.448451
0.000135676 -0.449728
0.000165655 -0.451002
0.000195635 -0.452273
0.000225614 -0.453541
0.000255593 -0.454805
0.000285572 -0.456065
0.000315552 -0.457322
0.000345531 -0.458575
0.00037551 -0.459824
0.000405489 -0.46107
0.000435469 -0.462312
0.000465448 -0.46355
0.000495427 -0.464785
0.000525406 -0.466015
0.000555386 -0.467241
0.000585365 -0.468464
0.000615344 -0.469682
0.000645323 -0.470896
0.000675302 -0.472106
0.000705282 -0.473312
0.000735261 -0.474514
0.00076524 -0.475711
0.000795219 -0.476904
0.000825199 -0.478092
0.000855178 -0.479276
0.000885157 -0.480455
0.000915136 -0.48163
0.000945116 -0.4828
0.000975095 -0.483966
0.00100507 -0.485127
0.00103505 -0.486283
0.00106503 -0.487434
0.00109501 -0.488581
0.00112499 -0.489722
0.00115497 -0.490859
0.00118495 -0.49199
0.00121493 -0.493117
0.00124491 -0.494238
0.00127489 -0.495354
0.00130487 -0.496465
0.00133485 -0.497571
0.00136483 -0.498672
0.0013948 -0.499767
0.00142478 -0.500856
0.00145476 -0.501941
0.00148474 -0.503019
0.00151472 -0.504093
0.0015447 -0.50516
0.00157468 -0.506222
0.00160466 -0.507279
0.00163464 -0.508329
0.00166462 -0.509374
0.0016946 -0.510413
0.00172458 -0.511446
0.00175456 -0.512474
0.00178453 -0.513495
0.00181451 -0.51451
0.00184449 -0.515519
0.00187447 -0.516522
0.00190445 -0.517519
0.00193443 -0.51851
0.00196441 -0.519495
0.00199439 -0.520473
0.00202437 -0.521445
0.00205435 -0.52241
0.00208433 -0.523369
0.00211431 -0.524322
0.00214429 -0.525268
0.00217426 -0.526207
0.00220424 -0.52714
0.00223422 -0.528067
0.0022642 -0.528986
0.00229418 -0.529899
0.00232416 -0.530805
0.00235414 -0.531704
0.00238412 -0.532597
0.0024141 -0.533482
0.00244408 -0.53436
0.00247406 -0.535232
0.00250404 -0.536096
0.00253402 -0.536954
0.00256399 -0.537804
0.00259397 -0.538647
0.00262395 -0.539483
0.00265393 -0.540311
0.00268391 -0.541132
0.00271389 -0.541946
0.00274387 -0.542753
0.00277385 -0.543552
0.00280383 -0.544343
0.00283381 -0.545127
0.00286379 -0.545904
0.00289377 -0.546673
0.00292375 -0.547434
0.00295373 -0.548188
0.0029837 -0.548934
0.00301368 -0.549672
0.00304366 -0.550402
0.00307364 -0.551125
0.00310362 -0.551839
0.0031336 -0.552546
0.00316358 -0.553245
0.00319356 -0.553936
0.00322354 -0.554618
0.00325352 -0.555293
0.0032835 -0.55596
0.00331348 -0.556618
0.00334346 -0.557268
0.00337343 -0.55791
0.00340341 -0.558544
0.00343339 -0.55917
0.00346337 -0.559787
0.00349335 -0.560396
0.00352333 -0.560996
0.00355331 -0.561588
0.00358329 -0.562172
0.00361327 -0.562747
0.00364325 -0.563313
0.00367323 -0.563871
0.00370321 -0.56442
0.00373319 -0.564961
0.00376316 -0.565493
0.00379314 -0.566016
0.00382312 -0.566531
0.0038531 -0.567037
0.00388308 -0.567533
0.00391306 -0.568022
0.00394304 -0.568501
0.00397302 -0.568971
0.004003 -0.569432
0.00403298 -0.569885
0.00406296 -0.570328
0.00409294 -0.570763
0.00412292 -0.571188
0.0041529 -0.571604
0.00418287 -0.572011
0.00421285 -0.572409
0.00424283 -0.572798
0.00427281 -0.573177
0.00430279 -0.573548
0.00433277 -0.573909
0.00436275 -0.57426
0.00439273 -0.574603
0.00442271 -0.574936
0.00445269 -0.575259
0.00448267 -0.575574
0.00451265 -0.575878
0.00454263 -0.576174
0.0045726 -0.57646
0.00460258 -0.576736
0.00463256 -0.577003
0.00466254 -0.57726
0.00469252 -0.577508
0.0047225 -0.577746
0.00475248 -0.577974
0.00478246 -0.578193
0.00481244 -0.578402
0.00484242 -0.578601
0.0048724 -0.578791
0.00490238 -0.578971
0.00493236 -0.579141
0.00496233 -0.579301
0.00499231 -0.579452
0.00502229 -0.579592
0.00505227 -0.579723
0.00508225 -0.579844
0.00511223 -0.579955
0.00514221 -0.580056
0.00517219 -0.580147
0.00520217 -0.580228
0.00523215 -0.580299
0.00526213 -0.58036
0.00529211 -0.580411
0.00532209 -0.580452
0.00535206 -0.580483
0.00538204 -0.580504
0.00541202 -0.580515
0.005442 -0.580516
0.00547198 -0.580507
0.00550196 -0.580487
0.00553194 -0.580457
0.00556192 -0.580418
0.0055919 -0.580367
0.00562188 -0.580307
0.00565186 -0.580237
0.00568184 -0.580156
0.00571182 -0.580065
0.0057418 -0.579964
0.00577177 -0.579852
0.00580175 -0.579731
0.00583173 -0.579599
0.00586171 -0.579456
0.00589169 -0.579304
0.00592167 -0.579141
0.00595165 -0.578967
0.00598163 -0.578784
0.00601161 -0.578589
0.00604159 -0.578385
0.00607157 -0.57817
0.00610155 -0.577945
0.00613153 -0.577709
0.0061615 -0.577463
0.00619148 -0.577207
0.00622146 -0.57694
0.00625144 -0.576663
0.00628142 -0.576375
0.0063114 -0.576077
0.00634138 -0.575768
0.00637136 -0.575449
0.00640134 -0.575119
0.00643132 -0.574779
0.0064613 -0.574429
0.00649128 -0.574068
0.00652126 -0.573696
0.00655123 -0.573314
0.00658121 -0.572922
0.00661119 -0.572519
0.00664117 -0.572106
0.00667115 -0.571682
0.00670113 -0.571247
0.00673111 -0.570802
0.00676109 -0.570347
0.00679107 -0.569881
0.00682105 -0.569404
0.00685103 -0.568917
0.00688101 -0.56842
0.00691099 -0.567912
0.00694096 -0.567393
0.00697094 -0.566864
0.00700092 -0.566325
0.0070309 -0.565775
0.00706088 -0.565214
0.00709086 -0.564643
0.00712084 -0.564062
0.00715082 -0.56347
0.0071808 -0.562867
0.00721078 -0.562254
0.00724076 -0.561631
0.00727074 -0.560997
0.00730072 -0.560352
0.0073307 -0.559697
0.00736067 -0.559032
0.00739065 -0.558356
0.00742063 -0.55767
0.00745061 -0.556973
0.00748059 -0.556266
0.00751057 -0.555549
0.00754055 -0.554821
0.00757053 -0.554082
0.00760051 -0.553333
0.00763049 -0.552574
0.00766047 -0.551805
0.00769045 -0.551025
0.00772043 -0.550234
0.0077504 -0.549434
0.00778038 -0.548623
0.00781036 -0.547801
0.00784034 -0.54697
0.00787032 -0.546128
0.0079003 -0.545275
0.00793028 -0.544413
0.00796026 -0.54354
0.00799024 -0.542657
0.00802022 -0.541763
0.0080502 -0.54086
0.00808018 -0.539946
0.00811016 -0.539022
0.00814013 -0.538088
0.00817011 -0.537143
0.00820009 -0.536189
0.00823007 -0.535224
0.00826005 -0.534249
0.00829003 -0.533264
0.00832001 -0.532269
0.00834999 -0.531264
0.00837997 -0.530249
0.00840995 -0.529224
0.00843993 -0.528188
0.00846991 -0.527143
0.00849989 -0.526088
0.00852986 -0.525022
0.00855984 -0.523947
0.00858982 -0.522862
0.0086198 -0.521767
0.00864978 -0.520662
0.00867976 -0.519547
0.00870974 -0.518422
0.00873972 -0.517288
0.0087697 -0.516144
0.00879968 -0.514989
0.00882966 -0.513825
0.00885964 -0.512652
0.00888962 -0.511468
0.0089196 -0.510275
0.00894957 -0.509073
0.00897955 -0.50786
0.00900953 -0.506638
0.00903951 -0.505407
0.00906949 -0.504165
0.00909947 -0.502915
0.00912945 -0.501654
0.00915943 -0.500384
0.00918941 -0.499105
0.00921939 -0.497816
0.00924937 -0.496518
0.00927935 -0.495211
0.00930933 -0.493894
0.0093393 -0.492567
0.00936928 -0.491232
0.00939926 -0.489887
0.00942924 -0.488533
0.00945922 -0.487169
0.0094892 -0.485797
0.00951918 -0.484415
0.00954916 -0.483024
0.00957914 -0.481624
0.00960912 -0.480215
0.0096391 -0.478797
0.00966908 -0.47737
0.00969906 -0.475933
0.00972903 -0.474488
0.00975901 -0.473034
0.00978899 -0.471571
0.00981897 -0.470099
0.00984895 -0.468619
0.00987893 -0.467129
0.00990891 -0.465631
0.00993889 -0.464124
0.00996887 -0.462608
0.00999885 -0.461084
0.0100288 -0.459551
0.0100588 -0.458009
0.0100888 -0.456459
0.0101188 -0.4549
0.0101487 -0.453333
0.0101787 -0.451757
0.0102087 -0.450173
0.0102387 -0.44858
0.0102687 -0.446979
0.0102986 -0.44537
0.0103286 -0.443753
0.0103586 -0.442127
0.0103886 -0.440493
0.0104186 -0.438851
0.0104485 -0.437201
0.0104785 -0.435542
0.0105085 -0.433876
0.0105385 -0.432201
0.0105685 -0.430519
0.0105984 -0.428828
0.0106284 -0.42713
0.0106584 -0.425424
0.0106884 -0.42371
0.0107183 -0.421988
0.0107483 -0.420258
0.0107783 -0.418521
0.0108083 -0.416776
0.0108383 -0.415024
0.0108682 -0.413263
0.0108982 -0.411496
0.0109282 -0.40972
0.0109582 -0.407938
0.0109882 -0.406148
0.0110181 -0.40435
0.0110481 -0.402545
0.0110781 -0.400733
0.0111081 -0.398914
0.0111381 -0.397087
0.011168 -0.395253
0.011198 -0.393413
0.011228 -0.391565
0.011258 -0.38971
0.011288 -0.387847
0.0113179 -0.385979
0.0113479 -0.384103
0.0113779 -0.38222
0.0114079 -0.38033
0.0114379 -0.378434
0.0114678 -0.376531
0.0114978 -0.374621
0.0115278 -0.372705
0.0115578 -0.370782
0.0115877 -0.368852
0.0116177 -0.366916
0.0116477 -0.364974
0.0116777 -0.363025
0.0117077 -0.36107
0.0117376 -0.359108
0.0117676 -0.35714
0.0117976 -0.355166
0.0118276 -0.353186
0.0118576 -0.351199
0.0118875 -0.349207
0.0119175 -0.347208
0.0119475 -0.345204
0.0119775 -0.343194
0.0120075 -0.341177
0.0120374 -0.339155
0.0120674 -0.337127
0.0120974 -0.335094
0.0121274 -0.333054
0.0121574 -0.331009
0.0121873 -0.328959
0.0122173 -0.326903
0.0122473 -0.324841
0.0122773 -0.322774
0.0123072 -0.320701
0.0123372 -0.318623
0.0123672 -0.31654
0.0123972 -0.314452
0.0124272 -0.312358
0.0124571 -0.31026
0.0124871 -0.308156
0.0125171 -0.306047
0.0125471 -0.303933
0.0125771 -0.301814
0.012607 -0.299691
0.012637 -0.297562
0.012667 -0.295429
0.012697 -0.293291
0.012727 -0.291148
0.0127569 -0.289001
0.0127869 -0.286849
0.0128169 -0.284693
0.0128469 -0.282532
0.0128769 -0.280366
0.0129068 -0.278197
0.0129368 -0.276023
0.0129668 -0.273844
0.0129968 -0.271662
0.0130268 -0.269475
0.0130567 -0.267285
0.0130867 -0.26509
0.0131167 -0.262891
0.0131467 -0.260688
0.0131766 -0.258482
0.0132066 -0.256271
0.0132366 -0.254057
0.0132666 -0.251839
0.0132966 -0.249617
0.0133265 -0.247392
0.0133565 -0.245163
0.0133865 -0.242931
0.0134165 -0.240695
0.0134465 -0.238456
0.0134764 -0.236213
0.0135064 -0.233967
0.0135364 -0.231718
0.0135664 -0.229466
0.0135964 -0.227211
0.0136263 -0.224952
0.0136563 -0.222691
0.0136863 -0.220426
0.0137163 -0.218159
0.0137463 -0.215889
0.0137762 -0.213616
0.0138062 -0.21134
0.0138362 -0.209062
0.0138662 -0.206781
0.0138961 -0.204497
0.0139261 -0.202211
0.0139561 -0.199922
0.0139861 -0.197631
0.0140161 -0.195338
0.014046 -0.193042
0.014076 -0.190745
0.014106 -0.188445
0.014136 -0.186142
0.014166 -0.183838
0.0141959 -0.181532
0.0142259 -0.179224
0.0142559 -0.176914
0.0142859 -0.174602
0.0143159 -0.172288
0.0143458 -0.169972
0.0143758 -0.167655
0.0144058 -0.165337
0.0144358 -0.163016
0.0144658 -0.160694
0.0144957 -0.158371
0.0145257 -0.156047
0.0145557 -0.153721
0.0145857 -0.151393
0.0146157 -0.149065
0.0146456 -0.146735
0.0146756 -0.144405
0.0147056 -0.142073
0.0147356 -0.13974
0.0147655 -0.137407
0.0147955 -0.135072
0.0148255 -0.132737
0.0148555 -0.130401
0.0148855 -0.128064
0.0149154 -0.125726
0.0149454 -0.123388
0.0149754 -0.12105
0.0150054 -0.118711
0.0150354 -0.116371
0.0150653 -0.114031
0.0150953 -0.111691
0.0151253 -0.109351
0.0151553 -0.10701
0.0151853 -0.10467
0.0152152 -0.102329
0.0152452 -0.0999884
0.0152752 -0.0976477
0.0153052 -0.0953071
0.0153352 -0.0929667
0.0153651 -0.0906265
0.0153951 -0.0882866
0.0154251 -0.085947
0.0154551 -0.0836078
0.015485 -0.0812691
0.015515 -0.0789309
0.015545 -0.0765932
0.015575 -0.0742561
0.015605 -0.0719198
0.0156349 -0.0695841
0.0156649 -0.0672493
0.0156949 -0.0649153
0.0157249 -0.0625822
0.0157549 -0.0602501
0.0157848 -0.0579191
0.0158148 -0.055589
0.0158448 -0.0532602
0.0158748 -0.0509325
0.0159048 -0.0486061
0.0159347 -0.046281
0.0159647 -0.0439572
0.0159947 -0.0416349
0.0160247 -0.0393141
0.0160547 -0.0369948
0.0160846 -0.0346771
0.0161146 -0.0323611
0.0161446 -0.0300467
0.0161746 -0.0277342
0.0162046 -0.0254234
0.0162345 -0.0231146
0.0162645 -0.0208076
0.0162945 -0.0185027
0.0163245 -0.0161998
0.0163544 -0.0138991
0.0163844 -0.0116005
0.0164144 -0.00930407
0.0164444 -0.00700997
0.0164744 -0.0047182
0.0165043 -0.00242882
0.0165343 -0.000141886
0.0165643 0.00214254
0.0165943 0.00442441
0.0166243 0.00670366
0.0166542 0.00898024
0.0166842 0.0112541
0.0167142 0.0135252
0.0167442 0.0157934
0.0167742 0.0180587
0.0168041 0.0203211
0.0168341 0.0225804
0.0168641 0.0248367
0.0168941 0.0270899
0.0169241 0.0293399
0.016954 0.0315867
0.016984 0.0338302
0.017014 0.0360703
0.017044 0.0383071
0.0170739 0.0405404
0.0171039 0.0427702
0.0171339 0.0449964
0.0171639 0.047219
0.0171939 0.049438
0.0172238 0.0516532
0.0172538 0.0538646
0.0172838 0.0560722
0.0173138 0.0582759
0.0173438 0.0604756
0.0173737 0.0626714
0.0174037 0.0648631
0.0174337 0.0670507
0.0174637 0.0692341
0.0174937 0.0714133
0.0175236 0.0735883
0.0175536 0.0757589
0.0175836 0.0779251
0.0176136 0.080087
0.0176436 0.0822443
0.0176735 0.0843971
0.0177035 0.0865453
0.0177335 0.0886888
0.0177635 0.0908277
0.0177935 0.0929618
0.0178234 0.0950911
0.0178534 0.0972155
0.0178834 0.099335
0.0179134 0.10145
0.0179433 0.103559
0.0179733 0.105664
0.0180033 0.107763
0.0180333 0.109857
0.0180633 0.111946
0.0180932 0.11403
0.0181232 0.116108
0.0181532 0.118181
0.0181832 0.120249
0.0182132 0.122311
0.0182431 0.124367
0.0182731 0.126418
0.0183031 0.128464
0.0183331 0.130503
0.0183631 0.132537
0.018393 0.134566
0.018423 0.136588
0.018453 0.138604
0.018483 0.140615
0.018513 0.142619
0.0185429 0.144618
0.0185729 0.14661
0.0186029 0.148596
0.0186329 0.150576
0.0186628 0.15255
0.0186928 0.154518
0.0187228 0.156479
0.0187528 0.158434
0.0187828 0.160382
0.0188127 0.162324
0.0188427 0.164259
0.0188727 0.166188
0.0189027 0.16811
0.0189327 0.170026
0.0189626 0.171935
0.0189926 0.173837
0.0190226 0.175732
0.0190526 0.17762
0.0190826 0.179502
0.0191125 0.181376
0.0191425 0.183244
0.0191725 0.185104
0.0192025 0.186958
0.0192325 0.188804
0.0192624 0.190643
0.0192924 0.192475
0.0193224 0.194299
0.0193524 0.196116
0.0193824 0.197926
0.0194123 0.199729
0.0194423 0.201524
0.0194723 0.203311
0.0195023 0.205091
0.0195322 0.206863
0.0195622 0.208628
0.0195922 0.210385
0.0196222 0.212134
0.0196522 0.213876
0.0196821 0.215609
0.0197121 0.217335
0.0197421 0.219053
0.0197721 0.220763
0.0198021 0.222465
0.019832 0.224159
0.019862 0.225845
0.019892 0.227523
0.019922 0.229192
0.019952 0.230854
0.0199819 0.232507
0.0200119 0.234152
0.0200419 0.235788
0.0200719 0.237416
0.0201019 0.239036
0.0201318 0.240648
0.0201618 0.24225
0.0201918 0.243845
0.0202218 0.245431
0.0202518 0.247008
0.0202817 0.248576
0.0203117 0.250136
0.0203417 0.251687
0.0203717 0.25323
0.0204016 0.254763
0.0204316 0.256288
0.0204616 0.257804
0.0204916 0.259311
0.0205216 0.260809
0.0205515 0.262298
0.0205815 0.263778
0.0206115 0.265248
0.0206415 0.26671
0.0206715 0.268163
0.0207014 0.269606
0.0207314 0.27104
0.0207614 0.272465
0.0207914 0.273881
0.0208214 0.275288
0.0208513 0.276685
0.0208813 0.278072
0.0209113 0.27945
0.0209413 0.280819
0.0209713 0.282178
0.0210012 0.283528
0.0210312 0.284868
0.0210612 0.286199
0.0210912 0.28752
0.0211211 0.288831
0.0211511 0.290132
0.0211811 0.291424
0.0212111 0.292706
0.0212411 0.293978
0.021271 0.295241
0.021301 0.296493
0.021331 0.297736
0.021361 0.298969
0.021391 0.300191
0.0214209 0.301404
0.0214509 0.302607
0.0214809 0.3038
0.0215109 0.304982
0.0215409 0.306155
0.0215708 0.307317
0.0216008 0.30847
0.0216308 0.309612
0.0216608 0.310743
0.0216908 0.311865
0.0217207 0.312976
0.0217507 0.314077
0.0217807 0.315168
0.0218107 0.316248
0.0218407 0.317318
0.0218706 0.318377
0.0219006 0.319426
0.0219306 0.320465
0.0219606 0.321493
0.0219905 0.32251
0.0220205 0.323517
0.0220505 0.324513
0.0220805 0.325499
0.0221105 0.326474
0.0221404 0.327439
0.0221704 0.328393
0.0222004 0.329336
0.0222304 0.330268
0.0222604 0.33119
0.0222903 0.3321
0.0223203 0.333
0.0223503 0.33389
0.0223803 0.334768
0.0224103 0.335636
0.0224402 0.336492
0.0224702 0.337338
0.0225002 0.338173
0.0225302 0.338997
0.0225602 0.339809
0.0225901 0.340611
0.0226201 0.341402
0.0226501 0.342182
0.0226801 0.342951
0.02271 0.343709
0.02274 0.344455
0.02277 0.345191
0.0228 0.345915
0.02283 0.346628
0.0228599 0.34733
0.0228899 0.348021
0.0229199 0.348701
0.0229499 0.34937
0.0229799 0.350027
0.0230098 0.350673
0.0230398 0.351308
0.0230698 0.351931
0.0230998 0.352543
0.0231298 0.353144
0.0231597 0.353734
0.0231897 0.354312
0.0232197 0.354879
0.0232497 0.355434
0.0232797 0.355979
0.0233096 0.356511
0.0233396 0.357033
0.0233696 0.357543
0.0233996 0.358041
0.0234296 0.358528
0.0234595 0.359004
0.0234895 0.359468
0.0235195 0.35992
0.0235495 0.360361
0.0235794 0.360791
0.0236094 0.361209
0.0236394 0.361616
0.0236694 0.362011
0.0236994 0.362394
0.0237293 0.362766
0.0237593 0.363127
0.0237893 0.363475
0.0238193 0.363813
0.0238493 0.364138
0.0238792 0.364452
0.0239092 0.364755
0.0239392 0.365046
0.0239692 0.365325
0.0239992 0.365593
0.0240291 0.365849
0.0240591 0.366093
0.0240891 0.366326
0.0241191 0.366547
0.0241491 0.366756
0.024179 0.366954
0.024209 0.36714
0.024239 0.367315
0.024269 0.367478
0.0242989 0.367629
0.0243289 0.367769
0.0243589 0.367896
0.0243889 0.368013
0.0244189 0.368117
0.0244488 0.36821
0.0244788 0.368291
0.0245088 0.368361
0.0245388 0.368418
0.0245688 0.368464
0.0245987 0.368499
0.0246287 0.368522
0.0246587 0.368533
0.0246887 0.368532
0.0247187 0.36852
0.0247486 0.368496
0.0247786 0.36846
0.0248086 0.368413
0.0248386 0.368354
0.0248686 0.368284
0.0248985 0.368201
0.0249285 0.368108
0.0249585 0.368002
0.0249885 0.367885
0.0250185 0.367756
0.0250484 0.367616
0.0250784 0.367464
0.0251084 0.3673
0.0251384 0.367124
0.0251683 0.366938
0.0251983 0.366739
0.0252283 0.366529
0.0252583 0.366307
0.0252883 0.366074
0.0253182 0.365829
0.0253482 0.365573
0.0253782 0.365305
0.0254082 0.365025
0.0254382 0.364734
0.0254681 0.364431
0.0254981 0.364117
0.0255281 0.363792
0.0255581 0.363454
0.0255881 0.363106
0.025618 0.362746
0.025648 0.362374
0.025678 0.361991
0.025708 0.361597
0.025738 0.361191
0.0257679 0.360774
0.0257979 0.360345
0.0258279 0.359905
0.0258579 0.359453
0.0258878 0.358991
0.0259178 0.358517
0.0259478 0.358031
0.0259778 0.357534
0.0260078 0.357026
0.0260377 0.356507
0.0260677 0.355976
0.0260977 0.355435
0.0261277 0.354881
0.0261577 0.354317
0.0261876 0.353742
0.0262176 0.353155
0.0262476 0.352557
0.0262776 0.351948
0.0263076 0.351328
0.0263375 0.350697
0.0263675 0.350055
0.0263975 0.349402
0.0264275 0.348737
0.0264575 0.348062
0.0264874 0.347376
0.0265174 0.346678
0.0265474 0.34597
0.0265774 0.345251
0.0266074 0.344521
0.0266373 0.34378
0.0266673 0.343028
0.0266973 0.342265
0.0267273 0.341492
0.0267572 0.340708
0.0267872 0.339913
0.0268172 0.339107
0.0268472 0.33829
0.0268772 0.337463
0.0269071 0.336625
0.0269371 0.335777
0.0269671 0.334918
0.0269971 0.334048
0.0270271 0.333168
0.027057 0.332277
0.027087 0.331376
0.027117 0.330464
0.027147 0.329542
0.027177 0.328609
0.0272069 0.327666
0.0272369 0.326713
0.0272669 0.325749
0.0272969 0.324775
0.0273269 0.323791
0.0273568 0.322797
0.0273868 0.321792
0.0274168 0.320777
0.0274468 0.319752
0.0274767 0.318717
0.0275067 0.317672
0.0275367 0.316617
0.0275667 0.315552
0.0275967 0.314476
0.0276266 0.313391
0.0276566 0.312296
0.0276866 0.311191
0.0277166 0.310076
0.0277466 0.308952
0.0277765 0.307817
0.0278065 0.306673
0.0278365 0.30552
0.0278665 0.304356
0.0278965 0.303183
0.0279264 0.302
0.0279564 0.300808
0.0279864 0.299606
0.0280164 0.298395
0.0280464 0.297174
0.0280763 0.295944
0.0281063 0.294705
0.0281363 0.293456
0.0281663 0.292198
0.0281963 0.290931
0.0282262 0.289654
0.0282562 0.288368
0.0282862 0.287074
0.0283162 0.28577
0.0283461 0.284457
0.0283761 0.283135
0.0284061 0.281804
0.0284361 0.280464
0.0284661 0.279115
0.028496 0.277758
0.028526 0.276391
0.028556 0.275016
0.028586 0.273632
0.028616 0.27224
0.0286459 0.270839
0.0286759 0.269429
0.0287059 0.268011
0.0287359 0.266584
0.0287659 0.265149
0.0287958 0.263706
0.0288258 0.262254
0.0288558 0.260794
0.0288858 0.259325
0.0289158 0.257848
0.0289457 0.256364
0.0289757 0.254871
0.0290057 0.25337
0.0290357 0.251861
0.0290656 0.250344
0.0290956 0.248819
0.0291256 0.247286
0.0291556 0.245745
0.0291856 0.244197
0.0292155 0.242641
0.0292455 0.241077
0.0292755 0.239505
0.0293055 0.237926
0.0293355 0.23634
0.0293654 0.234745
0.0293954 0.233144
0.0294254 0.231535
0.0294554 0.229919
0.0294854 0.228295
0.0295153 0.226665
0.0295453 0.225027
0.0295753 0.223382
0.0296053 0.221729
0.0296353 0.22007
0.0296652 0.218404
0.0296952 0.216731
0.0297252 0.215051
0.0297552 0.213365
0.0297852 0.211671
0.0298151 0.209971
0.0298451 0.208264
0.0298751 0.206551
0.0299051 0.204831
0.029935 0.203105
0.029965 0.201372
0.029995 0.199633
0.030025 0.197887
0.030055 0.196135
0.0300849 0.194377
0.0301149 0.192613
0.0301449 0.190843
0.0301749 0.189067
0.0302049 0.187285
0.0302348 0.185497
0.0302648 0.183703
0.0302948 0.181903
0.0303248 0.180097
0.0303548 0.178286
0.0303847 0.176469
0.0304147 0.174647
0.0304447 0.172819
0.0304747 0.170986
0.0305047 0.169147
0.0305346 0.167303
0.0305646 0.165454
0.0305946 0.163599
0.0306246 0.161739
0.0306545 0.159875
0.0306845 0.158005
0.0307145 0.15613
0.0307445 0.15425
0.0307745 0.152365
0.0308044 0.150476
0.0308344 0.148582
0.0308644 0.146683
0.0308944 0.14478
0.0309244 0.142872
0.0309543 0.140959
0.0309843 0.139042
0.0310143 0.137121
0.0310443 0.135196
0.0310743 0.133266
0.0311042 0.131332
0.0311342 0.129394
0.0311642 0.127452
0.0311942 0.125506
0.0312242 0.123556
0.0312541 0.121602
0.0312841 0.119644
0.0313141 0.117683
0.0313441 0.115718
0.0313741 0.113749
0.031404 0.111777
0.031434 0.109801
0.031464 0.107822
0.031494 0.105839
0.0315239 0.103854
0.0315539 0.101865
0.0315839 0.0998726
0.0316139 0.0978774
0.0316439 0.0958791
0.0316738 0.0938779
0.0317038 0.0918738
0.0317338 0.0898669
0.0317638 0.0878572
0.0317938 0.0858447
0.0318237 0.0838297
0.0318537 0.0818121
0.0318837 0.079792
0.0319137 0.0777694
0.0319437 0.0757445
0.0319736 0.0737173
0.0320036 0.0716878
0.0320336 0.0696562
0.0320636 0.0676224
0.0320936 0.0655866
0.0321235 0.0635489
0.0321535 0.0615092
0.0321835 0.0594677
0.0322135 0.0574244
0.0322434 0.0553794
0.0322734 0.0533328
0.0323034 0.0512846
0.0323334 0.0492349
0.0323634 0.0471837
0.0323933 0.0451312
0.0324233 0.0430774
0.0324533 0.0410223
0.0324833 0.0389661
0.0325133 0.0369087
0.0325432 0.0348504
0.0325732 0.032791
0.0326032 0.0307308
0.0326332 0.0286697
0.0326632 0.0266078
0.0326931 0.0245453
0.0327231 0.0224821
0.0327531 0.0204184
0.0327831 0.0183541
0.0328131 0.0162895
0.032843 0.0142245
0.032873 0.0121591
0.032903 0.0100936
0.032933 0.0080279
0.032963 0.00596211
0.0329929 0.00389629
0.0330229 0.00183053
0.0330529 -0.000235126
0.0330829 -0.0023006
0.0331128 -0.00436582
0.0331428 -0.00643073
0.0331728 -0.00849525
0.0332028 -0.0105593
0.0332328 -0.0126229
0.0332627 -0.0146858
0.0332927 -0.0167481
0.0333227 -0.0188097
0.0333527 -0.0208705
0.0333827 -0.0229304
0.0334126 -0.0249894
0.0334426 -0.0270475
0.0334726 -0.0291044
0.0335026 -0.0311602
0.0335326 -0.0332149
0.0335625 -0.0352682
0.0335925 -0.0373203
0.0336225 -0.0393709
0.0336525 -0.0414201
0.0336825 -0.0434677
0.0337124 -0.0455137
0.0337424 -0.0475581
0.0337724 -0.0496007
0.0338024 -0.0516416
0.0338323 -0.0536805
0.0338623 -0.0557176
0.0338923 -0.0577526
0.0339223 -0.0597856
0.0339523 -0.0618164
0.0339822 -0.063845
0.0340122 -0.0658713
0.0340422 -0.0678954
0.0340722 -0.069917
0.0341022 -0.0719361
0.0341321 -0.0739527
0.0341621 -0.0759667
0.0341921 -0.0779781
0.0342221 -0.0799867
0.0342521 -0.0819925
0.034282 -0.0839955
0.034312 -0.0859955
0.034342 -0.0879925
0.034372 -0.0899865
0.034402 -0.0919773
0.0344319 -0.0939649
0.0344619 -0.0959493
0.0344919 -0.0979304
0.0345219 -0.0999081
0.0345519 -0.101882
0.0345818 -0.103853
0.0346118 -0.10582
0.0346418 -0.107784
0.0346718 -0.109743
0.0347017 -0.111699
0.0347317 -0.113652
0.0347617 -0.1156
0.0347917 -0.117544
0.0348217 -0.119484
0.0348516 -0.121421
0.0348816 -0.123353
0.0349116 -0.12528
0.0349416 -0.127204
0.0349716 -0.129123
0.0350015 -0.131038
0.0350315 -0.132948
0.0350615 -0.134854
0.0350915 -0.136755
0.0351215 -0.138652
0.0351514 -0.140544
0.0351814 -0.142431
0.0352114 -0.144313
0.0352414 -0.14619
0.0352714 -0.148062
0.0353013 -0.14993
0.0353313 -0.151792
0.0353613 -0.153649
0.0353913 -0.155501
0.0354212 -0.157347
0.0354512 -0.159189
0.0354812 -0.161025
0.0355112 -0.162855
0.0355412 -0.16468
0.0355711 -0.166499
0.0356011 -0.168313
0.0356311 -0.170121
0.0356611 -0.171923
0.0356911 -0.17372
0.035721 -0.175511
0.035751 -0.177295
0.035781 -0.179074
0.035811 -0.180847
0.035841 -0.182614
0.0358709 -0.184374
0.0359009 -0.186129
0.0359309 -0.187877
0.0359609 -0.189618
0.0359909 -0.191354
0.0360208 -0.193083
0.0360508 -0.194805
0.0360808 -0.196521
0.0361108 -0.198231
0.0361408 -0.199933
0.0361707 -0.201629
0.0362007 -0.203319
0.0362307 -0.205001
0.0362607 -0.206677
0.0362906 -0.208345
0.0363206 -0.210007
0.0363506 -0.211662
0.0363806 -0.213309
0.0364106 -0.21495
0.0364405 -0.216583
0.0364705 -0.218209
0.0365005 -0.219828
0.0365305 -0.221439
0.0365605 -0.223043
0.0365904 -0.22464
0.0366204 -0.226229
0.0366504 -0.22781
0.0366804 -0.229384
0.0367104 -0.230951
0.0367403 -0.232509
0.0367703 -0.23406
0.0368003 -0.235603
0.0368303 -0.237139
0.0368603 -0.238666
0.0368902 -0.240186
0.0369202 -0.241697
0.0369502 -0.2432
0.0369802 -0.244696
0.0370101 -0.246183
0.0370401 -0.247662
0.0370701 -0.249133
0.0371001 -0.250596
0.0371301 -0.25205
0.03716 -0.253496
0.03719 -0.254933
0.03722 -0.256362
0.03725 -0.257783
0.03728 -0.259195
0.0373099 -0.260599
0.0373399 -0.261994
0.0373699 -0.26338
0.0373999 -0.264757
0.0374299 -0.266126
0.0374598 -0.267486
0.0374898 -0.268837
0.0375198 -0.270179
0.0375498 -0.271513
0.0375798 -0.272837
0.0376097 -0.274152
0.0376397 -0.275459
0.0376697 -0.276756
0.0376997 -0.278044
0.0377297 -0.279323
0.0377596 -0.280593
0.0377896 -0.281853
0.0378196 -0.283105
0.0378496 -0.284347
0.0378795 -0.285579
0.0379095 -0.286803
0.0379395 -0.288016
0.0379695 -0.289221
0.0379995 -0.290416
0.0380294 -0.291601
0.0380594 -0.292777
0.0380894 -0.293943
0.0381194 -0.295099
0.0381494 -0.296246
0.0381793 -0.297383
0.0382093 -0.298511
0.0382393 -0.299628
0.0382693 -0.300736
0.0382993 -0.301834
0.0383292 -0.302922
0.0383592 -0.304
0.0383892 -0.305069
0.0384192 -0.306127
0.0384492 -0.307175
0.0384791 -0.308214
0.0385091 -0.309242
0.0385391 -0.31026
0.0385691 -0.311268
0.038599 -0.312266
0.038629 -0.313254
0.038659 -0.314231
0.038689 -0.315198
0.038719 -0.316155
0.0387489 -0.317102
0.0387789 -0.318038
0.0388089 -0.318965
0.0388389 -0.31988
0.0388689 -0.320786
0.0388988 -0.32168
0.0389288 -0.322565
0.0389588 -0.323439
0.0389888 -0.324302
0.0390188 -0.325155
0.0390487 -0.325998
0.0390787 -0.32683
0.0391087 -0.327651
0.0391387 -0.328462
0.0391687 -0.329262
0.0391986 -0.330051
0.0392286 -0.33083
0.0392586 -0.331598
0.0392886 -0.332355
0.0393186 -0.333102
0.0393485 -0.333838
0.0393785 -0.334563
0.0394085 -0.335277
0.0394385 -0.335981
0.0394684 -0.336673
0.0394984 -0.337355
0.0395284 -0.338026
0.0395584 -0.338686
0.0395884 -0.339335
0.0396183 -0.339974
0.0396483 -0.340601
0.0396783 -0.341217
0.0397083 -0.341823
0.0397383 -0.342417
0.0397682 -0.343001
0.0397982 -0.343573
0.0398282 -0.344135
0.0398582 -0.344685
0.0398882 -0.345225
0.0399181 -0.345753
0.0399481 -0.34627
0.0399781 -0.346777
0.0400081 -0.347272
0.0400381 -0.347756
0.040068 -0.348229
0.040098 -0.348691
0.040128 -0.349141
0.040158 -0.349581
0.0401879 -0.350009
0.0402179 -0.350427
0.0402479 -0.350833
0.0402779 -0.351228
0.0403079 -0.351611
0.0403378 -0.351984
0.0403678 -0.352345
0.0403978 -0.352696
0.0404278 -0.353035
0.0404578 -0.353362
0.0404877 -0.353679
0.0405177 -0.353984
0.0405477 -0.354278
0.0405777 -0.354561
0.0406077 -0.354833
0.0406376 -0.355094
0.0406676 -0.355343
0.0406976 -0.355581
0.0407276 -0.355808
0.0407576 -0.356023
0.0407875 -0.356227
0.0408175 -0.35642
0.0408475 -0.356602
0.0408775 -0.356773
0.0409075 -0.356932
0.0409374 -0.35708
0.0409674 -0.357217
0.0409974 -0.357342
0.0410274 -0.357457
0.0410573 -0.35756
0.0410873 -0.357652
0.0411173 -0.357733
0.0411473 -0.357802
0.0411773 -0.35786
0.0412072 -0.357907
0.0412372 -0.357943
0.0412672 -0.357968
0.0412972 -0.357981
0.0413272 -0.357983
0.0413571 -0.357974
0.0413871 -0.357954
0.0414171 -0.357923
0.0414471 -0.35788
0.0414771 -0.357826
0.041507 -0.357762
0.041537 -0.357686
0.041567 -0.357598
0.041597 -0.3575
0.041627 -0.357391
0.0416569 -0.35727
0.0416869 -0.357139
0.0417169 -0.356996
0.0417469 -0.356842
0.0417768 -0.356678
0.0418068 -0.356502
0.0418368 -0.356315
0.0418668 -0.356117
0.0418968 -0.355908
0.0419267 -0.355688
0.0419567 -0.355457
0.0419867 -0.355215
0.0420167 -0.354962
0.0420467 -0.354698
0.0420766 -0.354423
0.0421066 -0.354138
0.0421366 -0.353841
0.0421666 -0.353534
0.0421966 -0.353215
0.0422265 -0.352886
0.0422565 -0.352546
0.0422865 -0.352195
0.0423165 -0.351833
0.0423465 -0.351461
0.0423764 -0.351077
0.0424064 -0.350683
0.0424364 -0.350279
0.0424664 -0.349863
0.0424964 -0.349437
0.0425263 -0.349
0.0425563 -0.348553
0.0425863 -0.348095
0.0426163 -0.347626
0.0426462 -0.347147
0.0426762 -0.346657
0.0427062 -0.346156
0.0427362 -0.345645
0.0427662 -0.345124
0.0427961 -0.344592
0.0428261 -0.344049
0.0428561 -0.343496
0.0428861 -0.342933
0.0429161 -0.342359
0.042946 -0.341775
0.042976 -0.341181
0.043006 -0.340576
0.043036 -0.339961
0.043066 -0.339336
0.0430959 -0.338701
0.0431259 -0.338055
0.0431559 -0.337399
0.0431859 -0.336733
0.0432159 -0.336057
0.0432458 -0.335371
0.0432758 -0.334674
0.0433058 -0.333968
0.0433358 -0.333251
0.0433657 -0.332525
0.0433957 -0.331789
0.0434257 -0.331042
0.0434557 -0.330286
0.0434857 -0.32952
0.0435156 -0.328744
0.0435456 -0.327958
0.0435756 -0.327163
0.0436056 -0.326357
0.0436356 -0.325542
0.0436655 -0.324718
0.0436955 -0.323883
0.0437255 -0.323039
0.0437555 -0.322186
0.0437855 -0.321323
0.0438154 -0.32045
0.0438454 -0.319568
0.0438754 -0.318676
0.0439054 -0.317775
0.0439354 -0.316864
0.0439653 -0.315945
0.0439953 -0.315015
0.0440253 -0.314077
0.0440553 -0.313129
0.0440853 -0.312172
0.0441152 -0.311206
0.0441452 -0.310231
0.0441752 -0.309246
0.0442052 -0.308253
0.0442351 -0.30725
0.0442651 -0.306239
0.0442951 -0.305218
0.0443251 -0.304189
0.0443551 -0.30315
0.044385 -0.302103
0.044415 -0.301047
0.044445 -0.299982
0.044475 -0.298909
0.044505 -0.297826
0.0445349 -0.296735
0.0445649 -0.295636
0.0445949 -0.294527
0.0446249 -0.293411
0.0446549 -0.292285
0.0446848 -0.291152
0.0447148 -0.29001
0.0447448 -0.288859
0.0447748 -0.2877
0.0448048 -0.286533
0.0448347 -0.285357
0.0448647 -0.284174
0.0448947 -0.282982
0.0449247 -0.281782
0.0449546 -0.280574
0.0449846 -0.279357
