-0.035 0
-0.03497 -6.50575e-10
-0.03494 -1.35732e-09
-0.0349101 -2.12618e-09
-0.0348801 -2.97191e-09
-0.0348501 -3.90718e-09
-0.0348201 -4.93827e-09
-0.0347901 -6.06756e-09
-0.0347602 -7.29654e-09
-0.0347302 -8.62883e-09
-0.0347002 -1.00716e-08
-0.0346702 -1.1635e-08
-0.0346402 -1.33297e-08
-0.0346103 -1.51649e-08
-0.0345803 -1.71475e-08
-0.0345503 -1.92826e-08
-0.0345203 -2.15746e-08
-0.0344904 -2.4029e-08
-0.0344604 -2.66525e-08
-0.0344304 -2.9453e-08
-0.0344004 -3.24381e-08
-0.0343704 -3.56151e-08
-0.0343405 -3.89899e-08
-0.0343105 -4.25677e-08
-0.0342805 -4.63535e-08
-0.0342505 -5.03521e-08
-0.0342205 -5.45683e-08
-0.0341906 -5.90061e-08
-0.0341606 -6.36686e-08
-0.0341306 -6.85576e-08
-0.0341006 -7.36738e-08
-0.0340706 -7.90173e-08
-0.0340407 -8.45883e-08
-0.0340107 -9.03865e-08
-0.0339807 -9.64113e-08
-0.0339507 -1.02661e-07
-0.0339207 -1.09132e-07
-0.0338908 -1.15819e-07
-0.0338608 -1.22718e-07
-0.0338308 -1.29822e-07
-0.0338008 -1.37125e-07
-0.0337709 -1.44621e-07
-0.0337409 -1.52303e-07
-0.0337109 -1.60164e-07
-0.0336809 -1.68196e-07
-0.0336509 -1.76391e-07
-0.033621 -1.84739e-07
-0.033591 -1.93233e-07
-0.033561 -2.01863e-07
-0.033531 -2.10622e-07
-0.033501 -2.19503e-07
-0.0334711 -2.28499e-07
-0.0334411 -2.37604e-07
-0.0334111 -2.46812e-07
-0.0333811 -2.56118e-07
-0.0333511 -2.65518e-07
-0.0333212 -2.75012e-07
-0.0332912 -2.84599e-07
-0.0332612 -2.94279e-07
-0.0332312 -3.04056e-07
-0.0332012 -3.13934e-07
-0.0331713 -3.23918e-07
-0.0331413 -3.34016e-07
-0.0331113 -3.44237e-07
-0.0330813 -3.54592e-07
-0.0330513 -3.65095e-07
-0.0330214 -3.75761e-07
-0.0329914 -3.86605e-07
-0.0329614 -3.97645e-07
-0.0329314 -4.089e-07
-0.0329015 -4.2039e-07
-0.0328715 -4.32137e-07
-0.0328415 -4.44162e-07
-0.0328115 -4.56488e-07
-0.0327815 -4.69138e-07
-0.0327516 -4.82134e-07
-0.0327216 -4.95498e-07
-0.0326916 -5.09254e-07
-0.0326616 -5.23421e-07
-0.0326316 -5.38022e-07
-0.0326017 -5.53075e-07
-0.0325717 -5.68598e-07
-0.0325417 -5.84608e-07
-0.0325117 -6.01118e-07
-0.0324817 -6.18142e-07
-0.0324518 -6.3569e-07
-0.0324218 -6.53769e-07
-0.0323918 -6.72386e-07
-0.0323618 -6.91544e-07
-0.0323318 -7.11243e-07
-0.0323019 -7.31483e-07
-0.0322719 -7.52262e-07
-0.0322419 -7.73574e-07
-0.0322119 -7.95413e-07
-0.032182 -8.17771e-07
-0.032152 -8.40638e-07
-0.032122 -8.64003e-07
-0.032092 -8.87854e-07
-0.032062 -9.12181e-07
-0.0320321 -9.36971e-07
-0.0320021 -9.62213e-07
-0.0319721 -9.87898e-07
-0.0319421 -1.01401e-06
-0.0319121 -1.04055e-06
-0.0318822 -1.06751e-06
-0.0318522 -1.09488e-06
-0.0318222 -1.12265e-06
-0.0317922 -1.15084e-06
-0.0317622 -1.17943e-06
-0.0317323 -1.20844e-06
-0.0317023 -1.23787e-06
-0.0316723 -1.26773e-06
-0.0316423 -1.29804e-06
-0.0316123 -1.32881e-06
-0.0315824 -1.36007e-06
-0.0315524 -1.39182e-06
-0.0315224 -1.42409e-06
-0.0314924 -1.45692e-06
-0.0314624 -1.49032e-06
-0.0314325 -1.52432e-06
-0.0314025 -1.55896e-06
-0.0313725 -1.59427e-06
-0.0313425 -1.63026e-06
-0.0313126 -1.66699e-06
-0.0312826 -1.70447e-06
-0.0312526 -1.74274e-06
-0.0312226 -1.78182e-06
-0.0311926 -1.82176e-06
-0.0311627 -1.86257e-06
-0.0311327 -1.90428e-06
-0.0311027 -1.94691e-06
-0.0310727 -1.9905e-06
-0.0310427 -2.03505e-06
-0.0310128 -2.0806e-06
-0.0309828 -2.12715e-06
-0.0309528 -2.17473e-06
-0.0309228 -2.22334e-06
-0.0308928 -2.273e-06
-0.0308629 -2.32373e-06
-0.0308329 -2.37552e-06
-0.0308029 -2.42839e-06
-0.0307729 -2.48234e-06
-0.0307429 -2.53739e-06
-0.030713 -2.59353e-06
-0.030683 -2.65078e-06
-0.030653 -2.70914e-06
-0.030623 -2.76862e-06
-0.0305931 -2.82922e-06
-0.0305631 -2.89095e-06
-0.0305331 -2.95383e-06
-0.0305031 -3.01786e-06
-0.0304731 -3.08306e-06
-0.0304432 -3.14943e-06
-0.0304132 -3.21701e-06
-0.0303832 -3.2858e-06
-0.0303532 -3.35582e-06
-0.0303232 -3.4271e-06
-0.0302933 -3.49966e-06
-0.0302633 -3.57353e-06
-0.0302333 -3.64873e-06
-0.0302033 -3.72529e-06
-0.0301733 -3.80324e-06
-0.0301434 -3.88262e-06
-0.0301134 -3.96346e-06
-0.0300834 -4.04579e-06
-0.0300534 -4.12964e-06
-0.0300234 -4.21507e-06
-0.0299935 -4.30209e-06
-0.0299635 -4.39074e-06
-0.0299335 -4.48108e-06
-0.0299035 -4.57312e-06
-0.0298735 -4.66691e-06
-0.0298436 -4.76249e-06
-0.0298136 -4.85988e-06
-0.0297836 -4.95913e-06
-0.0297536 -5.06028e-06
-0.0297237 -5.16335e-06
-0.0296937 -5.26838e-06
-0.0296637 -5.37541e-06
-0.0296337 -5.48446e-06
-0.0296037 -5.59558e-06
-0.0295738 -5.70879e-06
-0.0295438 -5.82414e-06
-0.0295138 -5.94164e-06
-0.0294838 -6.06134e-06
-0.0294538 -6.18326e-06
-0.0294239 -6.30745e-06
-0.0293939 -6.43393e-06
-0.0293639 -6.56274e-06
-0.0293339 -6.69392e-06
-0.0293039 -6.8275e-06
-0.029274 -6.96352e-06
-0.029244 -7.10202e-06
-0.029214 -7.24303e-06
-0.029184 -7.38661e-06
-0.029154 -7.53279e-06
-0.0291241 -7.68162e-06
-0.0290941 -7.83315e-06
-0.0290641 -7.98741e-06
-0.0290341 -8.14446e-06
-0.0290042 -8.30435e-06
-0.0289742 -8.46714e-06
-0.0289442 -8.63286e-06
-0.0289142 -8.80159e-06
-0.0288842 -8.97336e-06
-0.0288543 -9.14825e-06
-0.0288243 -9.32629e-06
-0.0287943 -9.50756e-06
-0.0287643 -9.69211e-06
-0.0287343 -9.87999e-06
-0.0287044 -1.00713e-05
-0.0286744 -1.0266e-05
-0.0286444 -1.04643e-05
-0.0286144 -1.06661e-05
-0.0285844 -1.08716e-05
-0.0285545 -1.10807e-05
-0.0285245 -1.12937e-05
-0.0284945 -1.15104e-05
-0.0284645 -1.17311e-05
-0.0284345 -1.19557e-05
-0.0284046 -1.21843e-05
-0.0283746 -1.2417e-05
-0.0283446 -1.26538e-05
-0.0283146 -1.28948e-05
-0.0282846 -1.31401e-05
-0.0282547 -1.33897e-05
-0.0282247 -1.36438e-05
-0.0281947 -1.39023e-05
-0.0281647 -1.41654e-05
-0.0281348 -1.4433e-05
-0.0281048 -1.47054e-05
-0.0280748 -1.49825e-05
-0.0280448 -1.52645e-05
-0.0280148 -1.55514e-05
-0.0279849 -1.58433e-05
-0.0279549 -1.61403e-05
-0.0279249 -1.64425e-05
-0.0278949 -1.67499e-05
-0.0278649 -1.70626e-05
-0.027835 -1.73808e-05
-0.027805 -1.77045e-05
-0.027775 -1.80338e-05
-0.027745 -1.83689e-05
-0.027715 -1.87098e-05
-0.0276851 -1.90565e-05
-0.0276551 -1.94093e-05
-0.0276251 -1.97682e-05
-0.0275951 -2.01334e-05
-0.0275651 -2.05048e-05
-0.0275352 -2.08827e-05
-0.0275052 -2.12672e-05
-0.0274752 -2.16583e-05
-0.0274452 -2.20561e-05
-0.0274153 -2.24609e-05
-0.0273853 -2.28726e-05
-0.0273553 -2.32914e-05
-0.0273253 -2.37174e-05
-0.0272953 -2.41508e-05
-0.0272654 -2.45916e-05
-0.0272354 -2.50399e-05
-0.0272054 -2.54959e-05
-0.0271754 -2.59597e-05
-0.0271454 -2.64315e-05
-0.0271155 -2.69112e-05
-0.0270855 -2.73992e-05
-0.0270555 -2.78954e-05
-0.0270255 -2.84e-05
-0.0269955 -2.89132e-05
-0.0269656 -2.94351e-05
-0.0269356 -2.99657e-05
-0.0269056 -3.05054e-05
-0.0268756 -3.10541e-05
-0.0268456 -3.1612e-05
-0.0268157 -3.21793e-05
-0.0267857 -3.27562e-05
-0.0267557 -3.33427e-05
-0.0267257 -3.3939e-05
-0.0266957 -3.45453e-05
-0.0266658 -3.51617e-05
-0.0266358 -3.57884e-05
-0.0266058 -3.64256e-05
-0.0265758 -3.70734e-05
-0.0265459 -3.7732e-05
-0.0265159 -3.84015e-05
-0.0264859 -3.90821e-05
-0.0264559 -3.97741e-05
-0.0264259 -4.04775e-05
-0.026396 -4.11925e-05
-0.026366 -4.19194e-05
-0.026336 -4.26583e-05
-0.026306 -4.34094e-05
-0.026276 -4.41728e-05
-0.0262461 -4.49489e-05
-0.0262161 -4.57377e-05
-0.0261861 -4.65395e-05
-0.0261561 -4.73544e-05
-0.0261261 -4.81827e-05
-0.0260962 -4.90246e-05
-0.0260662 -4.98802e-05
-0.0260362 -5.07498e-05
-0.0260062 -5.16337e-05
-0.0259762 -5.25319e-05
-0.0259463 -5.34448e-05
-0.0259163 -5.43726e-05
-0.0258863 -5.53155e-05
-0.0258563 -5.62736e-05
-0.0258264 -5.72474e-05
-0.0257964 -5.82369e-05
-0.0257664 -5.92424e-05
-0.0257364 -6.02642e-05
-0.0257064 -6.13024e-05
-0.0256765 -6.23575e-05
-0.0256465 -6.34295e-05
-0.0256165 -6.45188e-05
-0.0255865 -6.56256e-05
-0.0255565 -6.67502e-05
-0.0255266 -6.78928e-05
-0.0254966 -6.90537e-05
-0.0254666 -7.02332e-05
-0.0254366 -7.14315e-05
-0.0254066 -7.2649e-05
-0.0253767 -7.38858e-05
-0.0253467 -7.51424e-05
-0.0253167 -7.64189e-05
-0.0252867 -7.77158e-05
-0.0252567 -7.90332e-05
-0.0252268 -8.03715e-05
-0.0251968 -8.17309e-05
-0.0251668 -8.31119e-05
-0.0251368 -8.45147e-05
-0.0251068 -8.59396e-05
-0.0250769 -8.7387e-05
-0.0250469 -8.88571e-05
-0.0250169 -9.03504e-05
-0.0249869 -9.18671e-05
-0.024957 -9.34076e-05
-0.024927 -9.49722e-05
-0.024897 -9.65613e-05
-0.024867 -9.81752e-05
-0.024837 -9.98143e-05
-0.0248071 -0.000101479
-0.0247771 -0.00010317
-0.0247471 -0.000104886
-0.0247171 -0.00010663
-0.0246871 -0.000108401
-0.0246572 -0.000110199
-0.0246272 -0.000112024
-0.0245972 -0.000113879
-0.0245672 -0.000115761
-0.0245372 -0.000117673
-0.0245073 -0.000119614
-0.0244773 -0.000121585
-0.0244473 -0.000123587
-0.0244173 -0.000125619
-0.0243873 -0.000127682
-0.0243574 -0.000129777
-0.0243274 -0.000131904
-0.0242974 -0.000134063
-0.0242674 -0.000136256
-0.0242375 -0.000138482
-0.0242075 -0.000140741
-0.0241775 -0.000143035
-0.0241475 -0.000145364
-0.0241175 -0.000147729
-0.0240876 -0.000150129
-0.0240576 -0.000152565
-0.0240276 -0.000155038
-0.0239976 -0.000157549
-0.0239676 -0.000160097
-0.0239377 -0.000162684
-0.0239077 -0.00016531
-0.0238777 -0.000167975
-0.0238477 -0.00017068
-0.0238177 -0.000173426
-0.0237878 -0.000176212
-0.0237578 -0.000179041
-0.0237278 -0.000181911
-0.0236978 -0.000184825
-0.0236678 -0.000187782
-0.0236379 -0.000190783
-0.0236079 -0.000193828
-0.0235779 -0.000196919
-0.0235479 -0.000200055
-0.0235179 -0.000203238
-0.023488 -0.000206467
-0.023458 -0.000209745
-0.023428 -0.000213071
-0.023398 -0.000216445
-0.0233681 -0.00021987
-0.0233381 -0.000223344
-0.0233081 -0.00022687
-0.0232781 -0.000230447
-0.0232481 -0.000234076
-0.0232182 -0.000237759
-0.0231882 -0.000241495
-0.0231582 -0.000245286
-0.0231282 -0.000249132
-0.0230982 -0.000253033
-0.0230683 -0.000256992
-0.0230383 -0.000261008
-0.0230083 -0.000265081
-0.0229783 -0.000269214
-0.0229483 -0.000273407
-0.0229184 -0.00027766
-0.0228884 -0.000281974
-0.0228584 -0.00028635
-0.0228284 -0.000290789
-0.0227984 -0.000295292
-0.0227685 -0.00029986
-0.0227385 -0.000304492
-0.0227085 -0.000309191
-0.0226785 -0.000313958
-0.0226486 -0.000318792
-0.0226186 -0.000323695
-0.0225886 -0.000328668
-0.0225586 -0.000333711
-0.0225286 -0.000338826
-0.0224987 -0.000344013
-0.0224687 -0.000349274
-0.0224387 -0.00035461
-0.0224087 -0.00036002
-0.0223787 -0.000365507
-0.0223488 -0.000371071
-0.0223188 -0.000376713
-0.0222888 -0.000382435
-0.0222588 -0.000388237
-0.0222288 -0.00039412
-0.0221989 -0.000400085
-0.0221689 -0.000406133
-0.0221389 -0.000412266
-0.0221089 -0.000418485
-0.0220789 -0.00042479
-0.022049 -0.000431182
-0.022019 -0.000437663
-0.021989 -0.000444234
-0.021959 -0.000450896
-0.021929 -0.00045765
-0.0218991 -0.000464497
-0.0218691 -0.000471438
-0.0218391 -0.000478475
-0.0218091 -0.000485609
-0.0217792 -0.00049284
-0.0217492 -0.000500171
-0.0217192 -0.000507601
-0.0216892 -0.000515134
-0.0216592 -0.000522769
-0.0216293 -0.000530508
-0.0215993 -0.000538353
-0.0215693 -0.000546304
-0.0215393 -0.000554363
-0.0215093 -0.000562532
-0.0214794 -0.000570811
-0.0214494 -0.000579201
-0.0214194 -0.000587706
-0.0213894 -0.000596324
-0.0213594 -0.000605059
-0.0213295 -0.000613912
-0.0212995 -0.000622883
-0.0212695 -0.000631974
-0.0212395 -0.000641187
-0.0212095 -0.000650524
-0.0211796 -0.000659985
-0.0211496 -0.000669572
-0.0211196 -0.000679287
-0.0210896 -0.000689131
-0.0210597 -0.000699106
-0.0210297 -0.000709213
-0.0209997 -0.000719454
-0.0209697 -0.00072983
-0.0209397 -0.000740343
-0.0209098 -0.000750995
-0.0208798 -0.000761787
-0.0208498 -0.000772722
-0.0208198 -0.000783799
-0.0207898 -0.000795022
-0.0207599 -0.000806392
-0.0207299 -0.000817911
-0.0206999 -0.00082958
-0.0206699 -0.000841401
-0.0206399 -0.000853376
-0.02061 -0.000865507
-0.02058 -0.000877795
-0.02055 -0.000890242
-0.02052 -0.000902851
-0.02049 -0.000915622
-0.0204601 -0.000928558
-0.0204301 -0.000941662
-0.0204001 -0.000954933
-0.0203701 -0.000968375
-0.0203401 -0.00098199
-0.0203102 -0.000995779
-0.0202802 -0.00100974
-0.0202502 -0.00102389
-0.0202202 -0.00103821
-0.0201903 -0.00105272
-0.0201603 -0.00106741
-0.0201303 -0.00108229
-0.0201003 -0.00109736
-0.0200703 -0.00111261
-0.0200404 -0.00112807
-0.0200104 -0.00114371
-0.0199804 -0.00115955
-0.0199504 -0.0011756
-0.0199204 -0.00119184
-0.0198905 -0.00120829
-0.0198605 -0.00122494
-0.0198305 -0.00124181
-0.0198005 -0.00125888
-0.0197705 -0.00127617
-0.0197406 -0.00129367
-0.0197106 -0.00131139
-0.0196806 -0.00132933
-0.0196506 -0.00134749
-0.0196206 -0.00136588
-0.0195907 -0.00138449
-0.0195607 -0.00140334
-0.0195307 -0.00142242
-0.0195007 -0.00144173
-0.0194708 -0.00146128
-0.0194408 -0.00148107
-0.0194108 -0.0015011
-0.0193808 -0.00152138
-0.0193508 -0.0015419
-0.0193209 -0.00156268
-0.0192909 -0.00158371
-0.0192609 -0.00160499
-0.0192309 -0.00162653
-0.0192009 -0.00164834
-0.019171 -0.0016704
-0.019141 -0.00169274
-0.019111 -0.00171534
-0.019081 -0.00173822
-0.019051 -0.00176137
-0.0190211 -0.0017848
-0.0189911 -0.00180851
-0.0189611 -0.00183251
-0.0189311 -0.00185679
-0.0189011 -0.00188136
-0.0188712 -0.00190623
-0.0188412 -0.00193139
-0.0188112 -0.00195685
-0.0187812 -0.00198261
-0.0187512 -0.00200868
-0.0187213 -0.00203506
-0.0186913 -0.00206174
-0.0186613 -0.00208875
-0.0186313 -0.00211607
-0.0186014 -0.00214371
-0.0185714 -0.00217167
-0.0185414 -0.00219997
-0.0185114 -0.00222859
-0.0184814 -0.00225755
-0.0184515 -0.00228684
-0.0184215 -0.00231648
-0.0183915 -0.00234646
-0.0183615 -0.00237679
-0.0183315 -0.00240748
-0.0183016 -0.00243851
-0.0182716 -0.00246991
-0.0182416 -0.00250166
-0.0182116 -0.00253379
-0.0181816 -0.00256628
-0.0181517 -0.00259914
-0.0181217 -0.00263238
-0.0180917 -0.002666
-0.0180617 -0.00270001
-0.0180317 -0.0027344
-0.0180018 -0.00276919
-0.0179718 -0.00280437
-0.0179418 -0.00283995
-0.0179118 -0.00287593
-0.0178819 -0.00291232
-0.0178519 -0.00294911
-0.0178219 -0.00298633
-0.0177919 -0.00302396
-0.0177619 -0.00306202
-0.017732 -0.0031005
-0.017702 -0.00313941
-0.017672 -0.00317876
-0.017642 -0.00321855
-0.017612 -0.00325878
-0.0175821 -0.00329946
-0.0175521 -0.00334059
-0.0175221 -0.00338217
-0.0174921 -0.00342422
-0.0174621 -0.00346673
-0.0174322 -0.00350971
-0.0174022 -0.00355316
-0.0173722 -0.00359709
-0.0173422 -0.0036415
-0.0173122 -0.0036864
-0.0172823 -0.00373179
-0.0172523 -0.00377767
-0.0172223 -0.00382406
-0.0171923 -0.00387094
-0.0171623 -0.00391834
-0.0171324 -0.00396625
-0.0171024 -0.00401469
-0.0170724 -0.00406364
-0.0170424 -0.00411312
-0.0170125 -0.00416314
-0.0169825 -0.00421369
-0.0169525 -0.00426478
-0.0169225 -0.00431643
-0.0168925 -0.00436862
-0.0168626 -0.00442137
-0.0168326 -0.00447468
-0.0168026 -0.00452856
-0.0167726 -0.00458302
-0.0167426 -0.00463805
-0.0167127 -0.00469366
-0.0166827 -0.00474986
-0.0166527 -0.00480665
-0.0166227 -0.00486404
-0.0165927 -0.00492203
-0.0165628 -0.00498063
-0.0165328 -0.00503984
-0.0165028 -0.00509968
-0.0164728 -0.00516013
-0.0164428 -0.00522122
-0.0164129 -0.00528294
-0.0163829 -0.0053453
-0.0163529 -0.00540831
-0.0163229 -0.00547197
-0.016293 -0.00553628
-0.016263 -0.00560126
-0.016233 -0.0056669
-0.016203 -0.00573322
-0.016173 -0.00580022
-0.0161431 -0.00586791
-0.0161131 -0.00593628
-0.0160831 -0.00600535
-0.0160531 -0.00607512
-0.0160231 -0.00614561
-0.0159932 -0.0062168
-0.0159632 -0.00628872
-0.0159332 -0.00636136
-0.0159032 -0.00643473
-0.0158732 -0.00650884
-0.0158433 -0.0065837
-0.0158133 -0.0066593
-0.0157833 -0.00673566
-0.0157533 -0.00681279
-0.0157233 -0.00689068
-0.0156934 -0.00696934
-0.0156634 -0.00704879
-0.0156334 -0.00712902
-0.0156034 -0.00721005
-0.0155734 -0.00729188
-0.0155435 -0.00737451
-0.0155135 -0.00745796
-0.0154835 -0.00754222
-0.0154535 -0.00762731
-0.0154236 -0.00771323
-0.0153936 -0.00779999
-0.0153636 -0.00788759
-0.0153336 -0.00797605
-0.0153036 -0.00806536
-0.0152737 -0.00815554
-0.0152437 -0.00824659
-0.0152137 -0.00833852
-0.0151837 -0.00843133
-0.0151537 -0.00852503
-0.0151238 -0.00861963
-0.0150938 -0.00871514
-0.0150638 -0.00881156
-0.0150338 -0.0089089
-0.0150038 -0.00900716
-0.0149739 -0.00910636
-0.0149439 -0.00920649
-0.0149139 -0.00930758
-0.0148839 -0.00940961
-0.0148539 -0.00951261
-0.014824 -0.00961658
-0.014794 -0.00972152
-0.014764 -0.00982744
-0.014734 -0.00993435
-0.0147041 -0.0100423
-0.0146741 -0.0101512
-0.0146441 -0.0102611
-0.0146141 -0.010372
-0.0145841 -0.010484
-0.0145542 -0.010597
-0.0145242 -0.0107111
-0.0144942 -0.0108262
-0.0144642 -0.0109423
-0.0144342 -0.0110595
-0.0144043 -0.0111778
-0.0143743 -0.0112972
-0.0143443 -0.0114176
-0.0143143 -0.0115392
-0.0142843 -0.0116618
-0.0142544 -0.0117855
-0.0142244 -0.0119104
-0.0141944 -0.0120364
-0.0141644 -0.0121635
-0.0141344 -0.0122918
-0.0141045 -0.0124212
-0.0140745 -0.0125518
-0.0140445 -0.0126835
-0.0140145 -0.0128164
-0.0139845 -0.0129505
-0.0139546 -0.0130857
-0.0139246 -0.0132222
-0.0138946 -0.0133599
-0.0138646 -0.0134987
-0.0138347 -0.0136388
-0.0138047 -0.0137801
-0.0137747 -0.0139227
-0.0137447 -0.0140665
-0.0137147 -0.0142115
-0.0136848 -0.0143579
-0.0136548 -0.0145054
-0.0136248 -0.0146543
-0.0135948 -0.0148044
-0.0135648 -0.0149558
-0.0135349 -0.0151086
-0.0135049 -0.0152626
-0.0134749 -0.015418
-0.0134449 -0.0155746
-0.0134149 -0.0157327
-0.013385 -0.015892
-0.013355 -0.0160527
-0.013325 -0.0162148
-0.013295 -0.0163782
-0.013265 -0.016543
-0.0132351 -0.0167092
-0.0132051 -0.0168768
-0.0131751 -0.0170458
-0.0131451 -0.0172162
-0.0131152 -0.017388
-0.0130852 -0.0175612
-0.0130552 -0.0177359
-0.0130252 -0.017912
-0.0129952 -0.0180896
-0.0129653 -0.0182686
-0.0129353 -0.0184491
-0.0129053 -0.0186311
-0.0128753 -0.0188145
-0.0128453 -0.0189995
-0.0128154 -0.019186
-0.0127854 -0.0193739
-0.0127554 -0.0195634
-0.0127254 -0.0197545
-0.0126954 -0.019947
-0.0126655 -0.0201412
-0.0126355 -0.0203368
-0.0126055 -0.0205341
-0.0125755 -0.0207329
-0.0125455 -0.0209333
-0.0125156 -0.0211352
-0.0124856 -0.0213388
-0.0124556 -0.021544
-0.0124256 -0.0217508
-0.0123956 -0.0219593
-0.0123657 -0.0221693
-0.0123357 -0.0223811
-0.0123057 -0.0225944
-0.0122757 -0.0228095
-0.0122458 -0.0230262
-0.0122158 -0.0232445
-0.0121858 -0.0234646
-0.0121558 -0.0236864
-0.0121258 -0.0239099
-0.0120959 -0.024135
-0.0120659 -0.024362
-0.0120359 -0.0245906
-0.0120059 -0.024821
-0.0119759 -0.0250531
-0.011946 -0.025287
-0.011916 -0.0255227
-0.011886 -0.0257601
-0.011856 -0.0259993
-0.011826 -0.0262404
-0.0117961 -0.0264832
-0.0117661 -0.0267278
-0.0117361 -0.0269743
-0.0117061 -0.0272226
-0.0116761 -0.0274727
-0.0116462 -0.0277247
-0.0116162 -0.0279785
-0.0115862 -0.0282342
-0.0115562 -0.0284918
-0.0115263 -0.0287512
-0.0114963 -0.0290125
-0.0114663 -0.0292758
-0.0114363 -0.0295409
-0.0114063 -0.029808
-0.0113764 -0.030077
-0.0113464 -0.0303479
-0.0113164 -0.0306208
-0.0112864 -0.0308956
-0.0112564 -0.0311724
-0.0112265 -0.0314512
-0.0111965 -0.0317319
-0.0111665 -0.0320146
-0.0111365 -0.0322994
-0.0111065 -0.0325861
-0.0110766 -0.0328748
-0.0110466 -0.0331656
-0.0110166 -0.0334584
-0.0109866 -0.0337532
-0.0109566 -0.0340501
-0.0109267 -0.034349
-0.0108967 -0.03465
-0.0108667 -0.034953
-0.0108367 -0.0352582
-0.0108067 -0.0355654
-0.0107768 -0.0358747
-0.0107468 -0.0361862
-0.0107168 -0.0364997
-0.0106868 -0.0368154
-0.0106569 -0.0371332
-0.0106269 -0.0374531
-0.0105969 -0.0377752
-0.0105669 -0.0380995
-0.0105369 -0.0384259
-0.010507 -0.0387545
-0.010477 -0.0390852
-0.010447 -0.0394182
-0.010417 -0.0397533
-0.010387 -0.0400906
-0.0103571 -0.0404302
-0.0103271 -0.040772
-0.0102971 -0.041116
-0.0102671 -0.0414622
-0.0102371 -0.0418107
-0.0102072 -0.0421614
-0.0101772 -0.0425144
-0.0101472 -0.0428696
-0.0101172 -0.0432271
-0.0100872 -0.0435869
-0.0100573 -0.043949
-0.0100273 -0.0443134
-0.00999731 -0.0446801
-0.00996733 -0.0450491
-0.00993735 -0.0454204
-0.00990737 -0.045794
-0.00987739 -0.04617
-0.00984741 -0.0465483
-0.00981743 -0.046929
-0.00978745 -0.047312
-0.00975748 -0.0476974
-0.0097275 -0.0480851
-0.00969752 -0.0484752
-0.00966754 -0.0488677
-0.00963756 -0.0492626
-0.00960758 -0.0496599
-0.0095776 -0.0500595
-0.00954762 -0.0504616
-0.00951764 -0.0508661
-0.00948766 -0.051273
-0.00945768 -0.0516824
-0.0094277 -0.0520942
-0.00939772 -0.0525084
-0.00936774 -0.0529251
-0.00933777 -0.0533442
-0.00930779 -0.0537658
-0.00927781 -0.0541898
-0.00924783 -0.0546163
-0.00921785 -0.0550453
-0.00918787 -0.0554768
-0.00915789 -0.0559107
-0.00912791 -0.0563472
-0.00909793 -0.0567861
-0.00906795 -0.0572276
-0.00903797 -0.0576716
-0.00900799 -0.0581181
-0.00897801 -0.0585671
-0.00894804 -0.0590186
-0.00891806 -0.0594727
-0.00888808 -0.0599293
-0.0088581 -0.0603884
-0.00882812 -0.0608501
-0.00879814 -0.0613144
-0.00876816 -0.0617812
-0.00873818 -0.0622506
-0.0087082 -0.0627225
-0.00867822 -0.063197
-0.00864824 -0.0636741
-0.00861826 -0.0641538
-0.00858828 -0.064636
-0.00855831 -0.0651208
-0.00852833 -0.0656083
-0.00849835 -0.0660983
-0.00846837 -0.0665909
-0.00843839 -0.0670862
-0.00840841 -0.067584
-0.00837843 -0.0680844
-0.00834845 -0.0685875
-0.00831847 -0.0690932
-0.00828849 -0.0696015
-0.00825851 -0.0701124
-0.00822853 -0.070626
-0.00819855 -0.0711422
-0.00816858 -0.071661
-0.0081386 -0.0721825
-0.00810862 -0.0727066
-0.00807864 -0.0732334
-0.00804866 -0.0737628
-0.00801868 -0.0742948
-0.0079887 -0.0748296
-0.00795872 -0.0753669
-0.00792874 -0.0759069
-0.00789876 -0.0764496
-0.00786878 -0.0769949
-0.0078388 -0.0775429
-0.00780882 -0.0780936
-0.00777884 -0.0786469
-0.00774887 -0.0792029
-0.00771889 -0.0797616
-0.00768891 -0.0803229
-0.00765893 -0.0808869
-0.00762895 -0.0814536
-0.00759897 -0.0820229
-0.00756899 -0.082595
-0.00753901 -0.0831697
-0.00750903 -0.0837471
-0.00747905 -0.0843271
-0.00744907 -0.0849098
-0.00741909 -0.0854952
-0.00738911 -0.0860833
-0.00735914 -0.0866741
-0.00732916 -0.0872675
-0.00729918 -0.0878637
-0.0072692 -0.0884625
-0.00723922 -0.0890639
-0.00720924 -0.0896681
-0.00717926 -0.0902749
-0.00714928 -0.0908844
-0.0071193 -0.0914966
-0.00708932 -0.0921114
-0.00705934 -0.092729
-0.00702936 -0.0933491
-0.00699938 -0.093972
-0.00696941 -0.0945975
-0.00693943 -0.0952257
-0.00690945 -0.0958566
-0.00687947 -0.0964901
-0.00684949 -0.0971263
-0.00681951 -0.0977651
-0.00678953 -0.0984066
-0.00675955 -0.0990508
-0.00672957 -0.0996976
-0.00669959 -0.100347
-0.00666961 -0.100999
-0.00663963 -0.101654
-0.00660965 -0.102311
-0.00657967 -0.102971
-0.0065497 -0.103634
-0.00651972 -0.104299
-0.00648974 -0.104967
-0.00645976 -0.105638
-0.00642978 -0.106311
-0.0063998 -0.106986
-0.00636982 -0.107665
-0.00633984 -0.108346
-0.00630986 -0.109029
-0.00627988 -0.109715
-0.0062499 -0.110404
-0.00621992 -0.111096
-0.00618994 -0.111789
-0.00615997 -0.112486
-0.00612999 -0.113185
-0.00610001 -0.113887
-0.00607003 -0.114591
-0.00604005 -0.115298
-0.00601007 -0.116007
-0.00598009 -0.116719
-0.00595011 -0.117433
-0.00592013 -0.11815
-0.00589015 -0.118869
-0.00586017 -0.119591
-0.00583019 -0.120316
-0.00580021 -0.121043
-0.00577024 -0.121772
-0.00574026 -0.122504
-0.00571028 -0.123238
-0.0056803 -0.123975
-0.00565032 -0.124714
-0.00562034 -0.125456
-0.00559036 -0.1262
-0.00556038 -0.126947
-0.0055304 -0.127696
-0.00550042 -0.128448
-0.00547044 -0.129201
-0.00544046 -0.129958
-0.00541048 -0.130716
-0.00538051 -0.131478
-0.00535053 -0.132241
-0.00532055 -0.133007
-0.00529057 -0.133775
-0.00526059 -0.134546
-0.00523061 -0.135318
-0.00520063 -0.136094
-0.00517065 -0.136871
-0.00514067 -0.137651
-0.00511069 -0.138433
-0.00508071 -0.139217
-0.00505073 -0.140004
-0.00502075 -0.140793
-0.00499077 -0.141584
-0.0049608 -0.142378
-0.00493082 -0.143173
-0.00490084 -0.143971
-0.00487086 -0.144771
-0.00484088 -0.145573
-0.0048109 -0.146378
-0.00478092 -0.147184
-0.00475094 -0.147993
-0.00472096 -0.148804
-0.00469098 -0.149617
-0.004661 -0.150432
-0.00463102 -0.151249
-0.00460104 -0.152069
-0.00457107 -0.15289
-0.00454109 -0.153713
-0.00451111 -0.154539
-0.00448113 -0.155366
-0.00445115 -0.156196
-0.00442117 -0.157028
-0.00439119 -0.157861
-0.00436121 -0.158697
-0.00433123 -0.159534
-0.00430125 -0.160373
-0.00427127 -0.161215
-0.00424129 -0.162058
-0.00421131 -0.162903
-0.00418134 -0.16375
-0.00415136 -0.164599
-0.00412138 -0.16545
-0.0040914 -0.166302
-0.00406142 -0.167157
-0.00403144 -0.168013
-0.00400146 -0.168871
-0.00397148 -0.16973
-0.0039415 -0.170592
-0.00391152 -0.171455
-0.00388154 -0.17232
-0.00385156 -0.173187
-0.00382158 -0.174055
-0.00379161 -0.174925
-0.00376163 -0.175796
-0.00373165 -0.17667
-0.00370167 -0.177545
-0.00367169 -0.178421
-0.00364171 -0.179299
-0.00361173 -0.180178
-0.00358175 -0.18106
-0.00355177 -0.181942
-0.00352179 -0.182826
-0.00349181 -0.183712
-0.00346183 -0.184599
-0.00343185 -0.185487
-0.00340187 -0.186377
-0.0033719 -0.187268
-0.00334192 -0.188161
-0.00331194 -0.189055
-0.00328196 -0.18995
-0.00325198 -0.190847
-0.003222 -0.191744
-0.00319202 -0.192644
-0.00316204 -0.193544
-0.00313206 -0.194446
-0.00310208 -0.195349
-0.0030721 -0.196253
-0.00304212 -0.197158
-0.00301214 -0.198064
-0.00298217 -0.198971
-0.00295219 -0.19988
-0.00292221 -0.20079
-0.00289223 -0.2017
-0.00286225 -0.202612
-0.00283227 -0.203525
-0.00280229 -0.204438
-0.00277231 -0.205353
-0.00274233 -0.206269
-0.00271235 -0.207185
-0.00268237 -0.208102
-0.00265239 -0.209021
-0.00262241 -0.20994
-0.00259244 -0.21086
-0.00256246 -0.21178
-0.00253248 -0.212702
-0.0025025 -0.213624
-0.00247252 -0.214547
-0.00244254 -0.21547
-0.00241256 -0.216395
-0.00238258 -0.217319
-0.0023526 -0.218245
-0.00232262 -0.219171
-0.00229264 -0.220098
-0.00226266 -0.221025
-0.00223268 -0.221953
-0.00220271 -0.222881
-0.00217273 -0.22381
-0.00214275 -0.224739
-0.00211277 -0.225668
-0.00208279 -0.226598
-0.00205281 -0.227529
-0.00202283 -0.228459
-0.00199285 -0.22939
-0.00196287 -0.230321
-0.00193289 -0.231253
-0.00190291 -0.232185
-0.00187293 -0.233116
-0.00184295 -0.234048
-0.00181297 -0.234981
-0.001783 -0.235913
-0.00175302 -0.236845
-0.00172304 -0.237778
-0.00169306 -0.23871
-0.00166308 -0.239643
-0.0016331 -0.240575
-0.00160312 -0.241508
-0.00157314 -0.24244
-0.00154316 -0.243372
-0.00151318 -0.244304
-0.0014832 -0.245236
-0.00145322 -0.246168
-0.00142324 -0.2471
-0.00139327 -0.248031
-0.00136329 -0.248962
-0.00133331 -0.249892
-0.00130333 -0.250823
-0.00127335 -0.251753
-0.00124337 -0.252682
-0.00121339 -0.253611
-0.00118341 -0.25454
-0.00115343 -0.255468
-0.00112345 -0.256396
-0.00109347 -0.257323
-0.00106349 -0.25825
-0.00103351 -0.259175
-0.00100354 -0.260101
-0.000973556 -0.261025
-0.000943577 -0.261949
-0.000913598 -0.262872
-0.000883618 -0.263795
-0.000853639 -0.264716
-0.00082366 -0.265637
-0.000793681 -0.266557
-0.000763701 -0.267476
-0.000733722 -0.268394
-0.000703743 -0.269311
-0.000673764 -0.270228
-0.000643784 -0.271143
-0.000613805 -0.272057
-0.000583826 -0.27297
-0.000553847 -0.273882
-0.000523867 -0.274793
-0.000493888 -0.275703
-0.000463909 -0.276611
-0.00043393 -0.277518
-0.00040395 -0.278424
-0.000373971 -0.279329
-0.000343992 -0.280232
-0.000314013 -0.281134
-0.000284033 -0.282035
-0.000254054 -0.282934
-0.000224075 -0.283832
-0.000194096 -0.284728
-0.000164116 -0.285623
-0.000134137 -0.286516
-0.000104158 -0.287408
-7.41786e-05 -0.288298
-4.41994e-05 -0.289186
-1.42202e-05 -0.290073
1.57591e-05 -0.290958
4.57383e-05 -0.291841
7.57176e-05 -0.292722
0.000105697 -0.293602
0.000135676 -0.29448
0.000165655 -0.295355
0.000195635 -0.296229
0.000225614 -0.297101
0.000255593 -0.297972
0.000285572 -0.29884
0.000315552 -0.299706
0.000345531 -0.30057
0.00037551 -0.301431
0.000405489 -0.302291
0.000435469 -0.303149
0.000465448 -0.304004
0.000495427 -0.304857
0.000525406 -0.305708
0.000555386 -0.306556
0.000585365 -0.307402
0.000615344 -0.308246
0.000645323 -0.309088
0.000675302 -0.309927
0.000705282 -0.310763
0.000735261 -0.311597
0.00076524 -0.312429
0.000795219 -0.313258
0.000825199 -0.314084
0.000855178 -0.314907
0.000885157 -0.315728
0.000915136 -0.316547
0.000945116 -0.317362
0.000975095 -0.318175
0.00100507 -0.318985
0.00103505 -0.319792
0.00106503 -0.320597
0.00109501 -0.321398
0.00112499 -0.322197
0.00115497 -0.322992
0.00118495 -0.323785
0.00121493 -0.324574
0.00124491 -0.32536
0.00127489 -0.326144
0.00130487 -0.326924
0.00133485 -0.327701
0.00136483 -0.328475
0.0013948 -0.329246
0.00142478 -0.330013
0.00145476 -0.330777
0.00148474 -0.331538
0.00151472 -0.332295
0.0015447 -0.333049
0.00157468 -0.3338
0.00160466 -0.334547
0.00163464 -0.335291
0.00166462 -0.336031
0.0016946 -0.336768
0.00172458 -0.337501
0.00175456 -0.33823
0.00178453 -0.338956
0.00181451 -0.339678
0.00184449 -0.340396
0.00187447 -0.341111
0.00190445 -0.341822
0.00193443 -0.342529
0.00196441 -0.343232
0.00199439 -0.343931
0.00202437 -0.344627
0.00205435 -0.345318
0.00208433 -0.346006
0.00211431 -0.34669
0.00214429 -0.347369
0.00217426 -0.348045
0.00220424 -0.348716
0.00223422 -0.349383
0.0022642 -0.350046
0.00229418 -0.350705
0.00232416 -0.35136
0.00235414 -0.352011
0.00238412 -0.352657
0.0024141 -0.353299
0.00244408 -0.353937
0.00247406 -0.35457
0.00250404 -0.355199
0.00253402 -0.355823
0.00256399 -0.356443
0.00259397 -0.357059
0.00262395 -0.357669
0.00265393 -0.358276
0.00268391 -0.358878
0.00271389 -0.359475
0.00274387 -0.360068
0.00277385 -0.360656
0.00280383 -0.361239
0.00283381 -0.361817
0.00286379 -0.362391
0.00289377 -0.36296
0.00292375 -0.363525
0.00295373 -0.364084
0.0029837 -0.364638
0.00301368 -0.365188
0.00304366 -0.365733
0.00307364 -0.366273
0.00310362 -0.366807
0.0031336 -0.367337
0.00316358 -0.367862
0.00319356 -0.368382
0.00322354 -0.368896
0.00325352 -0.369406
0.0032835 -0.36991
0.00331348 -0.370409
0.00334346 -0.370903
0.00337343 -0.371392
0.00340341 -0.371876
0.00343339 -0.372354
0.00346337 -0.372827
0.00349335 -0.373294
0.00352333 -0.373757
0.00355331 -0.374213
0.00358329 -0.374665
0.00361327 -0.375111
0.00364325 -0.375552
0.00367323 -0.375987
0.00370321 -0.376416
0.00373319 -0.37684
0.00376316 -0.377259
0.00379314 -0.377672
0.00382312 -0.378079
0.0038531 -0.378481
0.00388308 -0.378877
0.00391306 -0.379267
0.00394304 -0.379652
0.00397302 -0.38003
0.004003 -0.380404
0.00403298 -0.380771
0.00406296 -0.381133
0.00409294 -0.381488
0.00412292 -0.381838
0.0041529 -0.382182
0.00418287 -0.38252
0.00421285 -0.382853
0.00424283 -0.383179
0.00427281 -0.383499
0.00430279 -0.383814
0.00433277 -0.384122
0.00436275 -0.384424
0.00439273 -0.38472
0.00442271 -0.385011
0.00445269 -0.385295
0.00448267 -0.385573
0.00451265 -0.385845
0.00454263 -0.38611
0.0045726 -0.38637
0.00460258 -0.386623
0.00463256 -0.386871
0.00466254 -0.387111
0.00469252 -0.387346
0.0047225 -0.387575
0.00475248 -0.387797
0.00478246 -0.388013
0.00481244 -0.388222
0.00484242 -0.388425
0.0048724 -0.388622
0.00490238 -0.388812
0.00493236 -0.388996
0.00496233 -0.389174
0.00499231 -0.389345
0.00502229 -0.38951
0.00505227 -0.389668
0.00508225 -0.38982
0.00511223 -0.389965
0.00514221 -0.390104
0.00517219 -0.390236
0.00520217 -0.390362
0.00523215 -0.390481
0.00526213 -0.390593
0.00529211 -0.390699
0.00532209 -0.390798
0.00535206 -0.390891
0.00538204 -0.390977
0.00541202 -0.391056
0.005442 -0.391129
0.00547198 -0.391195
0.00550196 -0.391254
0.00553194 -0.391307
0.00556192 -0.391352
0.0055919 -0.391391
0.00562188 -0.391424
0.00565186 -0.391449
0.00568184 -0.391468
0.00571182 -0.39148
0.0057418 -0.391485
0.00577177 -0.391483
0.00580175 -0.391475
0.00583173 -0.39146
0.00586171 -0.391437
0.00589169 -0.391408
0.00592167 -0.391372
0.00595165 -0.391329
0.00598163 -0.39128
0.00601161 -0.391223
0.00604159 -0.391159
0.00607157 -0.391089
0.00610155 -0.391011
0.00613153 -0.390927
0.0061615 -0.390836
0.00619148 -0.390737
0.00622146 -0.390632
0.00625144 -0.39052
0.00628142 -0.390401
0.0063114 -0.390274
0.00634138 -0.390141
0.00637136 -0.390001
0.00640134 -0.389853
0.00643132 -0.389699
0.0064613 -0.389537
0.00649128 -0.389369
0.00652126 -0.389193
0.00655123 -0.389011
0.00658121 -0.388821
0.00661119 -0.388625
0.00664117 -0.388421
0.00667115 -0.38821
0.00670113 -0.387992
0.00673111 -0.387767
0.00676109 -0.387535
0.00679107 -0.387295
0.00682105 -0.387049
0.00685103 -0.386796
0.00688101 -0.386535
0.00691099 -0.386267
0.00694096 -0.385992
0.00697094 -0.38571
0.00700092 -0.385421
0.0070309 -0.385125
0.00706088 -0.384822
0.00709086 -0.384511
0.00712084 -0.384194
0.00715082 -0.383869
0.0071808 -0.383537
0.00721078 -0.383198
0.00724076 -0.382852
0.00727074 -0.382499
0.00730072 -0.382138
0.0073307 -0.38177
0.00736067 -0.381396
0.00739065 -0.381014
0.00742063 -0.380625
0.00745061 -0.380229
0.00748059 -0.379825
0.00751057 -0.379415
0.00754055 -0.378997
0.00757053 -0.378572
0.00760051 -0.378141
0.00763049 -0.377702
0.00766047 -0.377255
0.00769045 -0.376802
0.00772043 -0.376342
0.0077504 -0.375874
0.00778038 -0.3754
0.00781036 -0.374918
0.00784034 -0.374429
0.00787032 -0.373933
0.0079003 -0.37343
0.00793028 -0.37292
0.00796026 -0.372402
0.00799024 -0.371878
0.00802022 -0.371347
0.0080502 -0.370808
0.00808018 -0.370262
0.00811016 -0.36971
0.00814013 -0.36915
0.00817011 -0.368583
0.00820009 -0.368009
0.00823007 -0.367428
0.00826005 -0.36684
0.00829003 -0.366245
0.00832001 -0.365643
0.00834999 -0.365034
0.00837997 -0.364418
0.00840995 -0.363795
0.00843993 -0.363165
0.00846991 -0.362528
0.00849989 -0.361884
0.00852986 -0.361233
0.00855984 -0.360576
0.00858982 -0.359911
0.0086198 -0.359239
0.00864978 -0.35856
0.00867976 -0.357875
0.00870974 -0.357182
0.00873972 -0.356483
0.0087697 -0.355776
0.00879968 -0.355063
0.00882966 -0.354343
0.00885964 -0.353616
0.00888962 -0.352882
0.0089196 -0.352142
0.00894957 -0.351394
0.00897955 -0.35064
0.00900953 -0.349879
0.00903951 -0.349111
0.00906949 -0.348337
0.00909947 -0.347556
0.00912945 -0.346767
0.00915943 -0.345973
0.00918941 -0.345171
0.00921939 -0.344363
0.00924937 -0.343548
0.00927935 -0.342727
0.00930933 -0.341898
0.0093393 -0.341064
0.00936928 -0.340222
0.00939926 -0.339374
0.00942924 -0.338519
0.00945922 -0.337658
0.0094892 -0.33679
0.00951918 -0.335916
0.00954916 -0.335035
0.00957914 -0.334148
0.00960912 -0.333254
0.0096391 -0.332354
0.00966908 -0.331447
0.00969906 -0.330533
0.00972903 -0.329614
0.00975901 -0.328688
0.00978899 -0.327755
0.00981897 -0.326816
0.00984895 -0.325871
0.00987893 -0.324919
0.00990891 -0.323961
0.00993889 -0.322997
0.00996887 -0.322027
0.00999885 -0.32105
0.0100288 -0.320067
0.0100588 -0.319078
0.0100888 -0.318082
0.0101188 -0.317081
0.0101487 -0.316073
0.0101787 -0.315059
0.0102087 -0.314039
0.0102387 -0.313013
0.0102687 -0.311981
0.0102986 -0.310943
0.0103286 -0.309898
0.0103586 -0.308848
0.0103886 -0.307792
0.0104186 -0.306729
0.0104485 -0.305661
0.0104785 -0.304587
0.0105085 -0.303507
0.0105385 -0.302421
0.0105685 -0.301329
0.0105984 -0.300232
0.0106284 -0.299128
0.0106584 -0.298019
0.0106884 -0.296904
0.0107183 -0.295784
0.0107483 -0.294657
0.0107783 -0.293525
0.0108083 -0.292387
0.0108383 -0.291244
0.0108682 -0.290095
0.0108982 -0.28894
0.0109282 -0.28778
0.0109582 -0.286614
0.0109882 -0.285443
0.0110181 -0.284266
0.0110481 -0.283084
0.0110781 -0.281897
0.0111081 -0.280704
0.0111381 -0.279505
0.011168 -0.278301
0.011198 -0.277092
0.011228 -0.275878
0.011258 -0.274658
0.011288 -0.273433
0.0113179 -0.272203
0.0113479 -0.270968
0.0113779 -0.269727
0.0114079 -0.268482
0.0114379 -0.267231
0.0114678 -0.265975
0.0114978 -0.264714
0.0115278 -0.263448
0.0115578 -0.262177
0.0115877 -0.260901
0.0116177 -0.25962
0.0116477 -0.258335
0.0116777 -0.257044
0.0117077 -0.255749
0.0117376 -0.254448
0.0117676 -0.253143
0.0117976 -0.251833
0.0118276 -0.250519
0.0118576 -0.249199
0.0118875 -0.247875
0.0119175 -0.246547
0.0119475 -0.245214
0.0119775 -0.243876
0.0120075 -0.242533
0.0120374 -0.241186
0.0120674 -0.239835
0.0120974 -0.238479
0.0121274 -0.237119
0.0121574 -0.235754
0.0121873 -0.234385
0.0122173 -0.233012
0.0122473 -0.231634
0.0122773 -0.230252
0.0123072 -0.228866
0.0123372 -0.227476
0.0123672 -0.226082
0.0123972 -0.224683
0.0124272 -0.22328
0.0124571 -0.221873
0.0124871 -0.220462
0.0125171 -0.219048
0.0125471 -0.217629
0.0125771 -0.216206
0.012607 -0.214779
0.012637 -0.213349
0.012667 -0.211914
0.012697 -0.210476
0.012727 -0.209034
0.0127569 -0.207589
0.0127869 -0.206139
0.0128169 -0.204686
0.0128469 -0.203229
0.0128769 -0.201769
0.0129068 -0.200305
0.0129368 -0.198838
0.0129668 -0.197367
0.0129968 -0.195893
0.0130268 -0.194415
0.0130567 -0.192934
0.0130867 -0.191449
0.0131167 -0.189962
0.0131467 -0.188471
0.0131766 -0.186976
0.0132066 -0.185479
0.0132366 -0.183978
0.0132666 -0.182474
0.0132966 -0.180967
0.0133265 -0.179457
0.0133565 -0.177944
0.0133865 -0.176428
0.0134165 -0.174909
0.0134465 -0.173387
0.0134764 -0.171862
0.0135064 -0.170335
0.0135364 -0.168804
0.0135664 -0.167271
0.0135964 -0.165735
0.0136263 -0.164196
0.0136563 -0.162655
0.0136863 -0.161111
0.0137163 -0.159564
0.0137463 -0.158015
0.0137762 -0.156464
0.0138062 -0.15491
0.0138362 -0.153353
0.0138662 -0.151794
0.0138961 -0.150233
0.0139261 -0.148669
0.0139561 -0.147103
0.0139861 -0.145535
0.0140161 -0.143965
0.014046 -0.142392
0.014076 -0.140818
0.014106 -0.139241
0.014136 -0.137662
0.014166 -0.136081
0.0141959 -0.134499
0.0142259 -0.132914
0.0142559 -0.131327
0.0142859 -0.129739
0.0143159 -0.128148
0.0143458 -0.126556
0.0143758 -0.124962
0.0144058 -0.123367
0.0144358 -0.12177
0.0144658 -0.120171
0.0144957 -0.11857
0.0145257 -0.116968
0.0145557 -0.115365
0.0145857 -0.11376
0.0146157 -0.112153
0.0146456 -0.110546
0.0146756 -0.108936
0.0147056 -0.107326
0.0147356 -0.105714
0.0147655 -0.104101
0.0147955 -0.102487
0.0148255 -0.100872
0.0148555 -0.0992552
0.0148855 -0.0976377
0.0149154 -0.0960191
0.0149454 -0.0943995
0.0149754 -0.092779
0.0150054 -0.0911576
0.0150354 -0.0895353
0.0150653 -0.0879121
0.0150953 -0.0862882
0.0151253 -0.0846635
0.0151553 -0.0830381
0.0151853 -0.081412
0.0152152 -0.0797853
0.0152452 -0.078158
0.0152752 -0.0765301
0.0153052 -0.0749017
0.0153352 -0.0732729
0.0153651 -0.0716436
0.0153951 -0.0700139
0.0154251 -0.0683839
0.0154551 -0.0667536
0.015485 -0.065123
0.015515 -0.0634921
0.015545 -0.0618611
0.015575 -0.06023
0.015605 -0.0585987
0.0156349 -0.0569673
0.0156649 -0.055336
0.0156949 -0.0537046
0.0157249 -0.0520733
0.0157549 -0.0504421
0.0157848 -0.048811
0.0158148 -0.0471801
0.0158448 -0.0455495
0.0158748 -0.0439191
0.0159048 -0.042289
0.0159347 -0.0406592
0.0159647 -0.0390298
0.0159947 -0.0374008
0.0160247 -0.0357723
0.0160547 -0.0341443
0.0160846 -0.0325169
0.0161146 -0.03089
0.0161446 -0.0292638
0.0161746 -0.0276382
0.0162046 -0.0260133
0.0162345 -0.0243892
0.0162645 -0.0227659
0.0162945 -0.0211434
0.0163245 -0.0195218
0.0163544 -0.0179011
0.0163844 -0.0162813
0.0164144 -0.0146626
0.0164444 -0.0130448
0.0164744 -0.0114282
0.0165043 -0.00981265
0.0165343 -0.00819827
0.0165643 -0.0065851
0.0165943 -0.00497316
0.0166243 -0.0033625
0.0166542 -0.00175317
0.0166842 -0.00014519
0.0167142 0.00146138
0.0167442 0.00306651
0.0167742 0.00467016
0.0168041 0.00627228
0.0168341 0.00787284
0.0168641 0.00947179
0.0168941 0.0110691
0.0169241 0.0126647
0.016954 0.0142586
0.016984 0.0158507
0.017014 0.0174411
0.017044 0.0190295
0.0170739 0.0206161
0.0171039 0.0222008
0.0171339 0.0237834
0.0171639 0.0253641
0.0171939 0.0269427
0.0172238 0.0285193
0.0172538 0.0300937
0.0172838 0.0316659
0.0173138 0.0332359
0.0173438 0.0348037
0.0173737 0.0363692
0.0174037 0.0379323
0.0174337 0.0394931
0.0174637 0.0410514
0.0174937 0.0426074
0.0175236 0.0441608
0.0175536 0.0457117
0.0175836 0.04726
0.0176136 0.0488057
0.0176436 0.0503488
0.0176735 0.0518891
0.0177035 0.0534268
0.0177335 0.0549617
0.0177635 0.0564937
0.0177935 0.0580229
0.0178234 0.0595493
0.0178534 0.0610727
0.0178834 0.0625931
0.0179134 0.0641106
0.0179433 0.065625
0.0179733 0.0671363
0.0180033 0.0686445
0.0180333 0.0701495
0.0180633 0.0716513
0.0180932 0.0731499
0.0181232 0.0746453
0.0181532 0.0761373
0.0181832 0.0776259
0.0182132 0.0791112
0.0182431 0.080593
0.0182731 0.0820714
0.0183031 0.0835462
0.0183331 0.0850175
0.0183631 0.0864852
0.018393 0.0879493
0.018423 0.0894098
0.018453 0.0908665
0.018483 0.0923195
0.018513 0.0937688
0.0185429 0.0952142
0.0185729 0.0966558
0.0186029 0.0980935
0.0186329 0.0995272
0.0186628 0.100957
0.0186928 0.102383
0.0187228 0.103805
0.0187528 0.105222
0.0187828 0.106636
0.0188127 0.108045
0.0188427 0.109451
0.0188727 0.110852
0.0189027 0.112248
0.0189327 0.113641
0.0189626 0.115029
0.0189926 0.116413
0.0190226 0.117792
0.0190526 0.119167
0.0190826 0.120538
0.0191125 0.121904
0.0191425 0.123265
0.0191725 0.124622
0.0192025 0.125974
0.0192325 0.127322
0.0192624 0.128665
0.0192924 0.130003
0.0193224 0.131336
0.0193524 0.132665
0.0193824 0.133988
0.0194123 0.135307
0.0194423 0.136621
0.0194723 0.13793
0.0195023 0.139234
0.0195322 0.140534
0.0195622 0.141828
0.0195922 0.143117
0.0196222 0.1444
0.0196522 0.145679
0.0196821 0.146953
0.0197121 0.148221
0.0197421 0.149484
0.0197721 0.150742
0.0198021 0.151995
0.019832 0.153242
0.019862 0.154484
0.019892 0.15572
0.019922 0.156951
0.019952 0.158176
0.0199819 0.159396
0.0200119 0.160611
0.0200419 0.16182
0.0200719 0.163023
0.0201019 0.164221
0.0201318 0.165413
0.0201618 0.166599
0.0201918 0.167779
0.0202218 0.168954
0.0202518 0.170123
0.0202817 0.171286
0.0203117 0.172444
0.0203417 0.173595
0.0203717 0.174741
0.0204016 0.17588
0.0204316 0.177014
0.0204616 0.178141
0.0204916 0.179263
0.0205216 0.180378
0.0205515 0.181487
0.0205815 0.182591
0.0206115 0.183688
0.0206415 0.184779
0.0206715 0.185863
0.0207014 0.186942
0.0207314 0.188014
0.0207614 0.189079
0.0207914 0.190139
0.0208214 0.191192
0.0208513 0.192239
0.0208813 0.193279
0.0209113 0.194313
0.0209413 0.19534
0.0209713 0.196361
0.0210012 0.197375
0.0210312 0.198383
0.0210612 0.199384
0.0210912 0.200379
0.0211211 0.201367
0.0211511 0.202348
0.0211811 0.203322
0.0212111 0.20429
0.0212411 0.205251
0.021271 0.206206
0.021301 0.207153
0.021331 0.208094
0.021361 0.209027
0.021391 0.209954
0.0214209 0.210874
0.0214509 0.211787
0.0214809 0.212694
0.0215109 0.213593
0.0215409 0.214485
0.0215708 0.21537
0.0216008 0.216248
0.0216308 0.217119
0.0216608 0.217983
0.0216908 0.21884
0.0217207 0.219689
0.0217507 0.220532
0.0217807 0.221367
0.0218107 0.222195
0.0218407 0.223016
0.0218706 0.223829
0.0219006 0.224636
0.0219306 0.225434
0.0219606 0.226226
0.0219905 0.22701
0.0220205 0.227787
0.0220505 0.228557
0.0220805 0.229319
0.0221105 0.230073
0.0221404 0.23082
0.0221704 0.23156
0.0222004 0.232292
0.0222304 0.233017
0.0222604 0.233734
0.0222903 0.234443
0.0223203 0.235145
0.0223503 0.23584
0.0223803 0.236527
0.0224103 0.237206
0.0224402 0.237877
0.0224702 0.238541
0.0225002 0.239197
0.0225302 0.239845
0.0225602 0.240486
0.0225901 0.241119
0.0226201 0.241744
0.0226501 0.242361
0.0226801 0.242971
0.02271 0.243572
0.02274 0.244166
0.02277 0.244752
0.0228 0.24533
0.02283 0.245901
0.0228599 0.246463
0.0228899 0.247017
0.0229199 0.247564
0.0229499 0.248102
0.0229799 0.248633
0.0230098 0.249155
0.0230398 0.24967
0.0230698 0.250177
0.0230998 0.250675
0.0231298 0.251166
0.0231597 0.251648
0.0231897 0.252123
0.0232197 0.252589
0.0232497 0.253047
0.0232797 0.253497
0.0233096 0.253939
0.0233396 0.254373
0.0233696 0.254799
0.0233996 0.255216
0.0234296 0.255626
0.0234595 0.256027
0.0234895 0.25642
0.0235195 0.256805
0.0235495 0.257181
0.0235794 0.25755
0.0236094 0.25791
0.0236394 0.258262
0.0236694 0.258606
0.0236994 0.258941
0.0237293 0.259268
0.0237593 0.259587
0.0237893 0.259897
0.0238193 0.2602
0.0238493 0.260494
0.0238792 0.260779
0.0239092 0.261056
0.0239392 0.261325
0.0239692 0.261586
0.0239992 0.261838
0.0240291 0.262082
0.0240591 0.262318
0.0240891 0.262545
0.0241191 0.262764
0.0241491 0.262974
0.024179 0.263176
0.024209 0.26337
0.024239 0.263555
0.024269 0.263732
0.0242989 0.2639
0.0243289 0.26406
0.0243589 0.264211
0.0243889 0.264355
0.0244189 0.264489
0.0244488 0.264615
0.0244788 0.264733
0.0245088 0.264843
0.0245388 0.264944
0.0245688 0.265036
0.0245987 0.26512
0.0246287 0.265196
0.0246587 0.265263
0.0246887 0.265321
0.0247187 0.265371
0.0247486 0.265413
0.0247786 0.265446
0.0248086 0.265471
0.0248386 0.265488
0.0248686 0.265495
0.0248985 0.265495
0.0249285 0.265486
0.0249585 0.265468
0.0249885 0.265442
0.0250185 0.265408
0.0250484 0.265365
0.0250784 0.265313
0.0251084 0.265253
0.0251384 0.265185
0.0251683 0.265108
0.0251983 0.265023
0.0252283 0.26493
0.0252583 0.264827
0.0252883 0.264717
0.0253182 0.264598
0.0253482 0.26447
0.0253782 0.264334
0.0254082 0.26419
0.0254382 0.264037
0.0254681 0.263876
0.0254981 0.263707
0.0255281 0.263529
0.0255581 0.263342
0.0255881 0.263147
0.025618 0.262944
0.025648 0.262733
0.025678 0.262513
0.025708 0.262284
0.025738 0.262047
0.0257679 0.261802
0.0257979 0.261549
0.0258279 0.261287
0.0258579 0.261017
0.0258878 0.260738
0.0259178 0.260452
0.0259478 0.260156
0.0259778 0.259853
0.0260078 0.259541
0.0260377 0.259221
0.0260677 0.258893
0.0260977 0.258556
0.0261277 0.258212
0.0261577 0.257858
0.0261876 0.257497
0.0262176 0.257128
0.0262476 0.25675
0.0262776 0.256364
0.0263076 0.25597
0.0263375 0.255567
0.0263675 0.255157
0.0263975 0.254738
0.0264275 0.254311
0.0264575 0.253876
0.0264874 0.253433
0.0265174 0.252982
0.0265474 0.252523
0.0265774 0.252055
0.0266074 0.25158
0.0266373 0.251097
0.0266673 0.250605
0.0266973 0.250106
0.0267273 0.249598
0.0267572 0.249083
0.0267872 0.248559
0.0268172 0.248028
0.0268472 0.247488
0.0268772 0.246941
0.0269071 0.246386
0.0269371 0.245823
0.0269671 0.245252
0.0269971 0.244673
0.0270271 0.244086
0.027057 0.243492
0.027087 0.242889
0.027117 0.242279
0.027147 0.241661
0.027177 0.241036
0.0272069 0.240403
0.0272369 0.239762
0.0272669 0.239113
0.0272969 0.238456
0.0273269 0.237792
0.0273568 0.237121
0.0273868 0.236441
0.0274168 0.235755
0.0274468 0.23506
0.0274767 0.234358
0.0275067 0.233649
0.0275367 0.232932
0.0275667 0.232207
0.0275967 0.231476
0.0276266 0.230736
0.0276566 0.229989
0.0276866 0.229235
0.0277166 0.228474
0.0277466 0.227705
0.0277765 0.226929
0.0278065 0.226145
0.0278365 0.225355
0.0278665 0.224557
0.0278965 0.223752
0.0279264 0.222939
0.0279564 0.22212
0.0279864 0.221293
0.0280164 0.220459
0.0280464 0.219619
0.0280763 0.218771
0.0281063 0.217916
0.0281363 0.217054
0.0281663 0.216185
0.0281963 0.215309
0.0282262 0.214426
0.0282562 0.213536
0.0282862 0.21264
0.0283162 0.211736
0.0283461 0.210826
0.0283761 0.209909
0.0284061 0.208985
0.0284361 0.208055
0.0284661 0.207117
0.028496 0.206174
0.028526 0.205223
0.028556 0.204266
0.028586 0.203302
0.028616 0.202332
0.0286459 0.201355
0.0286759 0.200372
0.0287059 0.199382
0.0287359 0.198386
0.0287659 0.197383
0.0287958 0.196374
0.0288258 0.195359
0.0288558 0.194338
0.0288858 0.19331
0.0289158 0.192276
0.0289457 0.191235
0.0289757 0.190189
0.0290057 0.189137
0.0290357 0.188078
0.0290656 0.187013
0.0290956 0.185942
0.0291256 0.184866
0.0291556 0.183783
0.0291856 0.182694
0.0292155 0.1816
0.0292455 0.180499
0.0292755 0.179393
0.0293055 0.178281
0.0293355 0.177163
0.0293654 0.17604
0.0293954 0.174911
0.0294254 0.173776
0.0294554 0.172636
0.0294854 0.17149
0.0295153 0.170338
0.0295453 0.169181
0.0295753 0.168019
0.0296053 0.166851
0.0296353 0.165677
0.0296652 0.164499
0.0296952 0.163315
0.0297252 0.162125
0.0297552 0.160931
0.0297852 0.159731
0.0298151 0.158527
0.0298451 0.157317
0.0298751 0.156102
0.0299051 0.154881
0.029935 0.153656
0.029965 0.152426
0.029995 0.151191
0.030025 0.149952
0.030055 0.148707
0.0300849 0.147457
0.0301149 0.146203
0.0301449 0.144944
0.0301749 0.143681
0.0302049 0.142412
0.0302348 0.141139
0.0302648 0.139862
0.0302948 0.13858
0.0303248 0.137294
0.0303548 0.136003
0.0303847 0.134707
0.0304147 0.133408
0.0304447 0.132104
0.0304747 0.130796
0.0305047 0.129483
0.0305346 0.128167
0.0305646 0.126846
0.0305946 0.125521
0.0306246 0.124192
0.0306545 0.12286
0.0306845 0.121523
0.0307145 0.120182
0.0307445 0.118837
0.0307745 0.117489
0.0308044 0.116137
0.0308344 0.114781
0.0308644 0.113421
0.0308944 0.112058
0.0309244 0.110691
0.0309543 0.10932
0.0309843 0.107946
0.0310143 0.106569
0.0310443 0.105188
0.0310743 0.103804
0.0311042 0.102416
0.0311342 0.101025
0.0311642 0.0996307
0.0311942 0.0982333
0.0312242 0.0968328
0.0312541 0.0954291
0.0312841 0.0940224
0.0313141 0.0926126
0.0313441 0.0911999
0.0313741 0.0897842
0.031404 0.0883657
0.031434 0.0869444
0.031464 0.0855202
0.031494 0.0840933
0.0315239 0.0826638
0.0315539 0.0812315
0.0315839 0.0797967
0.0316139 0.0783594
0.0316439 0.0769195
0.0316738 0.0754772
0.0317038 0.0740324
0.0317338 0.0725853
0.0317638 0.0711359
0.0317938 0.0696843
0.0318237 0.0682304
0.0318537 0.0667743
0.0318837 0.0653162
0.0319137 0.0638559
0.0319437 0.0623936
0.0319736 0.0609294
0.0320036 0.0594632
0.0320336 0.0579952
0.0320636 0.0565253
0.0320936 0.0550536
0.0321235 0.0535802
0.0321535 0.0521052
0.0321835 0.0506285
0.0322135 0.0491502
0.0322434 0.0476703
0.0322734 0.046189
0.0323034 0.0447063
0.0323334 0.0432221
0.0323634 0.0417366
0.0323933 0.0402498
0.0324233 0.0387618
0.0324533 0.0372726
0.0324833 0.0357823
0.0325133 0.0342908
0.0325432 0.0327983
0.0325732 0.0313048
0.0326032 0.0298104
0.0326332 0.0283151
0.0326632 0.0268189
0.0326931 0.025322
0.0327231 0.0238242
0.0327531 0.0223258
0.0327831 0.0208268
0.0328131 0.0193271
0.032843 0.017827
0.032873 0.0163263
0.032903 0.0148251
0.032933 0.0133236
0.032963 0.0118217
0.0329929 0.0103196
0.0330229 0.00881715
0.0330529 0.00731454
0.0330829 0.00581178
0.0331128 0.00430893
0.0331428 0.00280603
0.0331728 0.00130314
0.0332028 -0.000199697
0.0332328 -0.00170243
0.0332627 -0.00320501
0.0332927 -0.00470738
0.0333227 -0.0062095
0.0333527 -0.00771131
0.0333827 -0.00921277
0.0334126 -0.0107138
0.0334426 -0.0122144
0.0334726 -0.0137145
0.0335026 -0.015214
0.0335326 -0.016713
0.0335625 -0.0182112
0.0335925 -0.0197088
0.0336225 -0.0212056
0.0336525 -0.0227016
0.0336825 -0.0241968
0.0337124 -0.025691
0.0337424 -0.0271843
0.0337724 -0.0286766
0.0338024 -0.0301678
0.0338323 -0.0316579
0.0338623 -0.0331469
0.0338923 -0.0346347
0.0339223 -0.0361212
0.0339523 -0.0376064
0.0339822 -0.0390902
0.0340122 -0.0405727
0.0340422 -0.0420537
0.0340722 -0.0435332
0.0341022 -0.0450111
0.0341321 -0.0464875
0.0341621 -0.0479622
0.0341921 -0.0494351
0.0342221 -0.0509064
0.0342521 -0.0523758
0.034282 -0.0538434
0.034312 -0.0553091
0.034342 -0.0567729
0.034372 -0.0582347
0.034402 -0.0596944
0.0344319 -0.061152
0.0344619 -0.0626075
0.0344919 -0.0640608
0.0345219 -0.0655119
0.0345519 -0.0669607
0.0345818 -0.0684071
0.0346118 -0.0698512
0.0346418 -0.0712929
0.0346718 -0.072732
0.0347017 -0.0741687
0.0347317 -0.0756027
0.0347617 -0.0770342
0.0347917 -0.0784629
0.0348217 -0.079889
0.0348516 -0.0813123
0.0348816 -0.0827328
0.0349116 -0.0841504
0.0349416 -0.0855651
0.0349716 -0.0869769
0.0350015 -0.0883856
0.0350315 -0.0897913
0.0350615 -0.091194
0.0350915 -0.0925934
0.0351215 -0.0939897
0.0351514 -0.0953828
0.0351814 -0.0967726
0.0352114 -0.098159
0.0352414 -0.0995421
0.0352714 -0.100922
0.0353013 -0.102298
0.0353313 -0.103671
0.0353613 -0.10504
0.0353913 -0.106405
0.0354212 -0.107767
0.0354512 -0.109125
0.0354812 -0.11048
0.0355112 -0.111831
0.0355412 -0.113177
0.0355711 -0.11452
0.0356011 -0.115859
0.0356311 -0.117195
0.0356611 -0.118526
0.0356911 -0.119853
0.035721 -0.121176
0.035751 -0.122494
0.035781 -0.123809
0.035811 -0.12512
0.035841 -0.126426
0.0358709 -0.127728
0.0359009 -0.129025
0.0359309 -0.130318
0.0359609 -0.131607
0.0359909 -0.132891
0.0360208 -0.134171
0.0360508 -0.135446
0.0360808 -0.136716
0.0361108 -0.137982
0.0361408 -0.139243
0.0361707 -0.1405
0.0362007 -0.141751
0.0362307 -0.142998
0.0362607 -0.14424
0.0362906 -0.145477
0.0363206 -0.146709
0.0363506 -0.147937
0.0363806 -0.149159
0.0364106 -0.150376
0.0364405 -0.151588
0.0364705 -0.152795
0.0365005 -0.153996
0.0365305 -0.155193
0.0365605 -0.156384
0.0365904 -0.15757
0.0366204 -0.158751
0.0366504 -0.159926
0.0366804 -0.161096
0.0367104 -0.16226
0.0367403 -0.163419
0.0367703 -0.164572
0.0368003 -0.16572
0.0368303 -0.166862
0.0368603 -0.167999
0.0368902 -0.16913
0.0369202 -0.170255
0.0369502 -0.171375
0.0369802 -0.172488
0.0370101 -0.173596
0.0370401 -0.174698
0.0370701 -0.175794
0.0371001 -0.176885
0.0371301 -0.177969
0.03716 -0.179047
0.03719 -0.180119
0.03722 -0.181186
0.03725 -0.182246
0.03728 -0.1833
0.0373099 -0.184347
0.0373399 -0.185389
0.0373699 -0.186424
0.0373999 -0.187453
0.0374299 -0.188476
0.0374598 -0.189493
0.0374898 -0.190503
0.0375198 -0.191507
0.0375498 -0.192504
0.0375798 -0.193495
0.0376097 -0.194479
0.0376397 -0.195457
0.0376697 -0.196428
0.0376997 -0.197393
0.0377297 -0.198351
0.0377596 -0.199302
0.0377896 -0.200247
0.0378196 -0.201185
0.0378496 -0.202117
0.0378795 -0.203041
0.0379095 -0.203959
0.0379395 -0.20487
0.0379695 -0.205774
0.0379995 -0.206671
0.0380294 -0.207562
0.0380594 -0.208445
0.0380894 -0.209322
0.0381194 -0.210191
0.0381494 -0.211054
0.0381793 -0.211909
0.0382093 -0.212757
0.0382393 -0.213599
0.0382693 -0.214433
0.0382993 -0.21526
0.0383292 -0.21608
0.0383592 -0.216892
0.0383892 -0.217698
0.0384192 -0.218496
0.0384492 -0.219287
0.0384791 -0.220071
0.0385091 -0.220847
0.0385391 -0.221616
0.0385691 -0.222378
0.038599 -0.223132
0.038629 -0.223879
0.038659 -0.224618
0.038689 -0.22535
0.038719 -0.226074
0.0387489 -0.226791
0.0387789 -0.227501
0.0388089 -0.228203
0.0388389 -0.228897
0.0388689 -0.229584
0.0388988 -0.230263
0.0389288 -0.230935
0.0389588 -0.231599
0.0389888 -0.232255
0.0390188 -0.232904
0.0390487 -0.233545
0.0390787 -0.234178
0.0391087 -0.234803
0.0391387 -0.235421
0.0391687 -0.236031
0.0391986 -0.236633
0.0392286 -0.237228
0.0392586 -0.237814
0.0392886 -0.238393
0.0393186 -0.238964
0.0393485 -0.239527
0.0393785 -0.240082
0.0394085 -0.240629
0.0394385 -0.241168
0.0394684 -0.2417
0.0394984 -0.242223
0.0395284 -0.242739
0.0395584 -0.243246
0.0395884 -0.243746
0.0396183 -0.244237
0.0396483 -0.244721
0.0396783 -0.245196
0.0397083 -0.245663
0.0397383 -0.246123
0.0397682 -0.246574
0.0397982 -0.247017
0.0398282 -0.247453
0.0398582 -0.24788
0.0398882 -0.248299
0.0399181 -0.248709
0.0399481 -0.249112
0.0399781 -0.249507
0.0400081 -0.249893
0.0400381 -0.250271
0.040068 -0.250641
0.040098 -0.251003
0.040128 -0.251357
0.040158 -0.251703
0.0401879 -0.25204
0.0402179 -0.252369
0.0402479 -0.25269
0.0402779 -0.253003
0.0403079 -0.253307
0.0403378 -0.253603
0.0403678 -0.253891
0.0403978 -0.254171
0.0404278 -0.254443
0.0404578 -0.254706
0.0404877 -0.254961
0.0405177 -0.255207
0.0405477 -0.255446
0.0405777 -0.255676
0.0406077 -0.255898
0.0406376 -0.256111
0.0406676 -0.256317
0.0406976 -0.256514
0.0407276 -0.256702
0.0407576 -0.256883
0.0407875 -0.257055
0.0408175 -0.257219
0.0408475 -0.257374
0.0408775 -0.257522
0.0409075 -0.25766
0.0409374 -0.257791
0.0409674 -0.257913
0.0409974 -0.258027
0.0410274 -0.258133
0.0410573 -0.25823
0.0410873 -0.258319
0.0411173 -0.2584
0.0411473 -0.258473
0.0411773 -0.258537
0.0412072 -0.258593
0.0412372 -0.25864
0.0412672 -0.25868
0.0412972 -0.258711
0.0413272 -0.258733
0.0413571 -0.258748
0.0413871 -0.258754
0.0414171 -0.258752
0.0414471 -0.258741
0.0414771 -0.258722
0.041507 -0.258696
0.041537 -0.25866
0.041567 -0.258617
0.041597 -0.258565
0.041627 -0.258505
0.0416569 -0.258437
0.0416869 -0.258361
0.0417169 -0.258276
0.0417469 -0.258183
0.0417768 -0.258082
0.0418068 -0.257973
0.0418368 -0.257855
0.0418668 -0.257729
0.0418968 -0.257596
0.0419267 -0.257454
0.0419567 -0.257303
0.0419867 -0.257145
0.0420167 -0.256979
0.0420467 -0.256804
0.0420766 -0.256621
0.0421066 -0.25643
0.0421366 -0.256231
0.0421666 -0.256024
0.0421966 -0.255809
0.0422265 -0.255586
0.0422565 -0.255355
0.0422865 -0.255115
0.0423165 -0.254868
0.0423465 -0.254613
0.0423764 -0.254349
0.0424064 -0.254078
0.0424364 -0.253799
0.0424664 -0.253511
0.0424964 -0.253216
0.0425263 -0.252913
0.0425563 -0.252602
0.0425863 -0.252283
0.0426163 -0.251956
0.0426462 -0.251621
0.0426762 -0.251278
0.0427062 -0.250927
0.0427362 -0.250569
0.0427662 -0.250203
0.0427961 -0.249828
0.0428261 -0.249447
0.0428561 -0.249057
0.0428861 -0.24866
0.0429161 -0.248254
0.042946 -0.247841
0.042976 -0.247421
0.043006 -0.246993
0.043036 -0.246557
0.043066 -0.246113
0.0430959 -0.245662
0.0431259 -0.245203
0.0431559 -0.244736
0.0431859 -0.244262
0.0432159 -0.243781
0.0432458 -0.243292
0.0432758 -0.242795
0.0433058 -0.242291
0.0433358 -0.241779
0.0433657 -0.24126
0.0433957 -0.240734
0.0434257 -0.2402
0.0434557 -0.239658
0.0434857 -0.23911
0.0435156 -0.238553
0.0435456 -0.23799
0.0435756 -0.237419
0.0436056 -0.236841
0.0436356 -0.236256
0.0436655 -0.235664
0.0436955 -0.235064
0.0437255 -0.234457
0.0437555 -0.233843
0.0437855 -0.233222
0.0438154 -0.232593
0.0438454 -0.231958
0.0438754 -0.231315
0.0439054 -0.230666
0.0439354 -0.230009
0.0439653 -0.229345
0.0439953 -0.228675
0.0440253 -0.227997
0.0440553 -0.227313
0.0440853 -0.226621
0.0441152 -0.225923
0.0441452 -0.225218
0.0441752 -0.224506
0.0442052 -0.223787
0.0442351 -0.223062
0.0442651 -0.22233
0.0442951 -0.221591
0.0443251 -0.220845
0.0443551 -0.220093
0.044385 -0.219334
0.044415 -0.218568
0.044445 -0.217796
0.044475 -0.217018
0.044505 -0.216232
0.0445349 -0.215441
0.0445649 -0.214643
0.0445949 -0.213838
0.0446249 -0.213027
0.0446549 -0.21221
0.0446848 -0.211386
0.0447148 -0.210556
0.0447448 -0.20972
0.0447748 -0.208877
0.0448048 -0.208029
0.0448347 -0.207174
0.0448647 -0.206313
0.0448947 -0.205445
0.0449247 -0.204572
0.0449546 -0.203693
0.0449846 -0.202807
