9.795144886862248990e-02
4.847850318337008219e-02
8.671062882789004611e-02
1.467758455213034052e-01
9.036435193736680471e-02
1.414719137331070520e-01
5.891616626765326659e-02
5.489084015545479811e-02
2.053417865997570757e-01
5.913571173218801907e-02
7.783432165963624638e-02
5.510560277924408945e-02
1.953406846237771277e-01
1.221174781665873427e-01
3.030458341409373452e-02
5.108541877069561199e-02
5.509754265366652304e-02
4.068879291374998680e-02
5.917102105986345867e-02
7.147432968278394361e-02
7.579176719406073570e-02
3.131774447173397979e-02
6.283198942369375151e-02
3.467320119181090954e-01
6.408659014990751857e-01
