1.489157650362379348e-01
9.161836496067737867e-02
1.559264889801930676e-01
3.976608342240590677e-01
1.436015182072238328e-01
2.447624027661698398e-01
1.114853430157221881e-01
9.936533383467552327e-02
5.899861224702178664e-01
1.105880006930934495e-01
1.454047620937408691e-01
1.089623887984970535e-01
3.615428386100619229e-01
2.494626147597790999e-01
5.938280963784663136e-02
9.598283458365682030e-02
1.104522022050419827e-01
7.509402539769600982e-02
1.100738373832976791e-01
1.136819807412916689e-01
1.619898895410170903e-01
1.170340665741372854e-01
1.257695041059724017e-01
7.125382553153891685e-01
1.314463581745978882e+00
