    -4.19000000E-002     0.00000000E+000
    -4.18500000E-002    -1.86122439E-012
    -4.18000000E-002    -4.05440833E-012
    -4.17500000E-002    -6.62196440E-012
    -4.17000000E-002    -9.60802661E-012
    -4.16500000E-002    -1.30577251E-011
    -4.16000000E-002    -1.70163246E-011
    -4.15500000E-002    -2.15282396E-011
    -4.15000000E-002    -2.66359732E-011
    -4.14500000E-002    -3.23790082E-011
    -4.14000000E-002    -3.87927490E-011
    -4.13500000E-002    -4.59075221E-011
    -4.13000000E-002    -5.37474872E-011
    -4.12500000E-002    -6.23301864E-011
    -4.12000000E-002    -7.16666290E-011
    -4.11500000E-002    -8.17614255E-011
    -4.11000000E-002    -9.26135171E-011
    -4.10500000E-002    -1.04217221E-010
    -4.10000000E-002    -1.16563628E-010
    -4.09500000E-002    -1.29642672E-010
    -4.09000000E-002    -1.43445535E-010
    -4.08500000E-002    -1.57967187E-010
    -4.08000000E-002    -1.73208973E-010
    -4.07500000E-002    -1.89181007E-010
    -4.07000000E-002    -2.05904205E-010
    -4.06500000E-002    -2.23411841E-010
    -4.06000000E-002    -2.41750285E-010
    -4.05500000E-002    -2.60978738E-010
    -4.05000000E-002    -2.81168073E-010
    -4.04500000E-002    -3.02398679E-010
    -4.04000000E-002    -3.24757415E-010
    -4.03500000E-002    -3.48333879E-010
    -4.03000000E-002    -3.73216160E-010
    -4.02500000E-002    -3.99486407E-010
    -4.02000000E-002    -4.27216586E-010
    -4.01500000E-002    -4.56464792E-010
    -4.01000000E-002    -4.87272457E-010
    -4.00500000E-002    -5.19662763E-010
    -4.00000000E-002    -5.53640486E-010
    -3.99500000E-002    -5.89193397E-010
    -3.99000000E-002    -6.26295257E-010
    -3.98500000E-002    -6.64910297E-010
    -3.98000000E-002    -7.04999030E-010
    -3.97500000E-002    -7.46525084E-010
    -3.97000000E-002    -7.89462713E-010
    -3.96500000E-002    -8.33804566E-010
    -3.96000000E-002    -8.79569240E-010
    -3.95500000E-002    -9.26808109E-010
    -3.95000000E-002    -9.75610876E-010
    -3.94500000E-002    -1.02610928E-009
    -3.94000000E-002    -1.07847839E-009
    -3.93500000E-002    -1.13293494E-009
    -3.93000000E-002    -1.18973228E-009
    -3.92500000E-002    -1.24915158E-009
    -3.92000000E-002    -1.31148942E-009
    -3.91500000E-002    -1.37704195E-009
    -3.91000000E-002    -1.44608652E-009
    -3.90500000E-002    -1.51886217E-009
    -3.90000000E-002    -1.59555076E-009
    -3.89500000E-002    -1.67626110E-009
    -3.89000000E-002    -1.76101869E-009
    -3.88500000E-002    -1.84976360E-009
    -3.88000000E-002    -1.94235856E-009
    -3.87500000E-002    -2.03860857E-009
    -3.87000000E-002    -2.13829190E-009
    -3.86500000E-002    -2.24120080E-009
    -3.86000000E-002    -2.34718840E-009
    -3.85500000E-002    -2.45621632E-009
    -3.85000000E-002    -2.56839660E-009
    -3.84500000E-002    -2.68402037E-009
    -3.84000000E-002    -2.80356687E-009
    -3.83500000E-002    -2.92768520E-009
    -3.83000000E-002    -3.05714860E-009
    -3.82500000E-002    -3.19278977E-009
    -3.82000000E-002    -3.33541414E-009
    -3.81500000E-002    -3.48570104E-009
    -3.81000000E-002    -3.64411400E-009
    -3.80500000E-002    -3.81083085E-009
    -3.80000000E-002    -3.98571342E-009
    -3.79500000E-002    -4.16833003E-009
    -3.79000000E-002    -4.35803190E-009
    -3.78500000E-002    -4.55408082E-009
    -3.78000000E-002    -4.75581369E-009
    -3.77500000E-002    -4.96281925E-009
    -3.77000000E-002    -5.17509689E-009
    -3.76500000E-002    -5.39316407E-009
    -3.76000000E-002    -5.61808084E-009
    -3.75500000E-002    -5.85137593E-009
    -3.75000000E-002    -6.09487307E-009
    -3.74500000E-002    -6.35043612E-009
    -3.74000000E-002    -6.61967449E-009
    -3.73500000E-002    -6.90366363E-009
    -3.73000000E-002    -7.20274282E-009
    -3.72500000E-002    -7.51644606E-009
    -3.72000000E-002    -7.84360102E-009
    -3.71500000E-002    -8.18259856E-009
    -3.71000000E-002    -8.53179638E-009
    -3.70500000E-002    -8.88998300E-009
    -3.70000000E-002    -9.25680206E-009
    -3.69500000E-002    -9.63303108E-009
    -3.69000000E-002    -1.00206279E-008
    -3.68500000E-002    -1.04225034E-008
    -3.68000000E-002    -1.08420409E-008
    -3.67500000E-002    -1.12824531E-008
    -3.67000000E-002    -1.17461188E-008
    -3.66500000E-002    -1.22340715E-008
    -3.66000000E-002    -1.27457927E-008
    -3.65500000E-002    -1.32793997E-008
    -3.65000000E-002    -1.38322235E-008
    -3.64500000E-002    -1.44016610E-008
    -3.64000000E-002    -1.49860924E-008
    -3.63500000E-002    -1.55856116E-008
    -3.63000000E-002    -1.62023386E-008
    -3.62500000E-002    -1.68401802E-008
    -3.62000000E-002    -1.75040555E-008
    -3.61500000E-002    -1.81987672E-008
    -3.61000000E-002    -1.89278304E-008
    -3.60500000E-002    -1.96926202E-008
    -3.60000000E-002    -2.04921364E-008
    -3.59500000E-002    -2.13235158E-008
    -3.59000000E-002    -2.21831898E-008
    -3.58500000E-002    -2.30683598E-008
    -3.58000000E-002    -2.39783175E-008
    -3.57500000E-002    -2.49151483E-008
    -3.57000000E-002    -2.58835250E-008
    -3.56500000E-002    -2.68896010E-008
    -3.56000000E-002    -2.79393375E-008
    -3.55500000E-002    -2.90368446E-008
    -3.55000000E-002    -3.01833541E-008
    -3.54500000E-002    -3.13772619E-008
    -3.54000000E-002    -3.26152791E-008
    -3.53500000E-002    -3.38942672E-008
    -3.53000000E-002    -3.52131617E-008
    -3.52500000E-002    -3.65741312E-008
    -3.52000000E-002    -3.79823773E-008
    -3.51500000E-002    -3.94446933E-008
    -3.51000000E-002    -4.09672629E-008
    -3.50500000E-002    -4.25536584E-008
    -3.50000000E-002    -4.42040009E-008
    -3.49500000E-002    -4.59157111E-008
    -3.49000000E-002    -4.76856331E-008
    -3.48500000E-002    -4.95126190E-008
    -3.48000000E-002    -5.13993460E-008
    -3.47500000E-002    -5.33523990E-008
    -3.47000000E-002    -5.53804181E-008
    -3.46500000E-002    -5.74910573E-008
    -3.46000000E-002    -5.96882155E-008
    -3.45500000E-002    -6.19710331E-008
    -3.45000000E-002    -6.43353664E-008
    -3.44500000E-002    -6.67772354E-008
    -3.44000000E-002    -6.92965974E-008
    -3.43500000E-002    -7.18994128E-008
    -3.43000000E-002    -7.45966645E-008
    -3.42500000E-002    -7.74005140E-008
    -3.42000000E-002    -8.03194129E-008
    -3.41500000E-002    -8.33548152E-008
    -3.41000000E-002    -8.65015621E-008
    -3.40500000E-002    -8.97521612E-008
    -3.40000000E-002    -9.31029503E-008
    -3.39500000E-002    -9.65587885E-008
    -3.39000000E-002    -1.00133372E-007
    -3.38500000E-002    -1.03844509E-007
    -3.38000000E-002    -1.07706616E-007
    -3.37500000E-002    -1.11724603E-007
    -3.37000000E-002    -1.15892933E-007
    -3.36500000E-002    -1.20200925E-007
    -3.36000000E-002    -1.24641626E-007
    -3.35500000E-002    -1.29219187E-007
    -3.35000000E-002    -1.33950099E-007
    -3.34500000E-002    -1.38857109E-007
    -3.34000000E-002    -1.43959092E-007
    -3.33500000E-002    -1.49262966E-007
    -3.33000000E-002    -1.54762812E-007
    -3.32500000E-002    -1.60447062E-007
    -3.32000000E-002    -1.66309448E-007
    -3.31500000E-002    -1.72356761E-007
    -3.31000000E-002    -1.78608348E-007
    -3.30500000E-002    -1.85087624E-007
    -3.30000000E-002    -1.91811298E-007
    -3.29500000E-002    -1.98783646E-007
    -3.29000000E-002    -2.05999696E-007
    -3.28500000E-002    -2.13454888E-007
    -3.28000000E-002    -2.21154118E-007
    -3.27500000E-002    -2.29113545E-007
    -3.27000000E-002    -2.37354036E-007
    -3.26500000E-002    -2.45891530E-007
    -3.26000000E-002    -2.54731958E-007
    -3.25500000E-002    -2.63874695E-007
    -3.25000000E-002    -2.73321562E-007
    -3.24500000E-002    -2.83083703E-007
    -3.24000000E-002    -2.93180226E-007
    -3.23500000E-002    -3.03630012E-007
    -3.23000000E-002    -3.14444109E-007
    -3.22500000E-002    -3.25625468E-007
    -3.22000000E-002    -3.37177060E-007
    -3.21500000E-002    -3.49111326E-007
    -3.21000000E-002    -3.61451678E-007
    -3.20500000E-002    -3.74223830E-007
    -3.20000000E-002    -3.87443909E-007
    -3.19500000E-002    -4.01114307E-007
    -3.19000000E-002    -4.15232304E-007
    -3.18500000E-002    -4.29804899E-007
    -3.18000000E-002    -4.44856593E-007
    -3.17500000E-002    -4.60422262E-007
    -3.17000000E-002    -4.76530457E-007
    -3.16500000E-002    -4.93191928E-007
    -3.16000000E-002    -5.10404614E-007
    -3.15500000E-002    -5.28171264E-007
    -3.15000000E-002    -5.46513590E-007
    -3.14500000E-002    -5.65469442E-007
    -3.14000000E-002    -5.85075059E-007
    -3.13500000E-002    -6.05349139E-007
    -3.13000000E-002    -6.26294172E-007
    -3.12500000E-002    -6.47913805E-007
    -3.12000000E-002    -6.70229159E-007
    -3.11500000E-002    -6.93277925E-007
    -3.11000000E-002    -7.17097660E-007
    -3.10500000E-002    -7.41710934E-007
    -3.10000000E-002    -7.67127957E-007
    -3.09500000E-002    -7.93363507E-007
    -3.09000000E-002    -8.20449386E-007
    -3.08500000E-002    -8.48428380E-007
    -3.08000000E-002    -8.77336203E-007
    -3.07500000E-002    -9.07191708E-007
    -3.07000000E-002    -9.38006759E-007
    -3.06500000E-002    -9.69804919E-007
    -3.06000000E-002    -1.00262763E-006
    -3.05500000E-002    -1.03652068E-006
    -3.05000000E-002    -1.07151684E-006
    -3.04500000E-002    -1.10763570E-006
    -3.04000000E-002    -1.14490142E-006
    -3.03500000E-002    -1.18335736E-006
    -3.03000000E-002    -1.22305869E-006
    -3.02500000E-002    -1.26405044E-006
    -3.02000000E-002    -1.30635696E-006
    -3.01500000E-002    -1.34999678E-006
    -3.01000000E-002    -1.39500671E-006
    -3.00500000E-002    -1.44144688E-006
    -3.00000000E-002    -1.48937977E-006
    -2.99500000E-002    -1.53884752E-006
    -2.99000000E-002    -1.58987429E-006
    -2.98500000E-002    -1.64249099E-006
    -2.98000000E-002    -1.69675350E-006
    -2.97500000E-002    -1.75273348E-006
    -2.97000000E-002    -1.81049358E-006
    -2.96500000E-002    -1.87007612E-006
    -2.96000000E-002    -1.93151676E-006
    -2.95500000E-002    -1.99486488E-006
    -2.95000000E-002    -2.06018762E-006
    -2.94500000E-002    -2.12755538E-006
    -2.94000000E-002    -2.19702697E-006
    -2.93500000E-002    -2.26865375E-006
    -2.93000000E-002    -2.34249226E-006
    -2.92500000E-002    -2.41860870E-006
    -2.92000000E-002    -2.49707648E-006
    -2.91500000E-002    -2.57796890E-006
    -2.91000000E-002    -2.66135569E-006
    -2.90500000E-002    -2.74730538E-006
    -2.90000000E-002    -2.83588904E-006
    -2.89500000E-002    -2.92718414E-006
    -2.89000000E-002    -3.02127483E-006
    -2.88500000E-002    -3.11824565E-006
    -2.88000000E-002    -3.21817449E-006
    -2.87500000E-002    -3.32113560E-006
    -2.87000000E-002    -3.42721195E-006
    -2.86500000E-002    -3.53650309E-006
    -2.86000000E-002    -3.64911549E-006
    -2.85500000E-002    -3.76514484E-006
    -2.85000000E-002    -3.88467440E-006
    -2.84500000E-002    -4.00779265E-006
    -2.84000000E-002    -4.13460658E-006
    -2.83500000E-002    -4.26523233E-006
    -2.83000000E-002    -4.39977736E-006
    -2.82500000E-002    -4.53834113E-006
    -2.82000000E-002    -4.68103331E-006
    -2.81500000E-002    -4.82798133E-006
    -2.81000000E-002    -4.97931452E-006
    -2.80500000E-002    -5.13514826E-006
    -2.80000000E-002    -5.29559245E-006
    -2.79500000E-002    -5.46077264E-006
    -2.79000000E-002    -5.63083305E-006
    -2.78500000E-002    -5.80591809E-006
    -2.78000000E-002    -5.98616020E-006
    -2.77500000E-002    -6.17169112E-006
    -2.77000000E-002    -6.36265876E-006
    -2.76500000E-002    -6.55922539E-006
    -2.76000000E-002    -6.76155078E-006
    -2.75500000E-002    -6.96978363E-006
    -2.75000000E-002    -7.18407143E-006
    -2.74500000E-002    -7.40457554E-006
    -2.74000000E-002    -7.63147484E-006
    -2.73500000E-002    -7.86495569E-006
    -2.73000000E-002    -8.10519964E-006
    -2.72500000E-002    -8.35238154E-006
    -2.72000000E-002    -8.60668027E-006
    -2.71500000E-002    -8.86828900E-006
    -2.71000000E-002    -9.13741108E-006
    -2.70500000E-002    -9.41424728E-006
    -2.70000000E-002    -9.69899498E-006
    -2.69500000E-002    -9.99186317E-006
    -2.69000000E-002    -1.02930802E-005
    -2.68500000E-002    -1.06028795E-005
    -2.68000000E-002    -1.09214834E-005
    -2.67500000E-002    -1.12491114E-005
    -2.67000000E-002    -1.15860005E-005
    -2.66500000E-002    -1.19324077E-005
    -2.66000000E-002    -1.22885916E-005
    -2.65500000E-002    -1.26548055E-005
    -2.65000000E-002    -1.30313078E-005
    -2.64500000E-002    -1.34183603E-005
    -2.64000000E-002    -1.38162295E-005
    -2.63500000E-002    -1.42251937E-005
    -2.63000000E-002    -1.46455416E-005
    -2.62500000E-002    -1.50775768E-005
    -2.62000000E-002    -1.55216086E-005
    -2.61500000E-002    -1.59779434E-005
    -2.61000000E-002    -1.64468961E-005
    -2.60500000E-002    -1.69287942E-005
    -2.60000000E-002    -1.74239715E-005
    -2.59500000E-002    -1.79327649E-005
    -2.59000000E-002    -1.84555220E-005
    -2.58500000E-002    -1.89926036E-005
    -2.58000000E-002    -1.95443757E-005
    -2.57500000E-002    -2.01112059E-005
    -2.57000000E-002    -2.06934717E-005
    -2.56500000E-002    -2.12915685E-005
    -2.56000000E-002    -2.19059011E-005
    -2.55500000E-002    -2.25368774E-005
    -2.55000000E-002    -2.31849145E-005
    -2.54500000E-002    -2.38504429E-005
    -2.54000000E-002    -2.45339004E-005
    -2.53500000E-002    -2.52357278E-005
    -2.53000000E-002    -2.59563756E-005
    -2.52500000E-002    -2.66963117E-005
    -2.52000000E-002    -2.74560176E-005
    -2.51500000E-002    -2.82359829E-005
    -2.51000000E-002    -2.90367060E-005
    -2.50500000E-002    -2.98586973E-005
    -2.50000000E-002    -3.07024797E-005
    -2.49500000E-002    -3.15685871E-005
    -2.49000000E-002    -3.24575630E-005
    -2.48500000E-002    -3.33699626E-005
    -2.48000000E-002    -3.43063569E-005
    -2.47500000E-002    -3.52673352E-005
    -2.47000000E-002    -3.62534978E-005
    -2.46500000E-002    -3.72654491E-005
    -2.46000000E-002    -3.83038044E-005
    -2.45500000E-002    -3.93692000E-005
    -2.45000000E-002    -4.04622879E-005
    -2.44500000E-002    -4.15837261E-005
    -2.44000000E-002    -4.27341854E-005
    -2.43500000E-002    -4.39143621E-005
    -2.43000000E-002    -4.51249715E-005
    -2.42500000E-002    -4.63667321E-005
    -2.42000000E-002    -4.76403701E-005
    -2.41500000E-002    -4.89466350E-005
    -2.41000000E-002    -5.02862992E-005
    -2.40500000E-002    -5.16601479E-005
    -2.40000000E-002    -5.30689813E-005
    -2.39500000E-002    -5.45136210E-005
    -2.39000000E-002    -5.59949043E-005
    -2.38500000E-002    -5.75136807E-005
    -2.38000000E-002    -5.90708210E-005
    -2.37500000E-002    -6.06672201E-005
    -2.37000000E-002    -6.23037875E-005
    -2.36500000E-002    -6.39814476E-005
    -2.36000000E-002    -6.57011526E-005
    -2.35500000E-002    -6.74638825E-005
    -2.35000000E-002    -6.92706047E-005
    -2.34500000E-002    -7.11222585E-005
    -2.34000000E-002    -7.30198319E-005
    -2.33500000E-002    -7.49643766E-005
    -2.33000000E-002    -7.69569660E-005
    -2.32500000E-002    -7.89987054E-005
    -2.32000000E-002    -8.10907189E-005
    -2.31500000E-002    -8.32341384E-005
    -2.31000000E-002    -8.54301110E-005
    -2.30500000E-002    -8.76798039E-005
    -2.30000000E-002    -8.99844151E-005
    -2.29500000E-002    -9.23451704E-005
    -2.29000000E-002    -9.47633100E-005
    -2.28500000E-002    -9.72400978E-005
    -2.28000000E-002    -9.97768363E-005
    -2.27500000E-002    -1.02374851E-004
    -2.27000000E-002    -1.05035492E-004
    -2.26500000E-002    -1.07760139E-004
    -2.26000000E-002    -1.10550194E-004
    -2.25500000E-002    -1.13407074E-004
    -2.25000000E-002    -1.16332224E-004
    -2.24500000E-002    -1.19327119E-004
    -2.24000000E-002    -1.22393261E-004
    -2.23500000E-002    -1.25532179E-004
    -2.23000000E-002    -1.28745436E-004
    -2.22500000E-002    -1.32034624E-004
    -2.22000000E-002    -1.35401363E-004
    -2.21500000E-002    -1.38847298E-004
    -2.21000000E-002    -1.42374110E-004
    -2.20500000E-002    -1.45983517E-004
    -2.20000000E-002    -1.49677266E-004
    -2.19500000E-002    -1.53457134E-004
    -2.19000000E-002    -1.57324936E-004
    -2.18500000E-002    -1.61282519E-004
    -2.18000000E-002    -1.65331764E-004
    -2.17500000E-002    -1.69474582E-004
    -2.17000000E-002    -1.73712917E-004
    -2.16500000E-002    -1.78048754E-004
    -2.16000000E-002    -1.82484111E-004
    -2.15500000E-002    -1.87021035E-004
    -2.15000000E-002    -1.91661612E-004
    -2.14500000E-002    -1.96407967E-004
    -2.14000000E-002    -2.01262264E-004
    -2.13500000E-002    -2.06226700E-004
    -2.13000000E-002    -2.11303505E-004
    -2.12500000E-002    -2.16494951E-004
    -2.12000000E-002    -2.21803356E-004
    -2.11500000E-002    -2.27231073E-004
    -2.11000000E-002    -2.32780497E-004
    -2.10500000E-002    -2.38454067E-004
    -2.10000000E-002    -2.44254269E-004
    -2.09500000E-002    -2.50183633E-004
    -2.09000000E-002    -2.56244734E-004
    -2.08500000E-002    -2.62440190E-004
    -2.08000000E-002    -2.68772668E-004
    -2.07500000E-002    -2.75244877E-004
    -2.07000000E-002    -2.81859578E-004
    -2.06500000E-002    -2.88619572E-004
    -2.06000000E-002    -2.95527729E-004
    -2.05500000E-002    -3.02586969E-004
    -2.05000000E-002    -3.09800023E-004
    -2.04500000E-002    -3.17169646E-004
    -2.04000000E-002    -3.24698858E-004
    -2.03500000E-002    -3.32390733E-004
    -2.03000000E-002    -3.40248486E-004
    -2.02500000E-002    -3.48275389E-004
    -2.02000000E-002    -3.56474651E-004
    -2.01500000E-002    -3.64849539E-004
    -2.01000000E-002    -3.73403378E-004
    -2.00500000E-002    -3.82139550E-004
    -2.00000000E-002    -3.91061486E-004
    -1.99500000E-002    -4.00172647E-004
    -1.99000000E-002    -4.09476547E-004
    -1.98500000E-002    -4.18976796E-004
    -1.98000000E-002    -4.28677077E-004
    -1.97500000E-002    -4.38581121E-004
    -1.97000000E-002    -4.48692718E-004
    -1.96500000E-002    -4.59015693E-004
    -1.96000000E-002    -4.69553907E-004
    -1.95500000E-002    -4.80311274E-004
    -1.95000000E-002    -4.91291774E-004
    -1.94500000E-002    -5.02499448E-004
    -1.94000000E-002    -5.13938395E-004
    -1.93500000E-002    -5.25612768E-004
    -1.93000000E-002    -5.37526788E-004
    -1.92500000E-002    -5.49684735E-004
    -1.92000000E-002    -5.62090953E-004
    -1.91500000E-002    -5.74749851E-004
    -1.91000000E-002    -5.87665906E-004
    -1.90500000E-002    -6.00843666E-004
    -1.90000000E-002    -6.14287745E-004
    -1.89500000E-002    -6.28002826E-004
    -1.89000000E-002    -6.41993659E-004
    -1.88500000E-002    -6.56265059E-004
    -1.88000000E-002    -6.70821914E-004
    -1.87500000E-002    -6.85669176E-004
    -1.87000000E-002    -7.00811862E-004
    -1.86500000E-002    -7.16255052E-004
    -1.86000000E-002    -7.32003891E-004
    -1.85500000E-002    -7.48063592E-004
    -1.85000000E-002    -7.64439436E-004
    -1.84500000E-002    -7.81136765E-004
    -1.84000000E-002    -7.98160993E-004
    -1.83500000E-002    -8.15517609E-004
    -1.83000000E-002    -8.33212173E-004
    -1.82500000E-002    -8.51250315E-004
    -1.82000000E-002    -8.69637739E-004
    -1.81500000E-002    -8.88380236E-004
    -1.81000000E-002    -9.07483679E-004
    -1.80500000E-002    -9.26954022E-004
    -1.80000000E-002    -9.46797295E-004
    -1.79500000E-002    -9.67019619E-004
    -1.79000000E-002    -9.87627192E-004
    -1.78500000E-002    -1.00862630E-003
    -1.78000000E-002    -1.03002329E-003
    -1.77500000E-002    -1.05182463E-003
    -1.77000000E-002    -1.07403686E-003
    -1.76500000E-002    -1.09666663E-003
    -1.76000000E-002    -1.11972072E-003
    -1.75500000E-002    -1.14320549E-003
    -1.75000000E-002    -1.16712705E-003
    -1.74500000E-002    -1.19149197E-003
    -1.74000000E-002    -1.21630722E-003
    -1.73500000E-002    -1.24158001E-003
    -1.73000000E-002    -1.26731779E-003
    -1.72500000E-002    -1.29352789E-003
    -1.72000000E-002    -1.32021756E-003
    -1.71500000E-002    -1.34739414E-003
    -1.71000000E-002    -1.37506508E-003
    -1.70500000E-002    -1.40323791E-003
    -1.70000000E-002    -1.43192023E-003
    -1.69500000E-002    -1.46111966E-003
    -1.69000000E-002    -1.49084395E-003
    -1.68500000E-002    -1.52110107E-003
    -1.68000000E-002    -1.55189907E-003
    -1.67500000E-002    -1.58324608E-003
    -1.67000000E-002    -1.61515028E-003
    -1.66500000E-002    -1.64761984E-003
    -1.66000000E-002    -1.68066299E-003
    -1.65500000E-002    -1.71428807E-003
    -1.65000000E-002    -1.74850350E-003
    -1.64500000E-002    -1.78331777E-003
    -1.64000000E-002    -1.81873947E-003
    -1.63500000E-002    -1.85477725E-003
    -1.63000000E-002    -1.89143987E-003
    -1.62500000E-002    -1.92873615E-003
    -1.62000000E-002    -1.96667503E-003
    -1.61500000E-002    -2.00526555E-003
    -1.61000000E-002    -2.04451683E-003
    -1.60500000E-002    -2.08443810E-003
    -1.60000000E-002    -2.12503869E-003
    -1.59500000E-002    -2.16632802E-003
    -1.59000000E-002    -2.20831560E-003
    -1.58500000E-002    -2.25101101E-003
    -1.58000000E-002    -2.29442393E-003
    -1.57500000E-002    -2.33856411E-003
    -1.57000000E-002    -2.38344137E-003
    -1.56500000E-002    -2.42906562E-003
    -1.56000000E-002    -2.47544682E-003
    -1.55500000E-002    -2.52259501E-003
    -1.55000000E-002    -2.57052032E-003
    -1.54500000E-002    -2.61923292E-003
    -1.54000000E-002    -2.66874309E-003
    -1.53500000E-002    -2.71906117E-003
    -1.53000000E-002    -2.77019760E-003
    -1.52500000E-002    -2.82216288E-003
    -1.52000000E-002    -2.87496763E-003
    -1.51500000E-002    -2.92862256E-003
    -1.51000000E-002    -2.98313850E-003
    -1.50500000E-002    -3.03852636E-003
    -1.50000000E-002    -3.09479717E-003
    -1.49500000E-002    -3.15196206E-003
    -1.49000000E-002    -3.21003223E-003
    -1.48500000E-002    -3.26901897E-003
    -1.48000000E-002    -3.32893367E-003
    -1.47500000E-002    -3.38978784E-003
    -1.47000000E-002    -3.45159309E-003
    -1.46500000E-002    -3.51436125E-003
    -1.46000000E-002    -3.57810382E-003
    -1.45500000E-002    -3.64283055E-003
    -1.45000000E-002    -3.70855157E-003
    -1.44500000E-002    -3.77527872E-003
    -1.44000000E-002    -3.84302403E-003
    -1.43500000E-002    -3.91180030E-003
    -1.43000000E-002    -3.98162024E-003
    -1.42500000E-002    -4.05249581E-003
    -1.42000000E-002    -4.12443910E-003
    -1.41500000E-002    -4.19746226E-003
    -1.41000000E-002    -4.27157752E-003
    -1.40500000E-002    -4.34679723E-003
    -1.40000000E-002    -4.42313357E-003
    -1.39500000E-002    -4.50059874E-003
    -1.39000000E-002    -4.57920547E-003
    -1.38500000E-002    -4.65896657E-003
    -1.38000000E-002    -4.73989496E-003
    -1.37500000E-002    -4.82200362E-003
    -1.37000000E-002    -4.90530518E-003
    -1.36500000E-002    -4.98981227E-003
    -1.36000000E-002    -5.07553761E-003
    -1.35500000E-002    -5.16249397E-003
    -1.35000000E-002    -5.25069414E-003
    -1.34500000E-002    -5.34015095E-003
    -1.34000000E-002    -5.43087726E-003
    -1.33500000E-002    -5.52288596E-003
    -1.33000000E-002    -5.61619001E-003
    -1.32500000E-002    -5.71080243E-003
    -1.32000000E-002    -5.80673630E-003
    -1.31500000E-002    -5.90400477E-003
    -1.31000000E-002    -6.00262107E-003
    -1.30500000E-002    -6.10259850E-003
    -1.30000000E-002    -6.20395039E-003
    -1.29500000E-002    -6.30669013E-003
    -1.29000000E-002    -6.41083113E-003
    -1.28500000E-002    -6.51638681E-003
    -1.28000000E-002    -6.62337062E-003
    -1.27500000E-002    -6.73179597E-003
    -1.27000000E-002    -6.84167626E-003
    -1.26500000E-002    -6.95302489E-003
    -1.26000000E-002    -7.06585522E-003
    -1.25500000E-002    -7.18018064E-003
    -1.25000000E-002    -7.29601448E-003
    -1.24500000E-002    -7.41337006E-003
    -1.24000000E-002    -7.53226068E-003
    -1.23500000E-002    -7.65269966E-003
    -1.23000000E-002    -7.77470031E-003
    -1.22500000E-002    -7.89827599E-003
    -1.22000000E-002    -8.02344009E-003
    -1.21500000E-002    -8.15020604E-003
    -1.21000000E-002    -8.27858733E-003
    -1.20500000E-002    -8.40859748E-003
    -1.20000000E-002    -8.54025004E-003
    -1.19500000E-002    -8.67355855E-003
    -1.19000000E-002    -8.80853658E-003
    -1.18500000E-002    -8.94519767E-003
    -1.18000000E-002    -9.08355543E-003
    -1.17500000E-002    -9.22362345E-003
    -1.17000000E-002    -9.36541558E-003
    -1.16500000E-002    -9.50894572E-003
    -1.16000000E-002    -9.65422372E-003
    -1.15500000E-002    -9.80125823E-003
    -1.15000000E-002    -9.95006150E-003
    -1.14500000E-002    -1.01006466E-002
    -1.14000000E-002    -1.02530280E-002
    -1.13500000E-002    -1.04072207E-002
    -1.13000000E-002    -1.05632376E-002
    -1.12500000E-002    -1.07210912E-002
    -1.12000000E-002    -1.08807943E-002
    -1.11500000E-002    -1.10423593E-002
    -1.11000000E-002    -1.12057987E-002
    -1.10500000E-002    -1.13711248E-002
    -1.10000000E-002    -1.15383493E-002
    -1.09500000E-002    -1.17074845E-002
    -1.09000000E-002    -1.18785432E-002
    -1.08500000E-002    -1.20515380E-002
    -1.08000000E-002    -1.22264819E-002
    -1.07500000E-002    -1.24033870E-002
    -1.07000000E-002    -1.25822647E-002
    -1.06500000E-002    -1.27631265E-002
    -1.06000000E-002    -1.29459835E-002
    -1.05500000E-002    -1.31308470E-002
    -1.05000000E-002    -1.33177279E-002
    -1.04500000E-002    -1.35066372E-002
    -1.04000000E-002    -1.36975856E-002
    -1.03500000E-002    -1.38905836E-002
    -1.03000000E-002    -1.40856417E-002
    -1.02500000E-002    -1.42827705E-002
    -1.02000000E-002    -1.44819802E-002
    -1.01500000E-002    -1.46832812E-002
    -1.01000000E-002    -1.48866837E-002
    -1.00500000E-002    -1.50921979E-002
    -1.00000000E-002    -1.52998337E-002
    -9.95000000E-003    -1.55096012E-002
    -9.90000000E-003    -1.57215099E-002
    -9.85000000E-003    -1.59355694E-002
    -9.80000000E-003    -1.61517889E-002
    -9.75000000E-003    -1.63701773E-002
    -9.70000000E-003    -1.65907435E-002
    -9.65000000E-003    -1.68134960E-002
    -9.60000000E-003    -1.70384430E-002
    -9.55000000E-003    -1.72655924E-002
    -9.50000000E-003    -1.74949519E-002
    -9.45000000E-003    -1.77265291E-002
    -9.40000000E-003    -1.79603312E-002
    -9.35000000E-003    -1.81963653E-002
    -9.30000000E-003    -1.84346381E-002
    -9.25000000E-003    -1.86751565E-002
    -9.20000000E-003    -1.89179271E-002
    -9.15000000E-003    -1.91629565E-002
    -9.10000000E-003    -1.94102510E-002
    -9.05000000E-003    -1.96598170E-002
    -9.00000000E-003    -1.99116604E-002
    -8.95000000E-003    -2.01657873E-002
    -8.90000000E-003    -2.04222032E-002
    -8.85000000E-003    -2.06809137E-002
    -8.80000000E-003    -2.09419241E-002
    -8.75000000E-003    -2.12052396E-002
    -8.70000000E-003    -2.14708658E-002
    -8.65000000E-003    -2.17388039E-002
    -8.60000000E-003    -2.20090493E-002
    -8.55000000E-003    -2.22816004E-002
    -8.50000000E-003    -2.25564604E-002
    -8.45000000E-003    -2.28336337E-002
    -8.40000000E-003    -2.31131262E-002
    -8.35000000E-003    -2.33949423E-002
    -8.30000000E-003    -2.36790832E-002
    -8.25000000E-003    -2.39655502E-002
    -8.20000000E-003    -2.42543442E-002
    -8.15000000E-003    -2.45454661E-002
    -8.10000000E-003    -2.48389162E-002
    -8.05000000E-003    -2.51346936E-002
    -8.00000000E-003    -2.54327971E-002
    -7.95000000E-003    -2.57332270E-002
    -7.90000000E-003    -2.60359836E-002
    -7.85000000E-003    -2.63410675E-002
    -7.80000000E-003    -2.66484789E-002
    -7.75000000E-003    -2.69582152E-002
    -7.70000000E-003    -2.72702734E-002
    -7.65000000E-003    -2.75846502E-002
    -7.60000000E-003    -2.79013420E-002
    -7.55000000E-003    -2.82203449E-002
    -7.50000000E-003    -2.85416543E-002
    -7.45000000E-003    -2.88652654E-002
    -7.40000000E-003    -2.91911729E-002
    -7.35000000E-003    -2.95193712E-002
    -7.30000000E-003    -2.98498545E-002
    -7.25000000E-003    -3.01826168E-002
    -7.20000000E-003    -3.05176516E-002
    -7.15000000E-003    -3.08549524E-002
    -7.10000000E-003    -3.11945124E-002
    -7.05000000E-003    -3.15363243E-002
    -7.00000000E-003    -3.18803808E-002
    -6.95000000E-003    -3.22266738E-002
    -6.90000000E-003    -3.25751948E-002
    -6.85000000E-003    -3.29259348E-002
    -6.80000000E-003    -3.32788844E-002
    -6.75000000E-003    -3.36340334E-002
    -6.70000000E-003    -3.39913713E-002
    -6.65000000E-003    -3.43508867E-002
    -6.60000000E-003    -3.47125679E-002
    -6.55000000E-003    -3.50764026E-002
    -6.50000000E-003    -3.54423778E-002
    -6.45000000E-003    -3.58104802E-002
    -6.40000000E-003    -3.61806961E-002
    -6.35000000E-003    -3.65530110E-002
    -6.30000000E-003    -3.69274107E-002
    -6.25000000E-003    -3.73038803E-002
    -6.20000000E-003    -3.76824049E-002
    -6.15000000E-003    -3.80629691E-002
    -6.10000000E-003    -3.84455575E-002
    -6.05000000E-003    -3.88301542E-002
    -6.00000000E-003    -3.92167428E-002
    -5.95000000E-003    -3.96053068E-002
    -5.90000000E-003    -3.99958290E-002
    -5.85000000E-003    -4.03882919E-002
    -5.80000000E-003    -4.07826775E-002
    -5.75000000E-003    -4.11789687E-002
    -5.70000000E-003    -4.15771472E-002
    -5.65000000E-003    -4.19771798E-002
    -5.60000000E-003    -4.23790326E-002
    -5.55000000E-003    -4.27826848E-002
    -5.50000000E-003    -4.31881150E-002
    -5.45000000E-003    -4.35953065E-002
    -5.40000000E-003    -4.40042423E-002
    -5.35000000E-003    -4.44148981E-002
    -5.30000000E-003    -4.48272498E-002
    -5.25000000E-003    -4.52412724E-002
    -5.20000000E-003    -4.56569412E-002
    -5.15000000E-003    -4.60742309E-002
    -5.10000000E-003    -4.64931140E-002
    -5.05000000E-003    -4.69135616E-002
    -5.00000000E-003    -4.73355473E-002
    -4.95000000E-003    -4.77590449E-002
    -4.90000000E-003    -4.81840297E-002
    -4.85000000E-003    -4.86104774E-002
    -4.80000000E-003    -4.90383592E-002
    -4.75000000E-003    -4.94676445E-002
    -4.70000000E-003    -4.98983023E-002
    -4.65000000E-003    -5.03303010E-002
    -4.60000000E-003    -5.07636088E-002
    -4.55000000E-003    -5.11981929E-002
    -4.50000000E-003    -5.16340203E-002
    -4.45000000E-003    -5.20710572E-002
    -4.40000000E-003    -5.25092695E-002
    -4.35000000E-003    -5.29486229E-002
    -4.30000000E-003    -5.33890827E-002
    -4.25000000E-003    -5.38306138E-002
    -4.20000000E-003    -5.42731813E-002
    -4.15000000E-003    -5.47167497E-002
    -4.10000000E-003    -5.51612834E-002
    -4.05000000E-003    -5.56067463E-002
    -4.00000000E-003    -5.60531018E-002
    -3.95000000E-003    -5.65003127E-002
    -3.90000000E-003    -5.69483413E-002
    -3.85000000E-003    -5.73971491E-002
    -3.80000000E-003    -5.78466969E-002
    -3.75000000E-003    -5.82969450E-002
    -3.70000000E-003    -5.87478527E-002
    -3.65000000E-003    -5.91993789E-002
    -3.60000000E-003    -5.96514818E-002
    -3.55000000E-003    -6.01041188E-002
    -3.50000000E-003    -6.05572471E-002
    -3.45000000E-003    -6.10108228E-002
    -3.40000000E-003    -6.14648023E-002
    -3.35000000E-003    -6.19191415E-002
    -3.30000000E-003    -6.23737960E-002
    -3.25000000E-003    -6.28287214E-002
    -3.20000000E-003    -6.32838732E-002
    -3.15000000E-003    -6.37392068E-002
    -3.10000000E-003    -6.41946774E-002
    -3.05000000E-003    -6.46502399E-002
    -3.00000000E-003    -6.51058487E-002
    -2.95000000E-003    -6.55614578E-002
    -2.90000000E-003    -6.60170211E-002
    -2.85000000E-003    -6.64724920E-002
    -2.80000000E-003    -6.69278244E-002
    -2.75000000E-003    -6.73829722E-002
    -2.70000000E-003    -6.78378767E-002
    -2.65000000E-003    -6.82924715E-002
    -2.60000000E-003    -6.87467009E-002
    -2.55000000E-003    -6.92005150E-002
    -2.50000000E-003    -6.96538678E-002
    -2.45000000E-003    -7.01067157E-002
    -2.40000000E-003    -7.05590095E-002
    -2.35000000E-003    -7.10106966E-002
    -2.30000000E-003    -7.14617244E-002
    -2.25000000E-003    -7.19120401E-002
    -2.20000000E-003    -7.23615911E-002
    -2.15000000E-003    -7.28103234E-002
    -2.10000000E-003    -7.32581793E-002
    -2.05000000E-003    -7.37051029E-002
    -2.00000000E-003    -7.41510414E-002
    -1.95000000E-003    -7.45959438E-002
    -1.90000000E-003    -7.50397627E-002
    -1.85000000E-003    -7.54824471E-002
    -1.80000000E-003    -7.59239399E-002
    -1.75000000E-003    -7.63641838E-002
    -1.70000000E-003    -7.68031213E-002
    -1.65000000E-003    -7.72406949E-002
    -1.60000000E-003    -7.76768466E-002
    -1.55000000E-003    -7.81115179E-002
    -1.50000000E-003    -7.85446504E-002
    -1.45000000E-003    -7.89761854E-002
    -1.40000000E-003    -7.94060641E-002
    -1.35000000E-003    -7.98342279E-002
    -1.30000000E-003    -8.02606183E-002
    -1.25000000E-003    -8.06851770E-002
    -1.20000000E-003    -8.11078461E-002
    -1.15000000E-003    -8.15285677E-002
    -1.10000000E-003    -8.19472839E-002
    -1.05000000E-003    -8.23639364E-002
    -1.00000000E-003    -8.27784670E-002
    -9.50000000E-004    -8.31908172E-002
    -9.00000000E-004    -8.36009280E-002
    -8.50000000E-004    -8.40087399E-002
    -8.00000000E-004    -8.44141931E-002
    -7.50000000E-004    -8.48172275E-002
    -7.00000000E-004    -8.52177826E-002
    -6.50000000E-004    -8.56157976E-002
    -6.00000000E-004    -8.60112112E-002
    -5.50000000E-004    -8.64039619E-002
    -5.00000000E-004    -8.67939883E-002
    -4.50000000E-004    -8.71812289E-002
    -4.00000000E-004    -8.75656225E-002
    -3.50000000E-004    -8.79471082E-002
    -3.00000000E-004    -8.83256254E-002
    -2.50000000E-004    -8.87011141E-002
    -2.00000000E-004    -8.90735147E-002
    -1.50000000E-004    -8.94427680E-002
    -1.00000000E-004    -8.98088150E-002
    -5.00000000E-005    -9.01715966E-002
     0.00000000E+000    -9.05310541E-002
     5.00000000E-005    -9.08871287E-002
     1.00000000E-004    -9.12397618E-002
     1.50000000E-004    -9.15888951E-002
     2.00000000E-004    -9.19344713E-002
     2.50000000E-004    -9.22764285E-002
     3.00000000E-004    -9.26146896E-002
     3.50000000E-004    -9.29491818E-002
     4.00000000E-004    -9.32798458E-002
     4.50000000E-004    -9.36066242E-002
     5.00000000E-004    -9.39294654E-002
     5.50000000E-004    -9.42483160E-002
     6.00000000E-004    -9.45631161E-002
     6.50000000E-004    -9.48738066E-002
     7.00000000E-004    -9.51803287E-002
     7.50000000E-004    -9.54826246E-002
     8.00000000E-004    -9.57806369E-002
     8.50000000E-004    -9.60743024E-002
     9.00000000E-004    -9.63635580E-002
     9.50000000E-004    -9.66483469E-002
     1.00000000E-003    -9.69286132E-002
     1.05000000E-003    -9.72043114E-002
     1.10000000E-003    -9.74753966E-002
     1.15000000E-003    -9.77418114E-002
     1.20000000E-003    -9.80034974E-002
     1.25000000E-003    -9.82603976E-002
     1.30000000E-003    -9.85124552E-002
     1.35000000E-003    -9.87596137E-002
     1.40000000E-003    -9.90018170E-002
     1.45000000E-003    -9.92390095E-002
     1.50000000E-003    -9.94711357E-002
     1.55000000E-003    -9.96981409E-002
     1.60000000E-003    -9.99199713E-002
     1.65000000E-003    -1.00136574E-001
     1.70000000E-003    -1.00347896E-001
     1.75000000E-003    -1.00553888E-001
     1.80000000E-003    -1.00754498E-001
     1.85000000E-003    -1.00949678E-001
     1.90000000E-003    -1.01139377E-001
     1.95000000E-003    -1.01323549E-001
     2.00000000E-003    -1.01502144E-001
     2.05000000E-003    -1.01675114E-001
     2.10000000E-003    -1.01842413E-001
     2.15000000E-003    -1.02003991E-001
     2.20000000E-003    -1.02159803E-001
     2.25000000E-003    -1.02309802E-001
     2.30000000E-003    -1.02453940E-001
     2.35000000E-003    -1.02592171E-001
     2.40000000E-003    -1.02724449E-001
     2.45000000E-003    -1.02850729E-001
     2.50000000E-003    -1.02970966E-001
     2.55000000E-003    -1.03085116E-001
     2.60000000E-003    -1.03193136E-001
     2.65000000E-003    -1.03294985E-001
     2.70000000E-003    -1.03390622E-001
     2.75000000E-003    -1.03480007E-001
     2.80000000E-003    -1.03563102E-001
     2.85000000E-003    -1.03639870E-001
     2.90000000E-003    -1.03710275E-001
     2.95000000E-003    -1.03774280E-001
     3.00000000E-003    -1.03831850E-001
     3.05000000E-003    -1.03882951E-001
     3.10000000E-003    -1.03927550E-001
     3.15000000E-003    -1.03965613E-001
     3.20000000E-003    -1.03997110E-001
     3.25000000E-003    -1.04021996E-001
     3.30000000E-003    -1.04040225E-001
     3.35000000E-003    -1.04051764E-001
     3.40000000E-003    -1.04056582E-001
     3.45000000E-003    -1.04054653E-001
     3.50000000E-003    -1.04045956E-001
     3.55000000E-003    -1.04030463E-001
     3.60000000E-003    -1.04008145E-001
     3.65000000E-003    -1.03978977E-001
     3.70000000E-003    -1.03942932E-001
     3.75000000E-003    -1.03899988E-001
     3.80000000E-003    -1.03850116E-001
     3.85000000E-003    -1.03793287E-001
     3.90000000E-003    -1.03729475E-001
     3.95000000E-003    -1.03658660E-001
     4.00000000E-003    -1.03580830E-001
     4.05000000E-003    -1.03495981E-001
     4.10000000E-003    -1.03404102E-001
     4.15000000E-003    -1.03305171E-001
     4.20000000E-003    -1.03199170E-001
     4.25000000E-003    -1.03086083E-001
     4.30000000E-003    -1.02965892E-001
     4.35000000E-003    -1.02838583E-001
     4.40000000E-003    -1.02704140E-001
     4.45000000E-003    -1.02562552E-001
     4.50000000E-003    -1.02413805E-001
     4.55000000E-003    -1.02257888E-001
     4.60000000E-003    -1.02094793E-001
     4.65000000E-003    -1.01924512E-001
     4.70000000E-003    -1.01747037E-001
     4.75000000E-003    -1.01562365E-001
     4.80000000E-003    -1.01370492E-001
     4.85000000E-003    -1.01171414E-001
     4.90000000E-003    -1.00965131E-001
     4.95000000E-003    -1.00751642E-001
     5.00000000E-003    -1.00530947E-001
     5.05000000E-003    -1.00303047E-001
     5.10000000E-003    -1.00067943E-001
     5.15000000E-003    -9.98256392E-002
     5.20000000E-003    -9.95761374E-002
     5.25000000E-003    -9.93194416E-002
     5.30000000E-003    -9.90555566E-002
     5.35000000E-003    -9.87844880E-002
     5.40000000E-003    -9.85062421E-002
     5.45000000E-003    -9.82208268E-002
     5.50000000E-003    -9.79282504E-002
     5.55000000E-003    -9.76285233E-002
     5.60000000E-003    -9.73216570E-002
     5.65000000E-003    -9.70076647E-002
     5.70000000E-003    -9.66865614E-002
     5.75000000E-003    -9.63583630E-002
     5.80000000E-003    -9.60230870E-002
     5.85000000E-003    -9.56807521E-002
     5.90000000E-003    -9.53313781E-002
     5.95000000E-003    -9.49749857E-002
     6.00000000E-003    -9.46115966E-002
     6.05000000E-003    -9.42412334E-002
     6.10000000E-003    -9.38639198E-002
     6.15000000E-003    -9.34796810E-002
     6.20000000E-003    -9.30885390E-002
     6.25000000E-003    -9.26905124E-002
     6.30000000E-003    -9.22856234E-002
     6.35000000E-003    -9.18738988E-002
     6.40000000E-003    -9.14553684E-002
     6.45000000E-003    -9.10300656E-002
     6.50000000E-003    -9.05980230E-002
     6.55000000E-003    -9.01592721E-002
     6.60000000E-003    -8.97138461E-002
     6.65000000E-003    -8.92617796E-002
     6.70000000E-003    -8.88031087E-002
     6.75000000E-003    -8.83378693E-002
     6.80000000E-003    -8.78660906E-002
     6.85000000E-003    -8.73878043E-002
     6.90000000E-003    -8.69030485E-002
     6.95000000E-003    -8.64118659E-002
     7.00000000E-003    -8.59143165E-002
     7.05000000E-003    -8.54104576E-002
     7.10000000E-003    -8.49003303E-002
     7.15000000E-003    -8.43839762E-002
     7.20000000E-003    -8.38614396E-002
     7.25000000E-003    -8.33327657E-002
     7.30000000E-003    -8.27980012E-002
     7.35000000E-003    -8.22571931E-002
     7.40000000E-003    -8.17103901E-002
     7.45000000E-003    -8.11576415E-002
     7.50000000E-003    -8.05989982E-002
     7.55000000E-003    -8.00345126E-002
     7.60000000E-003    -7.94642381E-002
     7.65000000E-003    -7.88882296E-002
     7.70000000E-003    -7.83065433E-002
     7.75000000E-003    -7.77192365E-002
     7.80000000E-003    -7.71263681E-002
     7.85000000E-003    -7.65279974E-002
     7.90000000E-003    -7.59241847E-002
     7.95000000E-003    -7.53149909E-002
     8.00000000E-003    -7.47004779E-002
     8.05000000E-003    -7.40807081E-002
     8.10000000E-003    -7.34557449E-002
     8.15000000E-003    -7.28256518E-002
     8.20000000E-003    -7.21904932E-002
     8.25000000E-003    -7.15503341E-002
     8.30000000E-003    -7.09052406E-002
     8.35000000E-003    -7.02552792E-002
     8.40000000E-003    -6.96005173E-002
     8.45000000E-003    -6.89410230E-002
     8.50000000E-003    -6.82768657E-002
     8.55000000E-003    -6.76081159E-002
     8.60000000E-003    -6.69348452E-002
     8.65000000E-003    -6.62571263E-002
     8.70000000E-003    -6.55750328E-002
     8.75000000E-003    -6.48886395E-002
     8.80000000E-003    -6.41980220E-002
     8.85000000E-003    -6.35032566E-002
     8.90000000E-003    -6.28044204E-002
     8.95000000E-003    -6.21015906E-002
     9.00000000E-003    -6.13948453E-002
     9.05000000E-003    -6.06842634E-002
     9.10000000E-003    -5.99699241E-002
     9.15000000E-003    -5.92519074E-002
     9.20000000E-003    -5.85302924E-002
     9.25000000E-003    -5.78051593E-002
     9.30000000E-003    -5.70765877E-002
     9.35000000E-003    -5.63446582E-002
     9.40000000E-003    -5.56094539E-002
     9.45000000E-003    -5.48710586E-002
     9.50000000E-003    -5.41295557E-002
     9.55000000E-003    -5.33850297E-002
     9.60000000E-003    -5.26375659E-002
     9.65000000E-003    -5.18872503E-002
     9.70000000E-003    -5.11341697E-002
     9.75000000E-003    -5.03784053E-002
     9.80000000E-003    -4.96200366E-002
     9.85000000E-003    -4.88591482E-002
     9.90000000E-003    -4.80958262E-002
     9.95000000E-003    -4.73301719E-002
     1.00000000E-002    -4.65622908E-002
     1.00500000E-002    -4.57922742E-002
     1.01000000E-002    -4.50202096E-002
     1.01500000E-002    -4.42461858E-002
     1.02000000E-002    -4.34702923E-002
     1.02500000E-002    -4.26926196E-002
     1.03000000E-002    -4.19132579E-002
     1.03500000E-002    -4.11322985E-002
     1.04000000E-002    -4.03498326E-002
     1.04500000E-002    -3.95659524E-002
     1.05000000E-002    -3.87807505E-002
     1.05500000E-002    -3.79943197E-002
     1.06000000E-002    -3.72067533E-002
     1.06500000E-002    -3.64181454E-002
     1.07000000E-002    -3.56285904E-002
     1.07500000E-002    -3.48381831E-002
     1.08000000E-002    -3.40470182E-002
     1.08500000E-002    -3.32551906E-002
     1.09000000E-002    -3.24627954E-002
     1.09500000E-002    -3.16699279E-002
     1.10000000E-002    -3.08766835E-002
     1.10500000E-002    -3.00831573E-002
     1.11000000E-002    -2.92894444E-002
     1.11500000E-002    -2.84956401E-002
     1.12000000E-002    -2.77018398E-002
     1.12500000E-002    -2.69081387E-002
     1.13000000E-002    -2.61146322E-002
     1.13500000E-002    -2.53214155E-002
     1.14000000E-002    -2.45285837E-002
     1.14500000E-002    -2.37362325E-002
     1.15000000E-002    -2.29444575E-002
     1.15500000E-002    -2.21533544E-002
     1.16000000E-002    -2.13630189E-002
     1.16500000E-002    -2.05735466E-002
     1.17000000E-002    -1.97850334E-002
     1.17500000E-002    -1.89975753E-002
     1.18000000E-002    -1.82112678E-002
     1.18500000E-002    -1.74262063E-002
     1.19000000E-002    -1.66424858E-002
     1.19500000E-002    -1.58602015E-002
     1.20000000E-002    -1.50794480E-002
     1.20500000E-002    -1.43003197E-002
     1.21000000E-002    -1.35229106E-002
     1.21500000E-002    -1.27473166E-002
     1.22000000E-002    -1.19736349E-002
     1.22500000E-002    -1.12019589E-002
     1.23000000E-002    -1.04323804E-002
     1.23500000E-002    -9.66499092E-003
     1.24000000E-002    -8.89988185E-003
     1.24500000E-002    -8.13714516E-003
     1.25000000E-002    -7.37687296E-003
     1.25500000E-002    -6.61915712E-003
     1.26000000E-002    -5.86408920E-003
     1.26500000E-002    -5.11176040E-003
     1.27000000E-002    -4.36225955E-003
     1.27500000E-002    -3.61567197E-003
     1.28000000E-002    -2.87208377E-003
     1.28500000E-002    -2.13158239E-003
     1.29000000E-002    -1.39425980E-003
     1.29500000E-002    -6.60215226E-004
     1.30000000E-002     7.04575304E-005
     1.30500000E-002     7.97672614E-004
     1.31000000E-002     1.52134421E-003
     1.31500000E-002     2.24138644E-003
     1.32000000E-002     2.95771393E-003
     1.32500000E-002     3.67024172E-003
     1.33000000E-002     4.37888529E-003
     1.33500000E-002     5.08356050E-003
     1.34000000E-002     5.78418372E-003
     1.34500000E-002     6.48067199E-003
     1.35000000E-002     7.17294307E-003
     1.35500000E-002     7.86091525E-003
     1.36000000E-002     8.54450730E-003
     1.36500000E-002     9.22363861E-003
     1.37000000E-002     9.89822948E-003
     1.37500000E-002     1.05682010E-002
     1.38000000E-002     1.12334749E-002
     1.38500000E-002     1.18939734E-002
     1.39000000E-002     1.25496196E-002
     1.39500000E-002     1.32003373E-002
     1.40000000E-002     1.38460514E-002
     1.40500000E-002     1.44866871E-002
     1.41000000E-002     1.51221706E-002
     1.41500000E-002     1.57524285E-002
     1.42000000E-002     1.63773885E-002
     1.42500000E-002     1.69969793E-002
     1.43000000E-002     1.76111300E-002
     1.43500000E-002     1.82197706E-002
     1.44000000E-002     1.88228320E-002
     1.44500000E-002     1.94202458E-002
     1.45000000E-002     2.00119449E-002
     1.45500000E-002     2.05978630E-002
     1.46000000E-002     2.11779347E-002
     1.46500000E-002     2.17520953E-002
     1.47000000E-002     2.23202815E-002
     1.47500000E-002     2.28824307E-002
     1.48000000E-002     2.34384816E-002
     1.48500000E-002     2.39883735E-002
     1.49000000E-002     2.45320467E-002
     1.49500000E-002     2.50694426E-002
     1.50000000E-002     2.56005036E-002
     1.50500000E-002     2.61251733E-002
     1.51000000E-002     2.66433950E-002
     1.51500000E-002     2.71551097E-002
     1.52000000E-002     2.76602608E-002
     1.52500000E-002     2.81587964E-002
     1.53000000E-002     2.86506657E-002
     1.53500000E-002     2.91358193E-002
     1.54000000E-002     2.96142084E-002
     1.54500000E-002     3.00857841E-002
     1.55000000E-002     3.05504985E-002
     1.55500000E-002     3.10083050E-002
     1.56000000E-002     3.14591581E-002
     1.56500000E-002     3.19030136E-002
     1.57000000E-002     3.23398292E-002
     1.57500000E-002     3.27695636E-002
     1.58000000E-002     3.31921763E-002
     1.58500000E-002     3.36076282E-002
     1.59000000E-002     3.40158779E-002
     1.59500000E-002     3.44168855E-002
     1.60000000E-002     3.48106145E-002
     1.60500000E-002     3.51970294E-002
     1.61000000E-002     3.55760958E-002
     1.61500000E-002     3.59477804E-002
     1.62000000E-002     3.63120507E-002
     1.62500000E-002     3.66688753E-002
     1.63000000E-002     3.70182238E-002
     1.63500000E-002     3.73600671E-002
     1.64000000E-002     3.76943774E-002
     1.64500000E-002     3.80211281E-002
     1.65000000E-002     3.83402938E-002
     1.65500000E-002     3.86518503E-002
     1.66000000E-002     3.89557748E-002
     1.66500000E-002     3.92520461E-002
     1.67000000E-002     3.95406439E-002
     1.67500000E-002     3.98215492E-002
     1.68000000E-002     4.00947439E-002
     1.68500000E-002     4.03602113E-002
     1.69000000E-002     4.06179358E-002
     1.69500000E-002     4.08679029E-002
     1.70000000E-002     4.11100991E-002
     1.70500000E-002     4.13445120E-002
     1.71000000E-002     4.15711300E-002
     1.71500000E-002     4.17899431E-002
     1.72000000E-002     4.20009423E-002
     1.72500000E-002     4.22041195E-002
     1.73000000E-002     4.23994678E-002
     1.73500000E-002     4.25869815E-002
     1.74000000E-002     4.27666564E-002
     1.74500000E-002     4.29384895E-002
     1.75000000E-002     4.31024791E-002
     1.75500000E-002     4.32586250E-002
     1.76000000E-002     4.34069280E-002
     1.76500000E-002     4.35473906E-002
     1.77000000E-002     4.36800164E-002
     1.77500000E-002     4.38048102E-002
     1.78000000E-002     4.39217779E-002
     1.78500000E-002     4.40309264E-002
     1.79000000E-002     4.41322640E-002
     1.79500000E-002     4.42257997E-002
     1.80000000E-002     4.43115443E-002
     1.80500000E-002     4.43895091E-002
     1.81000000E-002     4.44597045E-002
     1.81500000E-002     4.45221415E-002
     1.82000000E-002     4.45768345E-002
     1.82500000E-002     4.46237996E-002
     1.83000000E-002     4.46630544E-002
     1.83500000E-002     4.46946181E-002
     1.84000000E-002     4.47185095E-002
     1.84500000E-002     4.47347492E-002
     1.85000000E-002     4.47433587E-002
     1.85500000E-002     4.47443609E-002
     1.86000000E-002     4.47377801E-002
     1.86500000E-002     4.47236400E-002
     1.87000000E-002     4.47019638E-002
     1.87500000E-002     4.46727774E-002
     1.88000000E-002     4.46361083E-002
     1.88500000E-002     4.45919892E-002
     1.89000000E-002     4.45404560E-002
     1.89500000E-002     4.44815422E-002
     1.90000000E-002     4.44152793E-002
     1.90500000E-002     4.43417003E-002
     1.91000000E-002     4.42608395E-002
     1.91500000E-002     4.41727320E-002
     1.92000000E-002     4.40774139E-002
     1.92500000E-002     4.39749223E-002
     1.93000000E-002     4.38652956E-002
     1.93500000E-002     4.37485732E-002
     1.94000000E-002     4.36247957E-002
     1.94500000E-002     4.34940046E-002
     1.95000000E-002     4.33562429E-002
     1.95500000E-002     4.32115546E-002
     1.96000000E-002     4.30599850E-002
     1.96500000E-002     4.29015803E-002
     1.97000000E-002     4.27363877E-002
     1.97500000E-002     4.25644552E-002
     1.98000000E-002     4.23858317E-002
     1.98500000E-002     4.22005673E-002
     1.99000000E-002     4.20087124E-002
     1.99500000E-002     4.18103185E-002
     2.00000000E-002     4.16054376E-002
     2.00500000E-002     4.13941228E-002
     2.01000000E-002     4.11764279E-002
     2.01500000E-002     4.09524074E-002
     2.02000000E-002     4.07221166E-002
     2.02500000E-002     4.04856116E-002
     2.03000000E-002     4.02429493E-002
     2.03500000E-002     3.99941878E-002
     2.04000000E-002     3.97393859E-002
     2.04500000E-002     3.94786034E-002
     2.05000000E-002     3.92119011E-002
     2.05500000E-002     3.89393408E-002
     2.06000000E-002     3.86609851E-002
     2.06500000E-002     3.83768975E-002
     2.07000000E-002     3.80871421E-002
     2.07500000E-002     3.77917838E-002
     2.08000000E-002     3.74908882E-002
     2.08500000E-002     3.71845213E-002
     2.09000000E-002     3.68727500E-002
     2.09500000E-002     3.65556417E-002
     2.10000000E-002     3.62332642E-002
     2.10500000E-002     3.59056859E-002
     2.11000000E-002     3.55729757E-002
     2.11500000E-002     3.52352027E-002
     2.12000000E-002     3.48924372E-002
     2.12500000E-002     3.45447498E-002
     2.13000000E-002     3.41922123E-002
     2.13500000E-002     3.38348968E-002
     2.14000000E-002     3.34728760E-002
     2.14500000E-002     3.31062235E-002
     2.15000000E-002     3.27350135E-002
     2.15500000E-002     3.23593207E-002
     2.16000000E-002     3.19792196E-002
     2.16500000E-002     3.15947811E-002
     2.17000000E-002     3.12060774E-002
     2.17500000E-002     3.08131833E-002
     2.18000000E-002     3.04161765E-002
     2.18500000E-002     3.00151443E-002
     2.19000000E-002     2.96101720E-002
     2.19500000E-002     2.92013366E-002
     2.20000000E-002     2.87887156E-002
     2.20500000E-002     2.83723875E-002
     2.21000000E-002     2.79524308E-002
     2.21500000E-002     2.75289251E-002
     2.22000000E-002     2.71019500E-002
     2.22500000E-002     2.66715857E-002
     2.23000000E-002     2.62379129E-002
     2.23500000E-002     2.58010124E-002
     2.24000000E-002     2.53609655E-002
     2.24500000E-002     2.49178543E-002
     2.25000000E-002     2.44717611E-002
     2.25500000E-002     2.40227685E-002
     2.26000000E-002     2.35709593E-002
     2.26500000E-002     2.31164167E-002
     2.27000000E-002     2.26592240E-002
     2.27500000E-002     2.21994648E-002
     2.28000000E-002     2.17372228E-002
     2.28500000E-002     2.12725816E-002
     2.29000000E-002     2.08056251E-002
     2.29500000E-002     2.03364371E-002
     2.30000000E-002     1.98651019E-002
     2.30500000E-002     1.93917034E-002
     2.31000000E-002     1.89163258E-002
     2.31500000E-002     1.84390531E-002
     2.32000000E-002     1.79599698E-002
     2.32500000E-002     1.74791602E-002
     2.33000000E-002     1.69967086E-002
     2.33500000E-002     1.65126998E-002
     2.34000000E-002     1.60272184E-002
     2.34500000E-002     1.55403490E-002
     2.35000000E-002     1.50521766E-002
     2.35500000E-002     1.45627861E-002
     2.36000000E-002     1.40722623E-002
     2.36500000E-002     1.35806901E-002
     2.37000000E-002     1.30881541E-002
     2.37500000E-002     1.25947388E-002
     2.38000000E-002     1.21005288E-002
     2.38500000E-002     1.16056083E-002
     2.39000000E-002     1.11100614E-002
     2.39500000E-002     1.06139720E-002
     2.40000000E-002     1.01174240E-002
     2.40500000E-002     9.62050191E-003
     2.41000000E-002     9.12329025E-003
     2.41500000E-002     8.62587185E-003
     2.42000000E-002     8.12832936E-003
     2.42500000E-002     7.63074520E-003
     2.43000000E-002     7.13320168E-003
     2.43500000E-002     6.63578133E-003
     2.44000000E-002     6.13856650E-003
     2.44500000E-002     5.64163928E-003
     2.45000000E-002     5.14508151E-003
     2.45500000E-002     4.64897474E-003
     2.46000000E-002     4.15339685E-003
     2.46500000E-002     3.65842467E-003
     2.47000000E-002     3.16413640E-003
     2.47500000E-002     2.67061021E-003
     2.48000000E-002     2.17793287E-003
     2.48500000E-002     1.68619263E-003
     2.49000000E-002     1.19546908E-003
     2.49500000E-002     7.05839676E-004
     2.50000000E-002     2.17382077E-004
     2.50500000E-002    -2.69826343E-004
     2.51000000E-002    -7.55708408E-004
     2.51500000E-002    -1.24018729E-003
     2.52000000E-002    -1.72318648E-003
     2.52500000E-002    -2.20462993E-003
     2.53000000E-002    -2.68444204E-003
     2.53500000E-002    -3.16254766E-003
     2.54000000E-002    -3.63887199E-003
     2.54500000E-002    -4.11334071E-003
     2.55000000E-002    -4.58588007E-003
     2.55500000E-002    -5.05641693E-003
     2.56000000E-002    -5.52487868E-003
     2.56500000E-002    -5.99119317E-003
     2.57000000E-002    -6.45528884E-003
     2.57500000E-002    -6.91709474E-003
     2.58000000E-002    -7.37654056E-003
     2.58500000E-002    -7.83355655E-003
     2.59000000E-002    -8.28807347E-003
     2.59500000E-002    -8.74002264E-003
     2.60000000E-002    -9.18933604E-003
     2.60500000E-002    -9.63594628E-003
     2.61000000E-002    -1.00797866E-002
     2.61500000E-002    -1.05207909E-002
     2.62000000E-002    -1.09588934E-002
     2.62500000E-002    -1.13940292E-002
     2.63000000E-002    -1.18261342E-002
     2.63500000E-002    -1.22551448E-002
     2.64000000E-002    -1.26809983E-002
     2.64500000E-002    -1.31036325E-002
     2.65000000E-002    -1.35229859E-002
     2.65500000E-002    -1.39389980E-002
     2.66000000E-002    -1.43516092E-002
     2.66500000E-002    -1.47607604E-002
     2.67000000E-002    -1.51663930E-002
     2.67500000E-002    -1.55684496E-002
     2.68000000E-002    -1.59668734E-002
     2.68500000E-002    -1.63616084E-002
     2.69000000E-002    -1.67525994E-002
     2.69500000E-002    -1.71397918E-002
     2.70000000E-002    -1.75231306E-002
     2.70500000E-002    -1.79025610E-002
     2.71000000E-002    -1.82780307E-002
     2.71500000E-002    -1.86494883E-002
     2.72000000E-002    -1.90168837E-002
     2.72500000E-002    -1.93801674E-002
     2.73000000E-002    -1.97392906E-002
     2.73500000E-002    -2.00942050E-002
     2.74000000E-002    -2.04448631E-002
     2.74500000E-002    -2.07912184E-002
     2.75000000E-002    -2.11332255E-002
     2.75500000E-002    -2.14708402E-002
     2.76000000E-002    -2.18040200E-002
     2.76500000E-002    -2.21327233E-002
     2.77000000E-002    -2.24569087E-002
     2.77500000E-002    -2.27765342E-002
     2.78000000E-002    -2.30915558E-002
     2.78500000E-002    -2.34019325E-002
     2.79000000E-002    -2.37076258E-002
     2.79500000E-002    -2.40085984E-002
     2.80000000E-002    -2.43048133E-002
     2.80500000E-002    -2.45962344E-002
     2.81000000E-002    -2.48828265E-002
     2.81500000E-002    -2.51645551E-002
     2.82000000E-002    -2.54413866E-002
     2.82500000E-002    -2.57132886E-002
     2.83000000E-002    -2.59802294E-002
     2.83500000E-002    -2.62421781E-002
     2.84000000E-002    -2.64991050E-002
     2.84500000E-002    -2.67509818E-002
     2.85000000E-002    -2.69977808E-002
     2.85500000E-002    -2.72394753E-002
     2.86000000E-002    -2.74760394E-002
     2.86500000E-002    -2.77074485E-002
     2.87000000E-002    -2.79336788E-002
     2.87500000E-002    -2.81547072E-002
     2.88000000E-002    -2.83705117E-002
     2.88500000E-002    -2.85810709E-002
     2.89000000E-002    -2.87863644E-002
     2.89500000E-002    -2.89863728E-002
     2.90000000E-002    -2.91810775E-002
     2.90500000E-002    -2.93704607E-002
     2.91000000E-002    -2.95545054E-002
     2.91500000E-002    -2.97331956E-002
     2.92000000E-002    -2.99065164E-002
     2.92500000E-002    -3.00744538E-002
     2.93000000E-002    -3.02369947E-002
     2.93500000E-002    -3.03941270E-002
     2.94000000E-002    -3.05458399E-002
     2.94500000E-002    -3.06921236E-002
     2.95000000E-002    -3.08329694E-002
     2.95500000E-002    -3.09683693E-002
     2.96000000E-002    -3.10983163E-002
     2.96500000E-002    -3.12228045E-002
     2.97000000E-002    -3.13418290E-002
     2.97500000E-002    -3.14553856E-002
     2.98000000E-002    -3.15634709E-002
     2.98500000E-002    -3.16660825E-002
     2.99000000E-002    -3.17632189E-002
     2.99500000E-002    -3.18548791E-002
     3.00000000E-002    -3.19410616E-002
     3.00500000E-002    -3.20217663E-002