    -4.18982971E-002    -2.76859008E-008
    -4.18474457E-002    -4.47163233E-009
    -4.17965942E-002    -4.73207477E-009
    -4.17457428E-002    -4.82876429E-009
    -4.16948913E-002    -4.95450247E-009
    -4.16440399E-002    -5.46750111E-009
    -4.15931885E-002    -6.39513709E-009
    -4.15423370E-002    -7.44321222E-009
    -4.14914856E-002    -8.28957619E-009
    -4.14406341E-002    -8.88448869E-009
    -4.13897827E-002    -9.45987164E-009
    -4.13389312E-002    -1.02948614E-008
    -4.12880798E-002    -1.14364039E-008
    -4.12372284E-002    -1.26642535E-008
    -4.11863769E-002    -1.37250007E-008
    -4.11355255E-002    -1.45597815E-008
    -4.10846740E-002    -1.53562514E-008
    -4.10338226E-002    -1.63387023E-008
    -4.09829712E-002    -1.75357113E-008
    -4.09321197E-002    -1.87719413E-008
    -4.08812683E-002    -1.98326777E-008
    -4.08304168E-002    -2.06932332E-008
    -4.07795654E-002    -2.15335488E-008
    -4.07287139E-002    -2.25459058E-008
    -4.06778625E-002    -2.37677856E-008
    -4.06270111E-002    -2.50383992E-008
    -4.05761596E-002    -2.61928221E-008
    -4.05253082E-002    -2.72381234E-008
    -4.04744567E-002    -2.83372900E-008
    -4.04236053E-002    -2.96745558E-008
    -4.03727538E-002    -3.12529485E-008
    -4.03219024E-002    -3.29183493E-008
    -4.02710510E-002    -3.45272911E-008
    -4.02201995E-002    -3.60717187E-008
    -4.01693481E-002    -3.77116624E-008
    -4.01184966E-002    -3.95747686E-008
    -4.00676452E-002    -4.16333139E-008
    -4.00167937E-002    -4.37367326E-008
    -3.99659423E-002    -4.57293708E-008
    -3.99150909E-002    -4.76379447E-008
    -3.98642394E-002    -4.96024877E-008
    -3.98133880E-002    -5.17372684E-008
    -3.97625365E-002    -5.40329637E-008
    -3.97116851E-002    -5.63354149E-008
    -3.96608336E-002    -5.85605520E-008
    -3.96099822E-002    -6.07615590E-008
    -3.95591308E-002    -6.30934656E-008
    -3.95082793E-002    -6.57026516E-008
    -3.94574279E-002    -6.85504882E-008
    -3.94065764E-002    -7.15302328E-008
    -3.93557250E-002    -7.45683210E-008
    -3.93048735E-002    -7.77086096E-008
    -3.92540221E-002    -8.11193493E-008
    -3.92031707E-002    -8.48600858E-008
    -3.91523192E-002    -8.88764678E-008
    -3.91014678E-002    -9.30225971E-008
    -3.90506163E-002    -9.71739391E-008
    -3.89997649E-002    -1.01393462E-007
    -3.89489135E-002    -1.05762484E-007
    -3.88980620E-002    -1.10335413E-007
    -3.88472106E-002    -1.15050157E-007
    -3.87963591E-002    -1.19744446E-007
    -3.87455077E-002    -1.24407657E-007
    -3.86946562E-002    -1.29111884E-007
    -3.86438048E-002    -1.34029271E-007
    -3.85929534E-002    -1.39293235E-007
    -3.85421019E-002    -1.44851651E-007
    -3.84912505E-002    -1.50686338E-007
    -3.84403990E-002    -1.56779038E-007
    -3.83895476E-002    -1.63238021E-007
    -3.83386961E-002    -1.70232413E-007
    -3.82878447E-002    -1.77738889E-007
    -3.82369933E-002    -1.85691130E-007
    -3.81861418E-002    -1.93897859E-007
    -3.81352904E-002    -2.02247433E-007
    -3.80844389E-002    -2.10806978E-007
    -3.80335875E-002    -2.19572504E-007
    -3.79827360E-002    -2.28592052E-007
    -3.79318846E-002    -2.37767405E-007
    -3.78810332E-002    -2.47001765E-007
    -3.78301817E-002    -2.56411660E-007
    -3.77793303E-002    -2.66103646E-007
    -3.77284788E-002    -2.76332662E-007
    -3.76776274E-002    -2.87198391E-007
    -3.76267759E-002    -2.98637624E-007
    -3.75759245E-002    -3.10679879E-007
    -3.75250731E-002    -3.23250867E-007
    -3.74742216E-002    -3.36479182E-007
    -3.74233702E-002    -3.50441941E-007
    -3.73725187E-002    -3.65037370E-007
    -3.73216673E-002    -3.80252032E-007
    -3.72708159E-002    -3.95896024E-007
    -3.72199644E-002    -4.12018772E-007
    -3.71691130E-002    -4.28752196E-007
    -3.71182615E-002    -4.46074064E-007
    -3.70674101E-002    -4.64066880E-007
    -3.70165586E-002    -4.82487834E-007
    -3.69657072E-002    -5.01230878E-007
    -3.69148558E-002    -5.20349461E-007
    -3.68640043E-002    -5.39842100E-007
    -3.68131529E-002    -5.60055653E-007
    -3.67623014E-002    -5.81095712E-007
    -3.67114500E-002    -6.03184371E-007
    -3.66605985E-002    -6.26688008E-007
    -3.66097471E-002    -6.51737687E-007
    -3.65588957E-002    -6.78701141E-007
    -3.65080442E-002    -7.07411443E-007
    -3.64571928E-002    -7.37427935E-007
    -3.64063413E-002    -7.68235591E-007
    -3.63554899E-002    -7.98980139E-007
    -3.63046384E-002    -8.29462825E-007
    -3.62537870E-002    -8.59625734E-007
    -3.62029356E-002    -8.89849368E-007
    -3.61520841E-002    -9.21104078E-007
    -3.61012327E-002    -9.54115437E-007
    -3.60503812E-002    -9.90031240E-007
    -3.59995298E-002    -1.02943686E-006
    -3.59486783E-002    -1.07224949E-006
    -3.58978269E-002    -1.11799485E-006
    -3.58469755E-002    -1.16506497E-006
    -3.57961240E-002    -1.21219888E-006
    -3.57452726E-002    -1.25840197E-006
    -3.56944211E-002    -1.30343368E-006
    -3.56435697E-002    -1.34856584E-006
    -3.55927182E-002    -1.39513856E-006
    -3.55418668E-002    -1.44511404E-006
    -3.54910154E-002    -1.49984728E-006
    -3.54401639E-002    -1.55943077E-006
    -3.53893125E-002    -1.62351948E-006
    -3.53384610E-002    -1.69016579E-006
    -3.52876096E-002    -1.75762420E-006
    -3.52367582E-002    -1.82463945E-006
    -3.51859067E-002    -1.89059437E-006
    -3.51350553E-002    -1.95704971E-006
    -3.50842038E-002    -2.02566549E-006
    -3.50333524E-002    -2.09861550E-006
    -3.49825009E-002    -2.17741885E-006
    -3.49316495E-002    -2.26158875E-006
    -3.48807981E-002    -2.35055397E-006
    -3.48299466E-002    -2.44236068E-006
    -3.47790952E-002    -2.53568962E-006
    -3.47282437E-002    -2.63035004E-006
    -3.46773923E-002    -2.72601946E-006
    -3.46265408E-002    -2.82422104E-006
    -3.45756894E-002    -2.92578068E-006
    -3.45248380E-002    -3.03168975E-006
    -3.44739865E-002    -3.14327824E-006
    -3.44231351E-002    -3.26020218E-006
    -3.43722836E-002    -3.38305481E-006
    -3.43214322E-002    -3.51098549E-006
    -3.42705807E-002    -3.64276205E-006
    -3.42197293E-002    -3.77794441E-006
    -3.41688779E-002    -3.91487361E-006
    -3.41180264E-002    -4.05441133E-006
    -3.40671750E-002    -4.19785900E-006
    -3.40163235E-002    -4.34727866E-006
    -3.39654721E-002    -4.50599186E-006
    -3.39146206E-002    -4.67393298E-006
    -3.38637692E-002    -4.85031047E-006
    -3.38129178E-002    -5.03173516E-006
    -3.37620663E-002    -5.21416829E-006
    -3.37112149E-002    -5.39772938E-006
    -3.36603634E-002    -5.58392466E-006
    -3.36095120E-002    -5.77850486E-006
    -3.35586605E-002    -5.98640448E-006
    -3.35078091E-002    -6.20782675E-006
    -3.34569577E-002    -6.44071782E-006
    -3.34061062E-002    -6.67801584E-006
    -3.33552548E-002    -6.91585325E-006
    -3.33044033E-002    -7.15521807E-006
    -3.32535519E-002    -7.40013982E-006
    -3.32027005E-002    -7.65899249E-006
    -3.31518490E-002    -7.93424229E-006
    -3.31009976E-002    -8.22434797E-006
    -3.30501461E-002    -8.52446169E-006
    -3.29992947E-002    -8.82766562E-006
    -3.29484432E-002    -9.13497786E-006
    -3.28975918E-002    -9.44937298E-006
    -3.28467404E-002    -9.77687964E-006
    -3.27958889E-002    -1.01224400E-005
    -3.27450375E-002    -1.04830956E-005
    -3.26941860E-002    -1.08569042E-005
    -3.26433346E-002    -1.12392034E-005
    -3.25924831E-002    -1.16291319E-005
    -3.25416317E-002    -1.20310482E-005
    -3.24907803E-002    -1.24459640E-005
    -3.24399288E-002    -1.28783686E-005
    -3.23890774E-002    -1.33279213E-005
    -3.23382259E-002    -1.37931864E-005
    -3.22873745E-002    -1.42754283E-005
    -3.22365230E-002    -1.47703785E-005
    -3.21856716E-002    -1.52790433E-005
    -3.21348202E-002    -1.58012793E-005
    -3.20839687E-002    -1.63388036E-005
    -3.20331173E-002    -1.68995274E-005
    -3.19822658E-002    -1.74833661E-005
    -3.19314144E-002    -1.80904532E-005
    -3.18805629E-002    -1.87146939E-005
    -3.18297115E-002    -1.93492330E-005
    -3.17788601E-002    -2.00002058E-005
    -3.17280086E-002    -2.06732061E-005
    -3.16771572E-002    -2.13781817E-005
    -3.16263057E-002    -2.21152356E-005
    -3.15754543E-002    -2.28720049E-005
    -3.15246029E-002    -2.36444220E-005
    -3.14737514E-002    -2.44308247E-005
    -3.14229000E-002    -2.52445686E-005
    -3.13720485E-002    -2.60981653E-005
    -3.13211971E-002    -2.69863440E-005
    -3.12703456E-002    -2.79026046E-005
    -3.12194942E-002    -2.88339641E-005
    -3.11686428E-002    -2.97849756E-005
    -3.11177913E-002    -3.07722522E-005
    -3.10669399E-002    -3.18003391E-005
    -3.10160884E-002    -3.28714832E-005
    -3.09652370E-002    -3.39706727E-005
    -3.09143855E-002    -3.50922141E-005
    -3.08635341E-002    -3.62469782E-005
    -3.08126827E-002    -3.74398932E-005
    -3.07618312E-002    -3.86813625E-005
    -3.07109798E-002    -3.99629006E-005
    -3.06601283E-002    -4.12774259E-005
    -3.06092769E-002    -4.26321176E-005
    -3.05584254E-002    -4.40260122E-005
    -3.05075740E-002    -4.54694256E-005
    -3.04567226E-002    -4.69582695E-005
    -3.04058711E-002    -4.84882537E-005
    -3.03550197E-002    -5.00693668E-005
    -3.03041682E-002    -5.16970533E-005
    -3.02533168E-002    -5.33782543E-005
    -3.02024653E-002    -5.51095793E-005
    -3.01516139E-002    -5.68879482E-005
    -3.01007625E-002    -5.87282214E-005
    -3.00499110E-002    -6.06245953E-005
    -2.99990596E-002    -6.25804296E-005
    -2.99482081E-002    -6.45923575E-005
    -2.98973567E-002    -6.66569959E-005
    -2.98465052E-002    -6.87942281E-005
    -2.97956538E-002    -7.09982974E-005
    -2.97448024E-002    -7.32700174E-005
    -2.96939509E-002    -7.56072243E-005
    -2.96430995E-002    -7.80045802E-005
    -2.95922480E-002    -8.04844062E-005
    -2.95413966E-002    -8.30401247E-005
    -2.94905452E-002    -8.56717401E-005
    -2.94396937E-002    -8.83821825E-005
    -2.93888423E-002    -9.11642845E-005
    -2.93379908E-002    -9.40396630E-005
    -2.92871394E-002    -9.69988856E-005
    -2.92362879E-002    -1.00041933E-004
    -2.91854365E-002    -1.03180075E-004
    -2.91345851E-002    -1.06404389E-004
    -2.90837336E-002    -1.09733692E-004
    -2.90328822E-002    -1.13155809E-004
    -2.89820307E-002    -1.16671479E-004
    -2.89311793E-002    -1.20300716E-004
    -2.88803278E-002    -1.24031002E-004
    -2.88294764E-002    -1.27877826E-004
    -2.87786250E-002    -1.31829663E-004
    -2.87277735E-002    -1.35888518E-004
    -2.86769221E-002    -1.40080865E-004
    -2.86260706E-002    -1.44388594E-004
    -2.85752192E-002    -1.48825623E-004
    -2.85243677E-002    -1.53385026E-004
    -2.84735163E-002    -1.58067250E-004
    -2.84226649E-002    -1.62901570E-004
    -2.83718134E-002    -1.67865785E-004
    -2.83209620E-002    -1.72976327E-004
    -2.82701105E-002    -1.78232780E-004
    -2.82192591E-002    -1.83628408E-004
    -2.81684076E-002    -1.89193477E-004
    -2.81175562E-002    -1.94905655E-004
    -2.80667048E-002    -2.00784789E-004
    -2.80158533E-002    -2.06835887E-004
    -2.79650019E-002    -2.13042736E-004
    -2.79141504E-002    -2.19440034E-004
    -2.78632990E-002    -2.26007308E-004
    -2.78124476E-002    -2.32762757E-004
    -2.77615961E-002    -2.39715885E-004
    -2.77107447E-002    -2.46844352E-004
    -2.76598932E-002    -2.54190242E-004
    -2.76090418E-002    -2.61732147E-004
    -2.75581903E-002    -2.69482295E-004
    -2.75073389E-002    -2.77459223E-004
    -2.74564875E-002    -2.85636731E-004
    -2.74056360E-002    -2.94060512E-004
    -2.73547846E-002    -3.02706987E-004
    -2.73039331E-002    -3.11585613E-004
    -2.72530817E-002    -3.20727677E-004
    -2.72022302E-002    -3.30097556E-004
    -2.71513788E-002    -3.39740388E-004
    -2.71005274E-002    -3.49637736E-004
    -2.70496759E-002    -3.59798930E-004
    -2.69988245E-002    -3.70262833E-004
    -2.69479730E-002    -3.80980358E-004
    -2.68971216E-002    -3.92001444E-004
    -2.68462701E-002    -4.03319352E-004
    -2.67954187E-002    -4.14934608E-004
    -2.67445673E-002    -4.26889377E-004
    -2.66937158E-002    -4.39129343E-004
    -2.66428644E-002    -4.51713247E-004
    -2.65920129E-002    -4.64640797E-004
    -2.65411615E-002    -4.77895549E-004
    -2.64903100E-002    -4.91530954E-004
    -2.64394586E-002    -5.05494893E-004
    -2.63886072E-002    -5.19845676E-004
    -2.63377557E-002    -5.34586803E-004
    -2.62869043E-002    -5.49689351E-004
    -2.62360528E-002    -5.65223743E-004
    -2.61852014E-002    -5.81135383E-004
    -2.61343499E-002    -5.97474639E-004
    -2.60834985E-002    -6.14257995E-004
    -2.60326471E-002    -6.31445548E-004
    -2.59817956E-002    -6.49120067E-004
    -2.59309442E-002    -6.67223797E-004
    -2.58800927E-002    -6.85800616E-004
    -2.58292413E-002    -7.04883527E-004
    -2.57783899E-002    -7.24417253E-004
    -2.57275384E-002    -7.44497268E-004
    -2.56766870E-002    -7.65067038E-004
    -2.56258355E-002    -7.86159234E-004
    -2.55749841E-002    -8.07824963E-004
    -2.55241326E-002    -8.29995701E-004
    -2.54732812E-002    -8.52778089E-004
    -2.54224298E-002    -8.76115750E-004
    -2.53715783E-002    -9.00029340E-004
    -2.53207269E-002    -9.24594494E-004
    -2.52698754E-002    -9.49725832E-004
    -2.52190240E-002    -9.75534483E-004
    -2.51681725E-002    -1.00197349E-003
    -2.51173211E-002    -1.02905290E-003
    -2.50664697E-002    -1.05686721E-003
    -2.50156182E-002    -1.08531144E-003
    -2.49647668E-002    -1.11450646E-003
    -2.49139153E-002    -1.14442170E-003
    -2.48630639E-002    -1.17504378E-003
    -2.48122124E-002    -1.20648672E-003
    -2.47613610E-002    -1.23863769E-003
    -2.47105096E-002    -1.27162145E-003
    -2.46596581E-002    -1.30541990E-003
    -2.46088067E-002    -1.33999628E-003
    -2.45579552E-002    -1.37549378E-003
    -2.45071038E-002    -1.41178845E-003
    -2.44562523E-002    -1.44899595E-003
    -2.44054009E-002    -1.48712586E-003
    -2.43545495E-002    -1.52611834E-003
    -2.43036980E-002    -1.56613631E-003
    -2.42528466E-002    -1.60704677E-003
    -2.42019951E-002    -1.64896081E-003
    -2.41511437E-002    -1.69192156E-003
    -2.41002922E-002    -1.73583098E-003
    -2.40494408E-002    -1.78087590E-003
    -2.39985894E-002    -1.82692890E-003
    -2.39477379E-002    -1.87408404E-003
    -2.38968865E-002    -1.92241380E-003
    -2.38460350E-002    -1.97178870E-003
    -2.37951836E-002    -2.02242486E-003
    -2.37443322E-002    -2.07419566E-003
    -2.36934807E-002    -2.12716852E-003
    -2.36426293E-002    -2.18146006E-003
    -2.35917778E-002    -2.23690883E-003
    -2.35409264E-002    -2.29374783E-003
    -2.34900749E-002    -2.35186067E-003
    -2.34392235E-002    -2.41128983E-003
    -2.33883721E-002    -2.47219332E-003
    -2.33375206E-002    -2.53437386E-003
    -2.32866692E-002    -2.59808342E-003
    -2.32358177E-002    -2.66322642E-003
    -2.31849663E-002    -2.72980645E-003
    -2.31341148E-002    -2.79802474E-003
    -2.30832634E-002    -2.86765891E-003
    -2.30324120E-002    -2.93897097E-003
    -2.29815605E-002    -3.01188996E-003
    -2.29307091E-002    -3.08637607E-003
    -2.28798576E-002    -3.16267872E-003
    -2.28290062E-002    -3.24055324E-003
    -2.27781547E-002    -3.32026070E-003
    -2.27273033E-002    -3.40176724E-003
    -2.26764519E-002    -3.48498135E-003
    -2.26256004E-002    -3.57020289E-003
    -2.25747490E-002    -3.65717449E-003
    -2.25238975E-002    -3.74613938E-003
    -2.24730461E-002    -3.83711181E-003
    -2.24221946E-002    -3.92994684E-003
    -2.23713432E-002    -4.02499684E-003
    -2.23204918E-002    -4.12199232E-003
    -2.22696403E-002    -4.22114505E-003
    -2.22187889E-002    -4.32253800E-003
    -2.21679374E-002    -4.42596522E-003
    -2.21170860E-002    -4.53182270E-003
    -2.20662346E-002    -4.63984136E-003
    -2.20153831E-002    -4.75019607E-003
    -2.19645317E-002    -4.86304148E-003
    -2.19136802E-002    -4.97810615E-003
    -2.18628288E-002    -5.09583113E-003
    -2.18119773E-002    -5.21595673E-003
    -2.17611259E-002    -5.33860455E-003
    -2.17102745E-002    -5.46401283E-003
    -2.16594230E-002    -5.59184838E-003
    -2.16085716E-002    -5.72258238E-003
    -2.15577201E-002    -5.85597728E-003
    -2.15068687E-002    -5.99209852E-003
    -2.14560172E-002    -6.13126878E-003
    -2.14051658E-002    -6.27309168E-003
    -2.13543144E-002    -6.41806141E-003
    -2.13034629E-002    -6.56598197E-003
    -2.12526115E-002    -6.71684565E-003
    -2.12017600E-002    -6.87106019E-003
    -2.11509086E-002    -7.02818017E-003
    -2.11000571E-002    -7.18870578E-003
    -2.10492057E-002    -7.35249689E-003
    -2.09983543E-002    -7.51946387E-003
    -2.09475028E-002    -7.69010143E-003
    -2.08966514E-002    -7.86392342E-003
    -2.08457999E-002    -8.04141705E-003
    -2.07949485E-002    -8.22252127E-003
    -2.07440970E-002    -8.40704930E-003
    -2.06932456E-002    -8.59558240E-003
    -2.06423942E-002    -8.78761188E-003
    -2.05915427E-002    -8.98358342E-003
    -2.05406913E-002    -9.18353877E-003
    -2.04898398E-002    -9.38718699E-003
    -2.04389884E-002    -9.59519200E-003
    -2.03881369E-002    -9.80703217E-003
    -2.03372855E-002    -1.00230937E-002
    -2.02864341E-002    -1.02435449E-002
    -2.02355826E-002    -1.04679760E-002
    -2.01847312E-002    -1.06971251E-002
    -2.01338797E-002    -1.09304838E-002
    -2.00830283E-002    -1.11683588E-002
    -2.00321769E-002    -1.14110489E-002
    -1.99813254E-002    -1.16580296E-002
    -1.99304740E-002    -1.19101082E-002
    -1.98796225E-002    -1.21668009E-002
    -1.98287711E-002    -1.24283150E-002
    -1.97779196E-002    -1.26950968E-002
    -1.97270682E-002    -1.29665083E-002
    -1.96762168E-002    -1.32434015E-002
    -1.96253653E-002    -1.35253497E-002
    -1.95745139E-002    -1.38124472E-002
    -1.95236624E-002    -1.41052780E-002
    -1.94728110E-002    -1.44031066E-002
    -1.94219595E-002    -1.47068179E-002
    -1.93711081E-002    -1.50160600E-002
    -1.93202567E-002    -1.53307873E-002
    -1.92694052E-002    -1.56517329E-002
    -1.92185538E-002    -1.59780882E-002
    -1.91677023E-002    -1.63107269E-002
    -1.91168509E-002    -1.66494023E-002
    -1.90659994E-002    -1.69939245E-002
    -1.90151480E-002    -1.73451701E-002
    -1.89642966E-002    -1.77022698E-002
    -1.89134451E-002    -1.80660537E-002
    -1.88625937E-002    -1.84364222E-002
    -1.88117422E-002    -1.88130182E-002
    -1.87608908E-002    -1.91968528E-002
    -1.87100393E-002    -1.95870281E-002
    -1.86591879E-002    -1.99842895E-002
    -1.86083365E-002    -2.03887212E-002
    -1.85574850E-002    -2.07997815E-002
    -1.85066336E-002    -2.12186084E-002
    -1.84557821E-002    -2.16443038E-002
    -1.84049307E-002    -2.20774912E-002
    -1.83540793E-002    -2.25184622E-002
    -1.83032278E-002    -2.29664894E-002
    -1.82523764E-002    -2.34228222E-002
    -1.82015249E-002    -2.38865862E-002
    -1.81506735E-002    -2.43582590E-002
    -1.80998220E-002    -2.48383592E-002
    -1.80489706E-002    -2.53259702E-002
    -1.79981192E-002    -2.58224247E-002
    -1.79472677E-002    -2.63269154E-002
    -1.78964163E-002    -2.68397489E-002
    -1.78455648E-002    -2.73616651E-002
    -1.77947134E-002    -2.78915775E-002
    -1.77438619E-002    -2.84308804E-002
    -1.76930105E-002    -2.89788640E-002
    -1.76421591E-002    -2.95356324E-002
    -1.75913076E-002    -3.01021527E-002
    -1.75404562E-002    -3.06771992E-002
    -1.74896047E-002    -3.12621745E-002
    -1.74387533E-002    -3.18565086E-002
    -1.73879018E-002    -3.24600910E-002
    -1.73370504E-002    -3.30741018E-002
    -1.72861990E-002    -3.36972061E-002
    -1.72353475E-002    -3.43307733E-002
    -1.71844961E-002    -3.49744188E-002
    -1.71336446E-002    -3.56277861E-002
    -1.70827932E-002    -3.62922616E-002
    -1.70319417E-002    -3.69664468E-002
    -1.69810903E-002    -3.76516115E-002
    -1.69302389E-002    -3.83476075E-002
    -1.68793874E-002    -3.90538203E-002
    -1.68285360E-002    -3.97718228E-002
    -1.67776845E-002    -4.05001938E-002
    -1.67268331E-002    -4.12400442E-002
    -1.66759816E-002    -4.19915155E-002
    -1.66251302E-002    -4.27537110E-002
    -1.65742788E-002    -4.35283737E-002
    -1.65234273E-002    -4.43141071E-002
    -1.64725759E-002    -4.51118113E-002
    -1.64217244E-002    -4.59219417E-002
    -1.63708730E-002    -4.67433322E-002
    -1.63200216E-002    -4.75778605E-002
    -1.62691701E-002    -4.84241900E-002
    -1.62183187E-002    -4.92829809E-002
    -1.61674672E-002    -5.01550184E-002
    -1.61166158E-002    -5.10388732E-002
    -1.60657643E-002    -5.19365151E-002
    -1.60149129E-002    -5.28467275E-002
    -1.59640615E-002    -5.37698998E-002
    -1.59132100E-002    -5.47071321E-002
    -1.58623586E-002    -5.56567665E-002
    -1.58115071E-002    -5.66208192E-002
    -1.57606557E-002    -5.75982426E-002
    -1.57098042E-002    -5.85891213E-002
    -1.56589528E-002    -5.95948585E-002
    -1.56081014E-002    -6.06136274E-002
    -1.55572499E-002    -6.16474192E-002
    -1.55063985E-002    -6.26954007E-002
    -1.54555470E-002    -6.37573371E-002
    -1.54046956E-002    -6.48349169E-002
    -1.53538441E-002    -6.59261889E-002
    -1.53029927E-002    -6.70330457E-002
    -1.52521413E-002    -6.81549415E-002
    -1.52012898E-002    -6.92912979E-002
    -1.51504384E-002    -7.04440532E-002
    -1.50995869E-002    -7.16112012E-002
    -1.50487355E-002    -7.27944542E-002
    -1.49978840E-002    -7.39936076E-002
    -1.49470326E-002    -7.52077259E-002
    -1.48961812E-002    -7.64389737E-002
    -1.48453297E-002    -7.76853489E-002
    -1.47944783E-002    -7.89482994E-002
    -1.47436268E-002    -8.02280303E-002
    -1.46927754E-002    -8.15232337E-002
    -1.46419240E-002    -8.28362506E-002
    -1.45910725E-002    -8.41651491E-002
    -1.45402211E-002    -8.55110730E-002
    -1.44893696E-002    -8.68746390E-002
    -1.44385182E-002    -8.82541884E-002
    -1.43876667E-002    -8.96521999E-002
    -1.43368153E-002    -9.10668651E-002
    -1.42859639E-002    -9.24989730E-002
    -1.42351124E-002    -9.39495551E-002
    -1.41842610E-002    -9.54166432E-002
    -1.41334095E-002    -9.69027876E-002
    -1.40825581E-002    -9.84063652E-002
    -1.40317066E-002    -9.99277866E-002
    -1.39808552E-002    -1.01468472E-001
    -1.39300038E-002    -1.03026199E-001
    -1.38791523E-002    -1.04603511E-001
    -1.38283009E-002    -1.06199034E-001
    -1.37774494E-002    -1.07812782E-001
    -1.37265980E-002    -1.09446529E-001
    -1.36757465E-002    -1.11097871E-001
    -1.36248951E-002    -1.12769261E-001
    -1.35740437E-002    -1.14459632E-001
    -1.35231922E-002    -1.16168584E-001
    -1.34723408E-002    -1.17898199E-001
    -1.34214893E-002    -1.19645981E-001
    -1.33706379E-002    -1.21414198E-001
    -1.33197864E-002    -1.23202149E-001
    -1.32689350E-002    -1.25009017E-001
    -1.32180836E-002    -1.26837145E-001
    -1.31672321E-002    -1.28684016E-001
    -1.31163807E-002    -1.30551615E-001
    -1.30655292E-002    -1.32439687E-001
    -1.30146778E-002    -1.34346989E-001
    -1.29638263E-002    -1.36276065E-001
    -1.29129749E-002    -1.38224463E-001
    -1.28621235E-002    -1.40193806E-001
    -1.28112720E-002    -1.42184318E-001
    -1.27604206E-002    -1.44194337E-001
    -1.27095691E-002    -1.46226565E-001
    -1.26587177E-002    -1.48278679E-001
    -1.26078663E-002    -1.50351898E-001
    -1.25570148E-002    -1.52446910E-001
    -1.25061634E-002    -1.54561685E-001
    -1.24553119E-002    -1.56699008E-001
    -1.24044605E-002    -1.58856753E-001
    -1.23536090E-002    -1.61035702E-001
    -1.23027576E-002    -1.63236989E-001
    -1.22519062E-002    -1.65458275E-001
    -1.22010547E-002    -1.67702349E-001
    -1.21502033E-002    -1.69967336E-001
    -1.20993518E-002    -1.72253576E-001
    -1.20485004E-002    -1.74562591E-001
    -1.19976489E-002    -1.76891827E-001
    -1.19467975E-002    -1.79243980E-001
    -1.18959461E-002    -1.81617490E-001
    -1.18450946E-002    -1.84012246E-001
    -1.17942432E-002    -1.86430101E-001
    -1.17433917E-002    -1.88868375E-001
    -1.16925403E-002    -1.91329582E-001
    -1.16416888E-002    -1.93812526E-001
    -1.15908374E-002    -1.96316657E-001
    -1.15399860E-002    -1.98844090E-001
    -1.14891345E-002    -2.01392110E-001
    -1.14382831E-002    -2.03962956E-001
    -1.13874316E-002    -2.06555850E-001
    -1.13365802E-002    -2.09169816E-001
    -1.12857287E-002    -2.11807159E-001
    -1.12348773E-002    -2.14465218E-001
    -1.11840259E-002    -2.17145875E-001
    -1.11331744E-002    -2.19848808E-001
    -1.10823230E-002    -2.22572632E-001
    -1.10314715E-002    -2.25319777E-001
    -1.09806201E-002    -2.28087723E-001
    -1.09297686E-002    -2.30877923E-001
    -1.08789172E-002    -2.33690523E-001
    -1.08280658E-002    -2.36523766E-001
    -1.07772143E-002    -2.39380142E-001
    -1.07263629E-002    -2.42257329E-001
    -1.06755114E-002    -2.45156342E-001
    -1.06246600E-002    -2.48077740E-001
    -1.05738086E-002    -2.51019474E-001
    -1.05229571E-002    -2.53984016E-001
    -1.04721057E-002    -2.56969293E-001
    -1.04212542E-002    -2.59975874E-001
    -1.03704028E-002    -2.63004684E-001
    -1.03195513E-002    -2.66053466E-001
    -1.02686999E-002    -2.69124583E-001
    -1.02178485E-002    -2.72216256E-001
    -1.01669970E-002    -2.75328633E-001
    -1.01161456E-002    -2.78462923E-001
    -1.00652941E-002    -2.81616755E-001
    -1.00144427E-002    -2.84792307E-001
    -9.96359124E-003    -2.87988125E-001
    -9.91273980E-003    -2.91203960E-001
    -9.86188836E-003    -2.94441225E-001
    -9.81103692E-003    -2.97697534E-001
    -9.76018547E-003    -3.00974805E-001
    -9.70933403E-003    -3.04271928E-001
    -9.65848259E-003    -3.07588296E-001
    -9.60763115E-003    -3.10925440E-001
    -9.55677970E-003    -3.14281051E-001
    -9.50592826E-003    -3.17656724E-001
    -9.45507682E-003    -3.21051700E-001
    -9.40422538E-003    -3.24465060E-001
    -9.35337393E-003    -3.27898380E-001
    -9.30252249E-003    -3.31349496E-001
    -9.25167105E-003    -3.34819628E-001
    -9.20081961E-003    -3.38308378E-001
    -9.14996816E-003    -3.41814557E-001
    -9.09911672E-003    -3.45339711E-001
    -9.04826528E-003    -3.48881882E-001
    -8.99741384E-003    -3.52441910E-001
    -8.94656239E-003    -3.56019698E-001
    -8.89571095E-003    -3.59613866E-001
    -8.84485951E-003    -3.63225869E-001
    -8.79400807E-003    -3.66853983E-001
    -8.74315662E-003    -3.70498686E-001
    -8.69230518E-003    -3.74160114E-001
    -8.64145374E-003    -3.77836779E-001
    -8.59060230E-003    -3.81529979E-001
    -8.53975085E-003    -3.85238247E-001
    -8.48889941E-003    -3.88961736E-001
    -8.43804797E-003    -3.92700728E-001
    -8.38719653E-003    -3.96453720E-001
    -8.33634508E-003    -4.00221795E-001
    -8.28549364E-003    -4.04003742E-001
    -8.23464220E-003    -4.07799445E-001
    -8.18379076E-003    -4.11609244E-001
    -8.13293931E-003    -4.15431702E-001
    -8.08208787E-003    -4.19267649E-001
    -8.03123643E-003    -4.23116111E-001
    -7.98038499E-003    -4.26976766E-001
    -7.92953354E-003    -4.30849928E-001
    -7.87868210E-003    -4.34734299E-001
    -7.82783066E-003    -4.38630428E-001
    -7.77697922E-003    -4.42537548E-001
    -7.72612777E-003    -4.46455202E-001
    -7.67527633E-003    -4.50383598E-001
    -7.62442489E-003    -4.54321629E-001
    -7.57357345E-003    -4.58269563E-001
    -7.52272200E-003    -4.62226795E-001
    -7.47187056E-003    -4.66192800E-001
    -7.42101912E-003    -4.70167618E-001
    -7.37016768E-003    -4.74150362E-001
    -7.31931623E-003    -4.78141045E-001
    -7.26846479E-003    -4.82139155E-001
    -7.21761335E-003    -4.86144174E-001
    -7.16676191E-003    -4.90155927E-001
    -7.11591046E-003    -4.94173751E-001
    -7.06505902E-003    -4.98197454E-001
    -7.01420758E-003    -5.02226526E-001
    -6.96335614E-003    -5.06260543E-001
    -6.91250469E-003    -5.10299079E-001
    -6.86165325E-003    -5.14341674E-001
    -6.81080181E-003    -5.18388001E-001
    -6.75995037E-003    -5.22437458E-001
    -6.70909892E-003    -5.26489794E-001
    -6.65824748E-003    -5.30544308E-001
    -6.60739604E-003    -5.34600708E-001
    -6.55654460E-003    -5.38658611E-001
    -6.50569315E-003    -5.42717235E-001
    -6.45484171E-003    -5.46776561E-001
    -6.40399027E-003    -5.50835615E-001
    -6.35313883E-003    -5.54894220E-001
    -6.30228738E-003    -5.58952017E-001
    -6.25143594E-003    -5.63007970E-001
    -6.20058450E-003    -5.67062330E-001
    -6.14973306E-003    -5.71113876E-001
    -6.09888161E-003    -5.75162474E-001
    -6.04803017E-003    -5.79207872E-001
    -5.99717873E-003    -5.83248725E-001
    -5.94632729E-003    -5.87285561E-001
    -5.89547584E-003    -5.91316970E-001
    -5.84462440E-003    -5.95342767E-001
    -5.79377296E-003    -5.99362897E-001
    -5.74292152E-003    -6.03375656E-001
    -5.69207008E-003    -6.07381841E-001
    -5.64121863E-003    -6.11379938E-001
    -5.59036719E-003    -6.15369591E-001
    -5.53951575E-003    -6.19351030E-001
    -5.48866431E-003    -6.23322179E-001
    -5.43781286E-003    -6.27284054E-001
    -5.38696142E-003    -6.31235143E-001
    -5.33610998E-003    -6.35174799E-001
    -5.28525854E-003    -6.39103622E-001
    -5.23440709E-003    -6.43019152E-001
    -5.18355565E-003    -6.46922570E-001
    -5.13270421E-003    -6.50812471E-001
    -5.08185277E-003    -6.54687812E-001
    -5.03100132E-003    -6.58549623E-001
    -4.98014988E-003    -6.62395082E-001
    -4.92929844E-003    -6.66225453E-001
    -4.87844700E-003    -6.70039546E-001
    -4.82759555E-003    -6.73835837E-001
    -4.77674411E-003    -6.77615818E-001
    -4.72589267E-003    -6.81376351E-001
    -4.67504123E-003    -6.85118693E-001
    -4.62418978E-003    -6.88841966E-001
    -4.57333834E-003    -6.92544103E-001
    -4.52248690E-003    -6.96227058E-001
    -4.47163546E-003    -6.99887464E-001
    -4.42078401E-003    -7.03526452E-001
    -4.36993257E-003    -7.07143545E-001
    -4.31908113E-003    -7.10736114E-001
    -4.26822969E-003    -7.14306531E-001
    -4.21737824E-003    -7.17851308E-001
    -4.16652680E-003    -7.21371328E-001
    -4.11567536E-003    -7.24866597E-001
    -4.06482392E-003    -7.28333921E-001
    -4.01397247E-003    -7.31776025E-001
    -3.96312103E-003    -7.35189435E-001
    -3.91226959E-003    -7.38574640E-001
    -3.86141815E-003    -7.41932214E-001
    -3.81056670E-003    -7.45258418E-001
    -3.75971526E-003    -7.48556227E-001
    -3.70886382E-003    -7.51822351E-001
    -3.65801238E-003    -7.55056727E-001
    -3.60716093E-003    -7.58260571E-001
    -3.55630949E-003    -7.61429637E-001
    -3.50545805E-003    -7.64567032E-001
    -3.45460661E-003    -7.67669827E-001
    -3.40375516E-003    -7.70737252E-001
    -3.35290372E-003    -7.73771231E-001
    -3.30205228E-003    -7.76767063E-001
    -3.25120084E-003    -7.79727868E-001
    -3.20034939E-003    -7.82651210E-001
    -3.14949795E-003    -7.85535536E-001
    -3.09864651E-003    -7.88383474E-001
    -3.04779507E-003    -7.91189962E-001
    -2.99694362E-003    -7.93958008E-001
    -2.94609218E-003    -7.96685771E-001
    -2.89524074E-003    -7.99370878E-001
    -2.84438930E-003    -8.02016632E-001
    -2.79353785E-003    -8.04617722E-001
    -2.74268641E-003    -8.07176906E-001
    -2.69183497E-003    -8.09693032E-001
    -2.64098353E-003    -8.12162910E-001
    -2.59013208E-003    -8.14590426E-001
    -2.53928064E-003    -8.16970188E-001
    -2.48842920E-003    -8.19304551E-001
    -2.43757776E-003    -8.21593115E-001
    -2.38672631E-003    -8.23831925E-001
    -2.33587487E-003    -8.26025324E-001
    -2.28502343E-003    -8.28168016E-001
    -2.23417199E-003    -8.30261804E-001
    -2.18332054E-003    -8.32307093E-001
    -2.13246910E-003    -8.34299234E-001
    -2.08161766E-003    -8.36242877E-001
    -2.03076622E-003    -8.38133025E-001
    -1.97991477E-003    -8.39970759E-001
    -1.92906333E-003    -8.41757345E-001
    -1.87821189E-003    -8.43487522E-001
    -1.82736045E-003    -8.45166083E-001
    -1.77650900E-003    -8.46788540E-001
    -1.72565756E-003    -8.48355092E-001
    -1.67480612E-003    -8.49867902E-001
    -1.62395468E-003    -8.51321199E-001
    -1.57310323E-003    -8.52719740E-001
    -1.52225179E-003    -8.54059750E-001
    -1.47140035E-003    -8.55340415E-001
    -1.42054891E-003    -8.56564802E-001
    -1.36969746E-003    -8.57726743E-001
    -1.31884602E-003    -8.58830811E-001
    -1.26799458E-003    -8.59874049E-001
    -1.21714314E-003    -8.60854626E-001
    -1.16629170E-003    -8.61776434E-001
    -1.11544025E-003    -8.62633057E-001
    -1.06458881E-003    -8.63428732E-001
    -1.01373737E-003    -8.64161407E-001
    -9.62885925E-004    -8.64828254E-001
    -9.12034483E-004    -8.65433885E-001
    -8.61183040E-004    -8.65971807E-001
    -8.10331598E-004    -8.66445774E-001
    -7.59480155E-004    -8.66854683E-001
    -7.08628713E-004    -8.67194795E-001
    -6.57777270E-004    -8.67471272E-001
    -6.06925828E-004    -8.67677755E-001
    -5.56074385E-004    -8.67817369E-001
    -5.05222943E-004    -8.67889970E-001
    -4.54371500E-004    -8.67891030E-001
    -4.03520058E-004    -8.67826075E-001
    -3.52668615E-004    -8.67689090E-001
    -3.01817173E-004    -8.67482424E-001
    -2.50965731E-004    -8.67206907E-001
    -2.00114288E-004    -8.66857350E-001
    -1.49262846E-004    -8.66439445E-001
    -9.84114031E-005    -8.65947732E-001
    -4.75599606E-005    -8.65383651E-001
     3.29148184E-006    -8.64748997E-001
     5.41429243E-005    -8.64038064E-001
     1.04994367E-004    -8.63256507E-001
     1.55845809E-004    -8.62399634E-001
     2.06697252E-004    -8.61467847E-001
     2.57548694E-004    -8.60463892E-001
     3.08400137E-004    -8.59381687E-001
     3.59251579E-004    -8.58226662E-001
     4.10103022E-004    -8.56995060E-001
     4.60954464E-004    -8.55686186E-001
     5.11805907E-004    -8.54303673E-001
     5.62657349E-004    -8.52841211E-001
     6.13508791E-004    -8.51303867E-001
     6.64360234E-004    -8.49688869E-001
     7.15211676E-004    -8.47994490E-001
     7.66063119E-004    -8.46225115E-001
     8.16914561E-004    -8.44374379E-001
     8.67766004E-004    -8.42446850E-001
     9.18617446E-004    -8.40440769E-001
     9.69468889E-004    -8.38353473E-001
     1.02032033E-003    -8.36189934E-001
     1.07117177E-003    -8.33943921E-001
     1.12202322E-003    -8.31619380E-001
     1.17287466E-003    -8.29215550E-001
     1.22372610E-003    -8.26728979E-001
     1.27457754E-003    -8.24165021E-001
     1.32542899E-003    -8.21517780E-001
     1.37628043E-003    -8.18790472E-001
     1.42713187E-003    -8.15983298E-001
     1.47798331E-003    -8.13092180E-001
     1.52883476E-003    -8.10122644E-001
     1.57968620E-003    -8.07069318E-001
     1.63053764E-003    -8.03934599E-001
     1.68138908E-003    -8.00719600E-001
     1.73224053E-003    -7.97419779E-001
     1.78309197E-003    -7.94040639E-001
     1.83394341E-003    -7.90577503E-001
     1.88479485E-003    -7.87031871E-001
     1.93564630E-003    -7.83405713E-001
     1.98649774E-003    -7.79694182E-001
     2.03734918E-003    -7.75902575E-001
     2.08820062E-003    -7.72027061E-001
     2.13905207E-003    -7.68068190E-001
     2.18990351E-003    -7.64028723E-001
     2.24075495E-003    -7.59903653E-001
     2.29160639E-003    -7.55697918E-001
     2.34245784E-003    -7.51408624E-001
     2.39330928E-003    -7.47035398E-001
     2.44416072E-003    -7.42581672E-001
     2.49501216E-003    -7.38042428E-001
     2.54586361E-003    -7.33422146E-001
     2.59671505E-003    -7.28718860E-001
     2.64756649E-003    -7.23931388E-001
     2.69841793E-003    -7.19063677E-001
     2.74926938E-003    -7.14110848E-001
     2.80012082E-003    -7.09076836E-001
     2.85097226E-003    -7.03960571E-001
     2.90182370E-003    -6.98760206E-001
     2.95267515E-003    -6.93480019E-001
     3.00352659E-003    -6.88115426E-001
     3.05437803E-003    -6.82669756E-001
     3.10522947E-003    -6.77142768E-001
     3.15608092E-003    -6.71532113E-001
     3.20693236E-003    -6.65842213E-001
     3.25778380E-003    -6.60068924E-001
     3.30863524E-003    -6.54214927E-001
     3.35948668E-003    -6.48280727E-001
     3.41033813E-003    -6.42263640E-001
     3.46118957E-003    -6.36168056E-001
     3.51204101E-003    -6.29990393E-001
     3.56289245E-003    -6.23732659E-001
     3.61374390E-003    -6.17396024E-001
     3.66459534E-003    -6.10977618E-001
     3.71544678E-003    -6.04481648E-001
     3.76629822E-003    -5.97905188E-001
     3.81714967E-003    -5.91249573E-001
     3.86800111E-003    -5.84516547E-001
     3.91885255E-003    -5.77703189E-001
     3.96970399E-003    -5.70813396E-001
     4.02055544E-003    -5.63844968E-001
     4.07140688E-003    -5.56798590E-001
     4.12225832E-003    -5.49676483E-001
     4.17310976E-003    -5.42475785E-001
     4.22396121E-003    -5.35200009E-001
     4.27481265E-003    -5.27847676E-001
     4.32566409E-003    -5.20418914E-001
     4.37651553E-003    -5.12916288E-001
     4.42736698E-003    -5.05337104E-001
     4.47821842E-003    -4.97684445E-001
     4.52906986E-003    -4.89957502E-001
     4.57992130E-003    -4.82155978E-001
     4.63077275E-003    -4.74282638E-001
     4.68162419E-003    -4.66335047E-001
     4.73247563E-003    -4.58315846E-001
     4.78332707E-003    -4.50224819E-001
     4.83417852E-003    -4.42061381E-001
     4.88502996E-003    -4.33828353E-001
     4.93588140E-003    -4.25523651E-001
     4.98673284E-003    -4.17149470E-001
     5.03758429E-003    -4.08706094E-001
     5.08843573E-003    -4.00192795E-001
     5.13928717E-003    -3.91612318E-001
     5.19013861E-003    -3.82962990E-001
     5.24099006E-003    -3.74246584E-001
     5.29184150E-003    -3.65463792E-001
     5.34269294E-003    -3.56613864E-001
     5.39354438E-003    -3.47699364E-001
     5.44439583E-003    -3.38719062E-001
     5.49524727E-003    -3.29674355E-001
     5.54609871E-003    -3.20566250E-001
     5.59695015E-003    -3.11394074E-001
     5.64780160E-003    -3.02160134E-001
     5.69865304E-003    -2.92863651E-001
     5.74950448E-003    -2.83505710E-001
     5.80035592E-003    -2.74087538E-001
     5.85120737E-003    -2.64608613E-001
     5.90205881E-003    -2.55070941E-001
     5.95291025E-003    -2.45474181E-001
     6.00376169E-003    -2.35819185E-001
     6.05461314E-003    -2.26107296E-001
     6.10546458E-003    -2.16338203E-001
     6.15631602E-003    -2.06513607E-001
     6.20716746E-003    -1.96633547E-001
     6.25801891E-003    -1.86698745E-001
     6.30887035E-003    -1.76710559E-001
     6.35972179E-003    -1.66668930E-001
     6.41057323E-003    -1.56575274E-001
     6.46142468E-003    -1.46429930E-001
     6.51227612E-003    -1.36233602E-001
     6.56312756E-003    -1.25987566E-001
     6.61397900E-003    -1.15692041E-001
     6.66483045E-003    -1.05348198E-001
     6.71568189E-003    -9.49565901E-002
     6.76653333E-003    -8.45179999E-002
     6.81738477E-003    -7.40335479E-002
     6.86823622E-003    -6.35037360E-002
     6.91908766E-003    -5.29295410E-002
     6.96993910E-003    -4.23116483E-002
     7.02079054E-003    -3.16509989E-002
     7.07164199E-003    -2.09485060E-002
     7.12249343E-003    -1.02049350E-002
     7.17334487E-003     5.78861735E-004
     7.22419631E-003     1.14021473E-002
     7.27504776E-003     2.22637643E-002
     7.32589920E-003     3.31630329E-002
     7.37675064E-003     4.40989663E-002
     7.42760208E-003     5.50707513E-002
     7.47845353E-003     6.60776757E-002
     7.52930497E-003     7.71183330E-002
     7.58015641E-003     8.81922766E-002
     7.63100785E-003     9.92983572E-002
     7.68185930E-003     1.10435704E-001
     7.73271074E-003     1.21603707E-001
     7.78356218E-003     1.32800699E-001
     7.83441362E-003     1.44026437E-001
     7.88526506E-003     1.55279682E-001
     7.93611651E-003     1.66559410E-001
     7.98696795E-003     1.77865184E-001
     8.03781939E-003     1.89195082E-001
     8.08867083E-003     2.00549015E-001
     8.13952228E-003     2.11925728E-001
     8.19037372E-003     2.23323966E-001
     8.24122516E-003     2.34743520E-001
     8.29207660E-003     2.46182228E-001
     8.34292805E-003     2.57640096E-001
     8.39377949E-003     2.69115930E-001
     8.44463093E-003     2.80608181E-001
     8.49548237E-003     2.92116895E-001
     8.54633382E-003     3.03639715E-001
     8.59718526E-003     3.15176670E-001
     8.64803670E-003     3.26726689E-001
     8.69888814E-003     3.38287891E-001
     8.74973959E-003     3.49860587E-001
     8.80059103E-003     3.61442282E-001
     8.85144247E-003     3.73032947E-001
     8.90229391E-003     3.84631689E-001
     8.95314536E-003     3.96236288E-001
     9.00399680E-003     4.07847297E-001
     9.05484824E-003     4.19462156E-001
     9.10569968E-003     4.31080695E-001
     9.15655113E-003     4.42702246E-001
     9.20740257E-003     4.54324260E-001
     9.25825401E-003     4.65947492E-001
     9.30910545E-003     4.77569402E-001
     9.35995690E-003     4.89189589E-001
     9.41080834E-003     5.00807655E-001
     9.46165978E-003     5.12420746E-001
     9.51251122E-003     5.24029760E-001
     9.56336267E-003     5.35632279E-001
     9.61421411E-003     5.47227568E-001
     9.66506555E-003     5.58815545E-001
     9.71591699E-003     5.70393092E-001
     9.76676844E-003     5.81961180E-001
     9.81761988E-003     5.93517598E-001
     9.86847132E-003     6.05061201E-001
     9.91932276E-003     6.16592256E-001
     9.97017421E-003     6.28107430E-001
     1.00210256E-002     6.39607689E-001
     1.00718771E-002     6.51091095E-001
     1.01227285E-002     6.62556066E-001
     1.01735800E-002     6.74003211E-001
     1.02244314E-002     6.85429043E-001
     1.02752829E-002     6.96834455E-001
     1.03261343E-002     7.08217829E-001
     1.03769857E-002     7.19577134E-001
     1.04278372E-002     7.30913299E-001
     1.04786886E-002     7.42222765E-001
     1.05295401E-002     7.53506274E-001
     1.05803915E-002     7.64762557E-001
     1.06312430E-002     7.75989155E-001
     1.06820944E-002     7.87187270E-001
     1.07329458E-002     7.98353366E-001
     1.07837973E-002     8.09487952E-001
     1.08346487E-002     8.20590127E-001
     1.08855002E-002     8.31657053E-001
     1.09363516E-002     8.42690134E-001
     1.09872031E-002     8.53685952E-001
     1.10380545E-002     8.64644708E-001
     1.10889059E-002     8.75565888E-001
     1.11397574E-002     8.86446325E-001
     1.11906088E-002     8.97287551E-001
     1.12414603E-002     9.08086363E-001
     1.12923117E-002     9.18842580E-001
     1.13431632E-002     9.29556085E-001
     1.13940146E-002     9.40223447E-001
     1.14448660E-002     9.50846239E-001
     1.14957175E-002     9.61421575E-001
     1.15465689E-002     9.71948818E-001
     1.15974204E-002     9.82428261E-001
     1.16482718E-002     9.92856274E-001
     1.16991233E-002     1.00323438E+000
     1.17499747E-002     1.01356010E+000
     1.18008261E-002     1.02383230E+000
     1.18516776E-002     1.03405166E+000
     1.19025290E-002     1.04421444E+000
     1.19533805E-002     1.05432203E+000
     1.20042319E-002     1.06437240E+000
     1.20550833E-002     1.07436392E+000
     1.21059348E-002     1.08429764E+000
     1.21567862E-002     1.09416976E+000
     1.22076377E-002     1.10398150E+000
     1.22584891E-002     1.11373127E+000
     1.23093406E-002     1.12341701E+000
     1.23601920E-002     1.13304005E+000
     1.24110434E-002     1.14259663E+000
     1.24618949E-002     1.15208776E+000
     1.25127463E-002     1.16151227E+000
     1.25635978E-002     1.17086771E+000
     1.26144492E-002     1.18015564E+000
     1.26653007E-002     1.18937245E+000
     1.27161521E-002     1.19851883E+000
     1.27670035E-002     1.20759406E+000
     1.28178550E-002     1.21659537E+000
     1.28687064E-002     1.22552446E+000
     1.29195579E-002     1.23437794E+000
     1.29704093E-002     1.24315616E+000
     1.30212608E-002     1.25185884E+000
     1.30721122E-002     1.26048294E+000
     1.31229636E-002     1.26903021E+000
     1.31738151E-002     1.27749760E+000
     1.32246665E-002     1.28588505E+000
     1.32755180E-002     1.29419268E+000
     1.33263694E-002     1.30241731E+000
     1.33772209E-002     1.31056064E+000
     1.34280723E-002     1.31862000E+000
     1.34789237E-002     1.32659493E+000
     1.35297752E-002     1.33448593E+000
     1.35806266E-002     1.34228972E+000
     1.36314781E-002     1.35000787E+000
     1.36823295E-002     1.35763821E+000
     1.37331809E-002     1.36517980E+000
     1.37840324E-002     1.37263353E+000
     1.38348838E-002     1.37999605E+000
     1.38857353E-002     1.38726880E+000
     1.39365867E-002     1.39445007E+000
     1.39874382E-002     1.40153851E+000
     1.40382896E-002     1.40853533E+000
     1.40891410E-002     1.41543720E+000
     1.41399925E-002     1.42224536E+000
     1.41908439E-002     1.42895857E+000
     1.42416954E-002     1.43557513E+000
     1.42925468E-002     1.44209647E+000
     1.43433983E-002     1.44851939E+000
     1.43942497E-002     1.45484489E+000
     1.44451011E-002     1.46107216E+000
     1.44959526E-002     1.46719922E+000
     1.45468040E-002     1.47322765E+000
     1.45976555E-002     1.47915446E+000
     1.46485069E-002     1.48498037E+000
     1.46993584E-002     1.49070498E+000
     1.47502098E-002     1.49632611E+000
     1.48010612E-002     1.50184541E+000
     1.48519127E-002     1.50726015E+000
     1.49027641E-002     1.51257075E+000
     1.49536156E-002     1.51777722E+000
     1.50044670E-002     1.52287722E+000
     1.50553185E-002     1.52787238E+000
     1.51061699E-002     1.53276034E+000
     1.51570213E-002     1.53754118E+000
     1.52078728E-002     1.54221528E+000
     1.52587242E-002     1.54678022E+000
     1.53095757E-002     1.55123755E+000
     1.53604271E-002     1.55558531E+000
     1.54112786E-002     1.55982324E+000
     1.54621300E-002     1.56395207E+000
     1.55129814E-002     1.56796933E+000
     1.55638329E-002     1.57187646E+000
     1.56146843E-002     1.57567193E+000
     1.56655358E-002     1.57935516E+000
     1.57163872E-002     1.58292716E+000
     1.57672386E-002     1.58638548E+000
     1.58180901E-002     1.58973142E+000
     1.58689415E-002     1.59296387E+000
     1.59197930E-002     1.59608198E+000
     1.59706444E-002     1.59908697E+000
     1.60214959E-002     1.60197648E+000
     1.60723473E-002     1.60475164E+000
     1.61231987E-002     1.60741174E+000
     1.61740502E-002     1.60995571E+000
     1.62249016E-002     1.61238493E+000
     1.62757531E-002     1.61469718E+000
     1.63266045E-002     1.61689340E+000
     1.63774560E-002     1.61897325E+000
     1.64283074E-002     1.62093550E+000
     1.64791588E-002     1.62278161E+000
     1.65300103E-002     1.62450958E+000
     1.65808617E-002     1.62612013E+000
     1.66317132E-002     1.62761327E+000
     1.66825646E-002     1.62898767E+000
     1.67334161E-002     1.63024481E+000
     1.67842675E-002     1.63138292E+000
     1.68351189E-002     1.63240254E+000
     1.68859704E-002     1.63330398E+000
     1.69368218E-002     1.63408585E+000
     1.69876733E-002     1.63474960E+000
     1.70385247E-002     1.63529376E+000
     1.70893762E-002     1.63571864E+000
     1.71402276E-002     1.63602486E+000
     1.71910790E-002     1.63621099E+000
     1.72419305E-002     1.63627841E+000
     1.72927819E-002     1.63622599E+000
     1.73436334E-002     1.63605382E+000
     1.73944848E-002     1.63576276E+000
     1.74453362E-002     1.63535141E+000
     1.74961877E-002     1.63482104E+000
     1.75470391E-002     1.63417087E+000
     1.75978906E-002     1.63340079E+000
     1.76487420E-002     1.63251188E+000
     1.76995935E-002     1.63150277E+000
     1.77504449E-002     1.63037462E+000
     1.78012963E-002     1.62912699E+000
     1.78521478E-002     1.62775962E+000
     1.79029992E-002     1.62627373E+000
     1.79538507E-002     1.62466804E+000
     1.80047021E-002     1.62294360E+000
     1.80555536E-002     1.62110025E+000
     1.81064050E-002     1.61913766E+000
     1.81572564E-002     1.61705711E+000
     1.82081079E-002     1.61485747E+000
     1.82589593E-002     1.61253965E+000
     1.83098108E-002     1.61010379E+000
     1.83606622E-002     1.60754947E+000
     1.84115137E-002     1.60487803E+000
     1.84623651E-002     1.60208848E+000
     1.85132165E-002     1.59918162E+000
     1.85640680E-002     1.59615786E+000
     1.86149194E-002     1.59301672E+000
     1.86657709E-002     1.58975956E+000
     1.87166223E-002     1.58638557E+000
     1.87674738E-002     1.58289542E+000
     1.88183252E-002     1.57928976E+000
     1.88691766E-002     1.57556811E+000
     1.89200281E-002     1.57173177E+000
     1.89708795E-002     1.56778016E+000
     1.90217310E-002     1.56371384E+000
     1.90725824E-002     1.55953367E+000
     1.91234339E-002     1.55523915E+000
     1.91742853E-002     1.55083154E+000
     1.92251367E-002     1.54631049E+000
     1.92759882E-002     1.54167647E+000
     1.93268396E-002     1.53693048E+000
     1.93776911E-002     1.53207207E+000
     1.94285425E-002     1.52710241E+000
     1.94793939E-002     1.52202142E+000
     1.95302454E-002     1.51682946E+000
     1.95810968E-002     1.51152765E+000
     1.96319483E-002     1.50611561E+000
     1.96827997E-002     1.50059442E+000
     1.97336512E-002     1.49496424E+000
     1.97845026E-002     1.48922535E+000
     1.98353540E-002     1.48337899E+000
     1.98862055E-002     1.47742481E+000
     1.99370569E-002     1.47136383E+000
     1.99879084E-002     1.46519644E+000
     2.00387598E-002     1.45892288E+000
     2.00896113E-002     1.45254442E+000
     2.01404627E-002     1.44606080E+000
     2.01913141E-002     1.43947300E+000
     2.02421656E-002     1.43278156E+000
     2.02930170E-002     1.42598674E+000
     2.03438685E-002     1.41908980E+000
     2.03947199E-002     1.41209061E+000
     2.04455714E-002     1.40499006E+000
     2.04964228E-002     1.39778889E+000
     2.05472742E-002     1.39048734E+000
     2.05981257E-002     1.38308666E+000
     2.06489771E-002     1.37558685E+000
     2.06998286E-002     1.36798874E+000
     2.07506800E-002     1.36029323E+000
     2.08015315E-002     1.35250056E+000
     2.08523829E-002     1.34461195E+000
     2.09032343E-002     1.33662753E+000
     2.09540858E-002     1.32854810E+000
     2.10049372E-002     1.32037467E+000
     2.10557887E-002     1.31210750E+000
     2.11066401E-002     1.30374776E+000
     2.11574916E-002     1.29529576E+000
     2.12083430E-002     1.28675222E+000
     2.12591944E-002     1.27811828E+000
     2.13100459E-002     1.26939419E+000
     2.13608973E-002     1.26058111E+000
     2.14117488E-002     1.25167947E+000
     2.14626002E-002     1.24268999E+000
     2.15134516E-002     1.23361384E+000
     2.15643031E-002     1.22445134E+000
     2.16151545E-002     1.21520359E+000
     2.16660060E-002     1.20587116E+000
     2.17168574E-002     1.19645476E+000
     2.17677089E-002     1.18695561E+000
     2.18185603E-002     1.17737405E+000
     2.18694117E-002     1.16771115E+000
     2.19202632E-002     1.15796762E+000
     2.19711146E-002     1.14814416E+000
     2.20219661E-002     1.13824199E+000
     2.20728175E-002     1.12826153E+000
     2.21236690E-002     1.11820378E+000
     2.21745204E-002     1.10806961E+000
     2.22253718E-002     1.09785970E+000
     2.22762233E-002     1.08757527E+000
     2.23270747E-002     1.07721678E+000
     2.23779262E-002     1.06678525E+000
     2.24287776E-002     1.05628161E+000
     2.24796291E-002     1.04570656E+000
     2.25304805E-002     1.03506131E+000
     2.25813319E-002     1.02434639E+000
     2.26321834E-002     1.01356278E+000
     2.26830348E-002     1.00271151E+000
     2.27338863E-002     9.91793290E-001
     2.27847377E-002     9.80809298E-001
     2.28355892E-002     9.69760148E-001
     2.28864406E-002     9.58646794E-001
     2.29372920E-002     9.47470345E-001
     2.29881435E-002     9.36231507E-001
     2.30389949E-002     9.24931437E-001
     2.30898464E-002     9.13570833E-001
     2.31406978E-002     9.02150632E-001
     2.31915492E-002     8.90671988E-001
     2.32424007E-002     8.79135621E-001
     2.32932521E-002     8.67542663E-001
     2.33441036E-002     8.55893896E-001
     2.33949550E-002     8.44190240E-001
     2.34458065E-002     8.32432882E-001
     2.34966579E-002     8.20622558E-001
     2.35475093E-002     8.08760373E-001
     2.35983608E-002     7.96847188E-001
     2.36492122E-002     7.84883918E-001
     2.37000637E-002     7.72871762E-001
     2.37509151E-002     7.60811472E-001
     2.38017666E-002     7.48704135E-001
     2.38526180E-002     7.36550684E-001
     2.39034694E-002     7.24352032E-001
     2.39543209E-002     7.12109373E-001
     2.40051723E-002     6.99823481E-001
     2.40560238E-002     6.87495430E-001
     2.41068752E-002     6.75126215E-001
     2.41577267E-002     6.62716745E-001
     2.42085781E-002     6.50268203E-001
     2.42594295E-002     6.37781395E-001
     2.43102810E-002     6.25257377E-001
     2.43611324E-002     6.12697191E-001
     2.44119839E-002     6.00101752E-001
     2.44628353E-002     5.87472226E-001
     2.45136868E-002     5.74809450E-001
     2.45645382E-002     5.62114462E-001
     2.46153896E-002     5.49388347E-001
     2.46662411E-002     5.36632021E-001
     2.47170925E-002     5.23846630E-001
     2.47679440E-002     5.11033047E-001
     2.48187954E-002     4.98192295E-001
     2.48696469E-002     4.85325482E-001
     2.49204983E-002     4.72433531E-001
     2.49713497E-002     4.59517569E-001
     2.50222012E-002     4.46578504E-001
     2.50730526E-002     4.33617342E-001
     2.51239041E-002     4.20635206E-001
     2.51747555E-002     4.07633026E-001
     2.52256069E-002     3.94611911E-001
     2.52764584E-002     3.81572799E-001
     2.53273098E-002     3.68516683E-001
     2.53781613E-002     3.55444695E-001
     2.54290127E-002     3.42357767E-001
     2.54798642E-002     3.29256989E-001
     2.55307156E-002     3.16143329E-001
     2.55815670E-002     3.03017774E-001
     2.56324185E-002     2.89881448E-001
     2.56832699E-002     2.76735286E-001
     2.57341214E-002     2.63580363E-001
     2.57849728E-002     2.50417676E-001
     2.58358243E-002     2.37248200E-001
     2.58866757E-002     2.24073046E-001
     2.59375271E-002     2.10893156E-001
     2.59883786E-002     1.97709592E-001
     2.60392300E-002     1.84523366E-001
     2.60900815E-002     1.71335444E-001
     2.61409329E-002     1.58146927E-001
     2.61917844E-002     1.44958761E-001
     2.62426358E-002     1.31771992E-001
     2.62934872E-002     1.18587640E-001
     2.63443387E-002     1.05406665E-001
     2.63951901E-002     9.22301547E-002
     2.64460416E-002     7.90590632E-002
     2.64968930E-002     6.58944122E-002
     2.65477445E-002     5.27372255E-002
     2.65985959E-002     3.95884602E-002
     2.66494473E-002     2.64491925E-002
     2.67002988E-002     1.33203794E-002
     2.67511502E-002     2.03014858E-004
     2.68020017E-002    -1.29018791E-002
     2.68528531E-002    -2.59933420E-002
     2.69037045E-002    -3.90703126E-002
     2.69545560E-002    -5.21318385E-002
     2.70054074E-002    -6.51769507E-002
     2.70562589E-002    -7.82046269E-002
     2.71071103E-002    -9.12139095E-002
     2.71579618E-002    -1.04203758E-001
     2.72088132E-002    -1.17173222E-001
     2.72596646E-002    -1.30121353E-001
     2.73105161E-002    -1.43047138E-001
     2.73613675E-002    -1.55949625E-001
     2.74122190E-002    -1.68827793E-001
     2.74630704E-002    -1.81680694E-001
     2.75139219E-002    -1.94507399E-001
     2.75647733E-002    -2.07306915E-001
     2.76156247E-002    -2.20078292E-001
     2.76664762E-002    -2.32820527E-001
     2.77173276E-002    -2.45532680E-001
     2.77681791E-002    -2.58213849E-001
     2.78190305E-002    -2.70863050E-001
     2.78698820E-002    -2.83479341E-001
     2.79207334E-002    -2.96061740E-001
     2.79715848E-002    -3.08609326E-001
     2.80224363E-002    -3.21121214E-001
     2.80732877E-002    -3.33596431E-001
     2.81241392E-002    -3.46034042E-001
     2.81749906E-002    -3.58433098E-001
     2.82258421E-002    -3.70792697E-001
     2.82766935E-002    -3.83111966E-001
     2.83275449E-002    -3.95389945E-001
     2.83783964E-002    -4.07625711E-001
     2.84292478E-002    -4.19818350E-001
     2.84800993E-002    -4.31966984E-001
     2.85309507E-002    -4.44070747E-001
     2.85818022E-002    -4.56128690E-001
     2.86326536E-002    -4.68139909E-001
     2.86835050E-002    -4.80103534E-001
     2.87343565E-002    -4.92018705E-001
     2.87852079E-002    -5.03884559E-001
     2.88360594E-002    -5.15700165E-001
     2.88869108E-002    -5.27464648E-001
     2.89377622E-002    -5.39177175E-001
     2.89886137E-002    -5.50836902E-001
     2.90394651E-002    -5.62442974E-001
     2.90903166E-002    -5.73994483E-001
     2.91411680E-002    -5.85490586E-001
     2.91920195E-002    -5.96930482E-001
     2.92428709E-002    -6.08313344E-001
     2.92937223E-002    -6.19638331E-001
     2.93445738E-002    -6.30904561E-001
     2.93954252E-002    -6.42111219E-001
     2.94462767E-002    -6.53257540E-001
     2.94971281E-002    -6.64342719E-001
     2.95479796E-002    -6.75365925E-001
     2.95988310E-002    -6.86326304E-001
     2.96496824E-002    -6.97223078E-001
     2.97005339E-002    -7.08055516E-001
     2.97513853E-002    -7.18822829E-001
     2.98022368E-002    -7.29524198E-001
     2.98530882E-002    -7.40158807E-001
     2.99039397E-002    -7.50725919E-001
     2.99547911E-002    -7.61224834E-001
     3.00056425E-002    -7.71654772E-001