    -4.20000000E-002     0.00000000E+000
    -4.19491397E-002    -2.03390216E-012
    -4.18982795E-002    -4.47699292E-012
    -4.18474192E-002    -7.39218500E-012
    -4.17965590E-002    -1.08469730E-011
    -4.17456987E-002    -1.49125129E-011
    -4.16948385E-002    -1.96623944E-011
    -4.16439782E-002    -2.51711209E-011
    -4.15931180E-002    -3.15123442E-011
    -4.15422577E-002    -3.87569308E-011
    -4.14913975E-002    -4.69709707E-011
    -4.14405372E-002    -5.62138709E-011
    -4.13896770E-002    -6.65366977E-011
    -4.13388167E-002    -7.79809431E-011
    -4.12879565E-002    -9.05778891E-011
    -4.12370962E-002    -1.04348713E-010
    -4.11862360E-002    -1.19305436E-010
    -4.11353757E-002    -1.35452752E-010
    -4.10845155E-002    -1.52790681E-010
    -4.10336552E-002    -1.71317910E-010
    -4.09827950E-002    -1.91035597E-010
    -4.09319347E-002    -2.11951315E-010
    -4.08810745E-002    -2.34082777E-010
    -4.08302142E-002    -2.57460974E-010
    -4.07793540E-002    -2.82132354E-010
    -4.07284937E-002    -3.08159775E-010
    -4.06776335E-002    -3.35622069E-010
    -4.06267732E-002    -3.64612168E-010
    -4.05759130E-002    -3.95233953E-010
    -4.05250527E-002    -4.27598058E-010
    -4.04741925E-002    -4.61817047E-010
    -4.04233322E-002    -4.98000380E-010
    -4.03724720E-002    -5.36249626E-010
    -4.03216117E-002    -5.76654331E-010
    -4.02707515E-002    -6.19288829E-010
    -4.02198912E-002    -6.64210190E-010
    -4.01690310E-002    -7.11457384E-010
    -4.01181707E-002    -7.61051638E-010
    -4.00673105E-002    -8.12997952E-010
    -4.00164502E-002    -8.67287746E-010
    -3.99655900E-002    -9.23902662E-010
    -3.99147297E-002    -9.82819621E-010
    -3.98638695E-002    -1.04401727E-009
    -3.98130092E-002    -1.10748392E-009
    -3.97621490E-002    -1.17322695E-009
    -3.97112887E-002    -1.24128343E-009
    -3.96604285E-002    -1.31173138E-009
    -3.96095682E-002    -1.38470058E-009
    -3.95587080E-002    -1.46038185E-009
    -3.95078477E-002    -1.53903307E-009
    -3.94569875E-002    -1.62098036E-009
    -3.94061272E-002    -1.70661319E-009
    -3.93552670E-002    -1.79637233E-009
    -3.93044067E-002    -1.89073061E-009
    -3.92535465E-002    -1.99016699E-009
    -3.92026862E-002    -2.09513583E-009
    -3.91518260E-002    -2.20603366E-009
    -3.91009657E-002    -2.32316702E-009
    -3.90501055E-002    -2.44672511E-009
    -3.89992452E-002    -2.57676120E-009
    -3.89483850E-002    -2.71318672E-009
    -3.88975247E-002    -2.85578094E-009
    -3.88466645E-002    -3.00421824E-009
    -3.87958042E-002    -3.15811315E-009
    -3.87449440E-002    -3.31708142E-009
    -3.86940837E-002    -3.48081279E-009
    -3.86432235E-002    -3.64914874E-009
    -3.85923632E-002    -3.82215627E-009
    -3.85415030E-002    -4.00018692E-009
    -3.84906427E-002    -4.18391005E-009
    -3.84397825E-002    -4.37431022E-009
    -3.83889222E-002    -4.57264179E-009
    -3.83380620E-002    -4.78033878E-009
    -3.82872017E-002    -4.99888468E-009
    -3.82363415E-002    -5.22965445E-009
    -3.81854812E-002    -5.47374828E-009
    -3.81346210E-002    -5.73184224E-009
    -3.80837607E-002    -6.00408334E-009
    -3.80329005E-002    -6.29005480E-009
    -3.79820402E-002    -6.58882996E-009
    -3.79311800E-002    -6.89912174E-009
    -3.78803197E-002    -7.21951851E-009
    -3.78294595E-002    -7.54877994E-009
    -3.77785992E-002    -7.88615027E-009
    -3.77277390E-002    -8.23163528E-009
    -3.76768787E-002    -8.58618579E-009
    -3.76260185E-002    -8.95173799E-009
    -3.75751582E-002    -9.33107949E-009
    -3.75242980E-002    -9.72753899E-009
    -3.74734377E-002    -1.01445322E-008
    -3.74225775E-002    -1.05850326E-008
    -3.73717172E-002    -1.10510619E-008
    -3.73208570E-002    -1.15433115E-008
    -3.72699967E-002    -1.20609915E-008
    -3.72191365E-002    -1.26019778E-008
    -3.71682762E-002    -1.31632682E-008
    -3.71174160E-002    -1.37416936E-008
    -3.70665557E-002    -1.43347611E-008
    -3.70156955E-002    -1.49414560E-008
    -3.69648352E-002    -1.55628094E-008
    -3.69139750E-002    -1.62020658E-008
    -3.68631147E-002    -1.68643543E-008
    -3.68122545E-002    -1.75558790E-008
    -3.67613942E-002    -1.82827653E-008
    -3.67105340E-002    -1.90498112E-008
    -3.66596737E-002    -1.98594513E-008
    -3.66088135E-002    -2.07112326E-008
    -3.65579532E-002    -2.16020022E-008
    -3.65070930E-002    -2.25268405E-008
    -3.64562327E-002    -2.34805684E-008
    -3.64053725E-002    -2.44594730E-008
    -3.63545122E-002    -2.54627826E-008
    -3.63036520E-002    -2.64934426E-008
    -3.62527917E-002    -2.75578908E-008
    -3.62019315E-002    -2.86648037E-008
    -3.61510712E-002    -2.98230968E-008
    -3.61002110E-002    -3.10397320E-008
    -3.60493507E-002    -3.23180071E-008
    -3.59984905E-002    -3.36569200E-008
    -3.59476302E-002    -3.50519070E-008
    -3.58967700E-002    -3.64968222E-008
    -3.58459097E-002    -3.79865816E-008
    -3.57950495E-002    -3.95196061E-008
    -3.57441892E-002    -4.10991816E-008
    -3.56933290E-002    -4.27331650E-008
    -3.56424687E-002    -4.44320254E-008
    -3.55916085E-002    -4.62058406E-008
    -3.55407482E-002    -4.80613334E-008
    -3.54898880E-002    -5.00001146E-008
    -3.54390277E-002    -5.20189244E-008
    -3.53881675E-002    -5.41119126E-008
    -3.53373072E-002    -5.62741460E-008
    -3.52864470E-002    -5.85049322E-008
    -3.52355867E-002    -6.08094998E-008
    -3.51847265E-002    -6.31981672E-008
    -3.51338662E-002    -6.56831960E-008
    -3.50830060E-002    -6.82746142E-008
    -3.50321457E-002    -7.09769062E-008
    -3.49812855E-002    -7.37882425E-008
    -3.49304252E-002    -7.67028446E-008
    -3.48795650E-002    -7.97155865E-008
    -3.48287047E-002    -8.28267005E-008
    -3.47778445E-002    -8.60441659E-008
    -3.47269842E-002    -8.93822873E-008
    -3.46761240E-002    -9.28568053E-008
    -3.46252637E-002    -9.64787803E-008
    -3.45744035E-002    -1.00250431E-007
    -3.45235432E-002    -1.04165449E-007
    -3.44726830E-002    -1.08214172E-007
    -3.44218227E-002    -1.12391343E-007
    -3.43709625E-002    -1.16702436E-007
    -3.43201022E-002    -1.21164799E-007
    -3.42692420E-002    -1.25802320E-007
    -3.42183817E-002    -1.30635870E-007
    -3.41675215E-002    -1.35674527E-007
    -3.41166612E-002    -1.40912743E-007
    -3.40658010E-002    -1.46335829E-007
    -3.40149407E-002    -1.51931445E-007
    -3.39640805E-002    -1.57700935E-007
    -3.39132202E-002    -1.63663682E-007
    -3.38623600E-002    -1.69851137E-007
    -3.38114997E-002    -1.76293116E-007
    -3.37606395E-002    -1.83004061E-007
    -3.37097792E-002    -1.89977808E-007
    -3.36589190E-002    -1.97194949E-007
    -3.36080587E-002    -2.04639313E-007
    -3.35571985E-002    -2.12313892E-007
    -3.35063382E-002    -2.20246016E-007
    -3.34554780E-002    -2.28477607E-007
    -3.34046177E-002    -2.37045705E-007
    -3.33537575E-002    -2.45965256E-007
    -3.33028972E-002    -2.55225463E-007
    -3.32520370E-002    -2.64802758E-007
    -3.32011767E-002    -2.74682495E-007
    -3.31503165E-002    -2.84875239E-007
    -3.30994562E-002    -2.95416705E-007
    -3.30485960E-002    -3.06351307E-007
    -3.29977357E-002    -3.17710676E-007
    -3.29468755E-002    -3.29502146E-007
    -3.28960152E-002    -3.41715115E-007
    -3.28451550E-002    -3.54340114E-007
    -3.27942947E-002    -3.67386007E-007
    -3.27434345E-002    -3.80882402E-007
    -3.26925742E-002    -3.94866012E-007
    -3.26417140E-002    -4.09362574E-007
    -3.25908537E-002    -4.24379457E-007
    -3.25399935E-002    -4.39915045E-007
    -3.24891332E-002    -4.55976562E-007
    -3.24382730E-002    -4.72590342E-007
    -3.23874127E-002    -4.89794852E-007
    -3.23365525E-002    -5.07622186E-007
    -3.22856922E-002    -5.26084889E-007
    -3.22348320E-002    -5.45181168E-007
    -3.21839717E-002    -5.64915103E-007
    -3.21331115E-002    -5.85313749E-007
    -3.20822512E-002    -6.06424252E-007
    -3.20313910E-002    -6.28291784E-007
    -3.19805307E-002    -6.50937895E-007
    -3.19296705E-002    -6.74360551E-007
    -3.18788102E-002    -6.98558171E-007
    -3.18279500E-002    -7.23556613E-007
    -3.17770897E-002    -7.49412899E-007
    -3.17262295E-002    -7.76189681E-007
    -3.16753692E-002    -8.03922660E-007
    -3.16245090E-002    -8.32612159E-007
    -3.15736487E-002    -8.62248876E-007
    -3.15227885E-002    -8.92850932E-007
    -3.14719282E-002    -9.24476719E-007
    -3.14210680E-002    -9.57200129E-007
    -3.13702077E-002    -9.91071670E-007
    -3.13193475E-002    -1.02610391E-006
    -3.12684872E-002    -1.06229606E-006
    -3.12176270E-002    -1.09967274E-006
    -3.11667667E-002    -1.13829691E-006
    -3.11159065E-002    -1.17824373E-006
    -3.10650462E-002    -1.21956336E-006
    -3.10141860E-002    -1.26227271E-006
    -3.09633257E-002    -1.30638482E-006
    -3.09124655E-002    -1.35194284E-006
    -3.08616052E-002    -1.39902078E-006
    -3.08107450E-002    -1.44769064E-006
    -3.07598847E-002    -1.49799459E-006
    -3.07090245E-002    -1.54995499E-006
    -3.06581642E-002    -1.60361077E-006
    -3.06073040E-002    -1.65903628E-006
    -3.05564437E-002    -1.71631845E-006
    -3.05055835E-002    -1.77551855E-006
    -3.04547232E-002    -1.83666514E-006
    -3.04038630E-002    -1.89978876E-006
    -3.03530027E-002    -1.96495769E-006
    -3.03021425E-002    -2.03227048E-006
    -3.02512822E-002    -2.10181312E-006
    -3.02004220E-002    -2.17363320E-006
    -3.01495617E-002    -2.24776495E-006
    -3.00987015E-002    -2.32427608E-006
    -3.00478412E-002    -2.40327818E-006
    -2.99969810E-002    -2.48488530E-006
    -2.99461207E-002    -2.56916945E-006
    -2.98952605E-002    -2.65616725E-006
    -2.98444002E-002    -2.74593039E-006
    -2.97935400E-002    -2.83855944E-006
    -2.97426797E-002    -2.93418234E-006
    -2.96918195E-002    -3.03290643E-006
    -2.96409592E-002    -3.13480245E-006
    -2.95900990E-002    -3.23993590E-006
    -2.95392387E-002    -3.34840337E-006
    -2.94883785E-002    -3.46033097E-006
    -2.94375182E-002    -3.57584284E-006
    -2.93866580E-002    -3.69504076E-006
    -2.93357977E-002    -3.81801560E-006
    -2.92849375E-002    -3.94487083E-006
    -2.92340772E-002    -4.07573028E-006
    -2.91832170E-002    -4.21072729E-006
    -2.91323567E-002    -4.34999110E-006
    -2.90814965E-002    -4.49364213E-006
    -2.90306362E-002    -4.64179687E-006
    -2.89797760E-002    -4.79457898E-006
    -2.89289157E-002    -4.95212984E-006
    -2.88780555E-002    -5.11460653E-006
    -2.88271952E-002    -5.28216472E-006
    -2.87763350E-002    -5.45494531E-006
    -2.87254747E-002    -5.63308559E-006
    -2.86746145E-002    -5.81674400E-006
    -2.86237542E-002    -6.00610282E-006
    -2.85728940E-002    -6.20133993E-006
    -2.85220337E-002    -6.40260795E-006
    -2.84711735E-002    -6.61005437E-006
    -2.84203132E-002    -6.82385769E-006
    -2.83694530E-002    -7.04422774E-006
    -2.83185927E-002    -7.27136912E-006
    -2.82677325E-002    -7.50546263E-006
    -2.82168722E-002    -7.74669230E-006
    -2.81660120E-002    -7.99527443E-006
    -2.81151517E-002    -8.25144121E-006
    -2.80642915E-002    -8.51540396E-006
    -2.80134312E-002    -8.78735597E-006
    -2.79625710E-002    -9.06751436E-006
    -2.79117107E-002    -9.35613830E-006
    -2.78608505E-002    -9.65349511E-006
    -2.78099902E-002    -9.95982404E-006
    -2.77591300E-002    -1.02753493E-005
    -2.77082697E-002    -1.06003203E-005
    -2.76574095E-002    -1.09350214E-005
    -2.76065492E-002    -1.12797424E-005
    -2.75556890E-002    -1.16347568E-005
    -2.75048287E-002    -1.20003335E-005
    -2.74539685E-002    -1.23767641E-005
    -2.74031082E-002    -1.27643694E-005
    -2.73522479E-002    -1.31634797E-005
    -2.73013877E-002    -1.35744126E-005
    -2.72505274E-002    -1.39974734E-005
    -2.71996672E-002    -1.44329804E-005
    -2.71488069E-002    -1.48812861E-005
    -2.70979467E-002    -1.53427652E-005
    -2.70470864E-002    -1.58177835E-005
    -2.69962262E-002    -1.63066924E-005
    -2.69453659E-002    -1.68098593E-005
    -2.68945057E-002    -1.73276866E-005
    -2.68436454E-002    -1.78605886E-005
    -2.67927852E-002    -1.84089661E-005
    -2.67419249E-002    -1.89732240E-005
    -2.66910647E-002    -1.95538014E-005
    -2.66402044E-002    -2.01511621E-005
    -2.65893442E-002    -2.07657601E-005
    -2.65384839E-002    -2.13980374E-005
    -2.64876237E-002    -2.20484557E-005
    -2.64367634E-002    -2.27175087E-005
    -2.63859032E-002    -2.34057031E-005
    -2.63350429E-002    -2.41135482E-005
    -2.62841827E-002    -2.48415662E-005
    -2.62333224E-002    -2.55902963E-005
    -2.61824622E-002    -2.63602847E-005
    -2.61316019E-002    -2.71520881E-005
    -2.60807417E-002    -2.79662867E-005
    -2.60298814E-002    -2.88034789E-005
    -2.59790212E-002    -2.96642667E-005
    -2.59281609E-002    -3.05492612E-005
    -2.58773007E-002    -3.14590990E-005
    -2.58264404E-002    -3.23944362E-005
    -2.57755802E-002    -3.33559303E-005
    -2.57247199E-002    -3.43442489E-005
    -2.56738597E-002    -3.53600912E-005
    -2.56229994E-002    -3.64041840E-005
    -2.55721392E-002    -3.74772587E-005
    -2.55212789E-002    -3.85800510E-005
    -2.54704187E-002    -3.97133203E-005
    -2.54195584E-002    -4.08778527E-005
    -2.53686982E-002    -4.20744496E-005
    -2.53178379E-002    -4.33039287E-005
    -2.52669777E-002    -4.45671331E-005
    -2.52161174E-002    -4.58649256E-005
    -2.51652572E-002    -4.71981785E-005
    -2.51143969E-002    -4.85677789E-005
    -2.50635367E-002    -4.99746418E-005
    -2.50126764E-002    -5.14197131E-005
    -2.49618162E-002    -5.29039624E-005
    -2.49109559E-002    -5.44283725E-005
    -2.48600957E-002    -5.59939380E-005
    -2.48092354E-002    -5.76016757E-005
    -2.47583752E-002    -5.92526395E-005
    -2.47075149E-002    -6.09479147E-005
    -2.46566547E-002    -6.26886017E-005
    -2.46057944E-002    -6.44758190E-005
    -2.45549342E-002    -6.63107200E-005
    -2.45040739E-002    -6.81944863E-005
    -2.44532137E-002    -7.01283067E-005
    -2.44023534E-002    -7.21133892E-005
    -2.43514932E-002    -7.41509901E-005
    -2.43006329E-002    -7.62424084E-005
    -2.42497727E-002    -7.83889559E-005
    -2.41989124E-002    -8.05919599E-005
    -2.41480522E-002    -8.28527871E-005
    -2.40971919E-002    -8.51728404E-005
    -2.40463317E-002    -8.75535416E-005
    -2.39954714E-002    -8.99963426E-005
    -2.39446112E-002    -9.25027395E-005
    -2.38937509E-002    -9.50742598E-005
    -2.38428907E-002    -9.77124527E-005
    -2.37920304E-002    -1.00418904E-004
    -2.37411702E-002    -1.03195241E-004
    -2.36903099E-002    -1.06043113E-004
    -2.36394497E-002    -1.08964202E-004
    -2.35885894E-002    -1.11960245E-004
    -2.35377292E-002    -1.15033015E-004
    -2.34868689E-002    -1.18184302E-004
    -2.34360087E-002    -1.21415929E-004
    -2.33851484E-002    -1.24729781E-004
    -2.33342882E-002    -1.28127785E-004
    -2.32834279E-002    -1.31611890E-004
    -2.32325677E-002    -1.35184080E-004
    -2.31817074E-002    -1.38846395E-004
    -2.31308472E-002    -1.42600924E-004
    -2.30799869E-002    -1.46449779E-004
    -2.30291267E-002    -1.50395119E-004
    -2.29782664E-002    -1.54439158E-004
    -2.29274062E-002    -1.58584155E-004
    -2.28765459E-002    -1.62832404E-004
    -2.28256857E-002    -1.67186248E-004
    -2.27748254E-002    -1.71648078E-004
    -2.27239652E-002    -1.76220325E-004
    -2.26731049E-002    -1.80905478E-004
    -2.26222447E-002    -1.85706082E-004
    -2.25713844E-002    -1.90624729E-004
    -2.25205242E-002    -1.95664053E-004
    -2.24696639E-002    -2.00826743E-004
    -2.24188037E-002    -2.06115546E-004
    -2.23679434E-002    -2.11533261E-004
    -2.23170832E-002    -2.17082734E-004
    -2.22662229E-002    -2.22766875E-004
    -2.22153627E-002    -2.28588647E-004
    -2.21645024E-002    -2.34551066E-004
    -2.21136422E-002    -2.40657211E-004
    -2.20627819E-002    -2.46910229E-004
    -2.20119217E-002    -2.53313323E-004
    -2.19610614E-002    -2.59869746E-004
    -2.19102012E-002    -2.66582812E-004
    -2.18593409E-002    -2.73455905E-004
    -2.18084807E-002    -2.80492474E-004
    -2.17576204E-002    -2.87696027E-004
    -2.17067602E-002    -2.95070140E-004
    -2.16558999E-002    -3.02618465E-004
    -2.16050397E-002    -3.10344718E-004
    -2.15541794E-002    -3.18252676E-004
    -2.15033192E-002    -3.26346179E-004
    -2.14524589E-002    -3.34629147E-004
    -2.14015987E-002    -3.43105579E-004
    -2.13507384E-002    -3.51779541E-004
    -2.12998782E-002    -3.60655168E-004
    -2.12490179E-002    -3.69736676E-004
    -2.11981577E-002    -3.79028357E-004
    -2.11472974E-002    -3.88534575E-004
    -2.10964372E-002    -3.98259770E-004
    -2.10455769E-002    -4.08208466E-004
    -2.09947167E-002    -4.18385269E-004
    -2.09438564E-002    -4.28794866E-004
    -2.08929962E-002    -4.39442023E-004
    -2.08421359E-002    -4.50331593E-004
    -2.07912757E-002    -4.61468514E-004
    -2.07404154E-002    -4.72857810E-004
    -2.06895552E-002    -4.84504589E-004
    -2.06386949E-002    -4.96414043E-004
    -2.05878347E-002    -5.08591457E-004
    -2.05369744E-002    -5.21042215E-004
    -2.04861142E-002    -5.33771786E-004
    -2.04352539E-002    -5.46785726E-004
    -2.03843937E-002    -5.60089692E-004
    -2.03335334E-002    -5.73689441E-004
    -2.02826732E-002    -5.87590823E-004
    -2.02318129E-002    -6.01799779E-004
    -2.01809527E-002    -6.16322348E-004
    -2.01300924E-002    -6.31164674E-004
    -2.00792322E-002    -6.46333009E-004
    -2.00283719E-002    -6.61833708E-004
    -1.99775117E-002    -6.77673221E-004
    -1.99266514E-002    -6.93858095E-004
    -1.98757912E-002    -7.10394995E-004
    -1.98249309E-002    -7.27290700E-004
    -1.97740707E-002    -7.44552089E-004
    -1.97232104E-002    -7.62186147E-004
    -1.96723502E-002    -7.80199980E-004
    -1.96214899E-002    -7.98600807E-004
    -1.95706297E-002    -8.17395945E-004
    -1.95197694E-002    -8.36592831E-004
    -1.94689092E-002    -8.56199036E-004
    -1.94180489E-002    -8.76222249E-004
    -1.93671887E-002    -8.96670266E-004
    -1.93163284E-002    -9.17550995E-004
    -1.92654682E-002    -9.38872469E-004
    -1.92146079E-002    -9.60642847E-004
    -1.91637477E-002    -9.82870414E-004
    -1.91128874E-002    -1.00556359E-003
    -1.90620272E-002    -1.02873090E-003
    -1.90111669E-002    -1.05238104E-003
    -1.89603067E-002    -1.07652278E-003
    -1.89094464E-002    -1.10116505E-003
    -1.88585862E-002    -1.12631690E-003
    -1.88077259E-002    -1.15198751E-003
    -1.87568657E-002    -1.17818623E-003
    -1.87060054E-002    -1.20492252E-003
    -1.86551452E-002    -1.23220597E-003
    -1.86042849E-002    -1.26004632E-003
    -1.85534247E-002    -1.28845343E-003
    -1.85025644E-002    -1.31743734E-003
    -1.84517042E-002    -1.34700818E-003
    -1.84008439E-002    -1.37717625E-003
    -1.83499837E-002    -1.40795201E-003
    -1.82991234E-002    -1.43934606E-003
    -1.82482632E-002    -1.47136914E-003
    -1.81974029E-002    -1.50403212E-003
    -1.81465427E-002    -1.53734603E-003
    -1.80956824E-002    -1.57132207E-003
    -1.80448222E-002    -1.60597157E-003
    -1.79939619E-002    -1.64130603E-003
    -1.79431017E-002    -1.67733708E-003
    -1.78922414E-002    -1.71407654E-003
    -1.78413812E-002    -1.75153637E-003
    -1.77905209E-002    -1.78972867E-003
    -1.77396607E-002    -1.82866572E-003
    -1.76888004E-002    -1.86835994E-003
    -1.76379402E-002    -1.90882395E-003
    -1.75870799E-002    -1.95007048E-003
    -1.75362197E-002    -1.99211247E-003
    -1.74853594E-002    -2.03496300E-003
    -1.74344992E-002    -2.07863532E-003
    -1.73836389E-002    -2.12314283E-003
    -1.73327787E-002    -2.16849914E-003
    -1.72819184E-002    -2.21471798E-003
    -1.72310582E-002    -2.26181329E-003
    -1.71801979E-002    -2.30979916E-003
    -1.71293377E-002    -2.35868984E-003
    -1.70784774E-002    -2.40849978E-003
    -1.70276172E-002    -2.45924358E-003
    -1.69767569E-002    -2.51093603E-003
    -1.69258967E-002    -2.56359208E-003
    -1.68750364E-002    -2.61722687E-003
    -1.68241762E-002    -2.67185572E-003
    -1.67733159E-002    -2.72749410E-003
    -1.67224557E-002    -2.78415769E-003
    -1.66715954E-002    -2.84186231E-003
    -1.66207352E-002    -2.90062402E-003
    -1.65698749E-002    -2.96045901E-003
    -1.65190147E-002    -3.02138367E-003
    -1.64681544E-002    -3.08341457E-003
    -1.64172942E-002    -3.14656846E-003
    -1.63664339E-002    -3.21086227E-003
    -1.63155737E-002    -3.27631312E-003
    -1.62647134E-002    -3.34293831E-003
    -1.62138532E-002    -3.41075533E-003
    -1.61629929E-002    -3.47978186E-003
    -1.61121327E-002    -3.55003574E-003
    -1.60612724E-002    -3.62153503E-003
    -1.60104122E-002    -3.69429795E-003
    -1.59595519E-002    -3.76834291E-003
    -1.59086917E-002    -3.84368853E-003
    -1.58578314E-002    -3.92035358E-003
    -1.58069712E-002    -3.99835704E-003
    -1.57561109E-002    -4.07771810E-003
    -1.57052507E-002    -4.15845609E-003
    -1.56543904E-002    -4.24059055E-003
    -1.56035302E-002    -4.32414123E-003
    -1.55526699E-002    -4.40912803E-003
    -1.55018097E-002    -4.49557105E-003
    -1.54509494E-002    -4.58349059E-003
    -1.54000892E-002    -4.67290713E-003
    -1.53492289E-002    -4.76384134E-003
    -1.52983687E-002    -4.85631408E-003
    -1.52475084E-002    -4.95034638E-003
    -1.51966482E-002    -5.04595949E-003
    -1.51457879E-002    -5.14317480E-003
    -1.50949277E-002    -5.24201394E-003
    -1.50440674E-002    -5.34249868E-003
    -1.49932072E-002    -5.44465100E-003
    -1.49423469E-002    -5.54849305E-003
    -1.48914867E-002    -5.65404720E-003
    -1.48406264E-002    -5.76133594E-003
    -1.47897662E-002    -5.87038200E-003
    -1.47389059E-002    -5.98120826E-003
    -1.46880457E-002    -6.09383781E-003
    -1.46371854E-002    -6.20829390E-003
    -1.45863252E-002    -6.32459995E-003
    -1.45354649E-002    -6.44277959E-003
    -1.44846047E-002    -6.56285659E-003
    -1.44337444E-002    -6.68485494E-003
    -1.43828842E-002    -6.80879878E-003
    -1.43320239E-002    -6.93471240E-003
    -1.42811637E-002    -7.06262031E-003
    -1.42303034E-002    -7.19254717E-003
    -1.41794432E-002    -7.32451781E-003
    -1.41285829E-002    -7.45855724E-003
    -1.40777227E-002    -7.59469060E-003
    -1.40268624E-002    -7.73294325E-003
    -1.39760022E-002    -7.87334067E-003
    -1.39251419E-002    -8.01590855E-003
    -1.38742817E-002    -8.16067270E-003
    -1.38234214E-002    -8.30765910E-003
    -1.37725612E-002    -8.45689388E-003
    -1.37217009E-002    -8.60840333E-003
    -1.36708407E-002    -8.76221391E-003
    -1.36199804E-002    -8.91835221E-003
    -1.35691202E-002    -9.07684499E-003
    -1.35182599E-002    -9.23771912E-003
    -1.34673997E-002    -9.40100167E-003
    -1.34165394E-002    -9.56671980E-003
    -1.33656792E-002    -9.73490084E-003
    -1.33148189E-002    -9.90557223E-003
    -1.32639587E-002    -1.00787616E-002
    -1.32130984E-002    -1.02544966E-002
    -1.31622382E-002    -1.04328052E-002
    -1.31113779E-002    -1.06137152E-002
    -1.30605177E-002    -1.07972549E-002
    -1.30096574E-002    -1.09834524E-002
    -1.29587972E-002    -1.11723360E-002
    -1.29079369E-002    -1.13639343E-002
    -1.28570767E-002    -1.15582758E-002
    -1.28062164E-002    -1.17553891E-002
    -1.27553561E-002    -1.19553031E-002
    -1.27044959E-002    -1.21580466E-002
    -1.26536356E-002    -1.23636486E-002
    -1.26027754E-002    -1.25721382E-002
    -1.25519151E-002    -1.27835445E-002
    -1.25010549E-002    -1.29978968E-002
    -1.24501946E-002    -1.32152244E-002
    -1.23993344E-002    -1.34355567E-002
    -1.23484741E-002    -1.36589232E-002
    -1.22976139E-002    -1.38853534E-002
    -1.22467536E-002    -1.41148771E-002
    -1.21958934E-002    -1.43475238E-002
    -1.21450331E-002    -1.45833233E-002
    -1.20941729E-002    -1.48223055E-002
    -1.20433126E-002    -1.50645000E-002
    -1.19924524E-002    -1.53099370E-002
    -1.19415921E-002    -1.55586462E-002
    -1.18907319E-002    -1.58106577E-002
    -1.18398716E-002    -1.60660015E-002
    -1.17890114E-002    -1.63247075E-002
    -1.17381511E-002    -1.65868058E-002
    -1.16872909E-002    -1.68523266E-002
    -1.16364306E-002    -1.71212998E-002
    -1.15855704E-002    -1.73937555E-002
    -1.15347101E-002    -1.76697239E-002
    -1.14838499E-002    -1.79492350E-002
    -1.14329896E-002    -1.82323189E-002
    -1.13821294E-002    -1.85190056E-002
    -1.13312691E-002    -1.88093251E-002
    -1.12804089E-002    -1.91033075E-002
    -1.12295486E-002    -1.94009828E-002
    -1.11786884E-002    -1.97023808E-002
    -1.11278281E-002    -2.00075314E-002
    -1.10769679E-002    -2.03164645E-002
    -1.10261076E-002    -2.06292100E-002
    -1.09752474E-002    -2.09457974E-002
    -1.09243871E-002    -2.12662565E-002
    -1.08735269E-002    -2.15906168E-002
    -1.08226666E-002    -2.19189079E-002
    -1.07718064E-002    -2.22511591E-002
    -1.07209461E-002    -2.25873997E-002
    -1.06700859E-002    -2.29276590E-002
    -1.06192256E-002    -2.32719661E-002
    -1.05683654E-002    -2.36203500E-002
    -1.05175051E-002    -2.39728396E-002
    -1.04666449E-002    -2.43294636E-002
    -1.04157846E-002    -2.46902505E-002
    -1.03649244E-002    -2.50552290E-002
    -1.03140641E-002    -2.54244273E-002
    -1.02632039E-002    -2.57978736E-002
    -1.02123436E-002    -2.61755960E-002
    -1.01614834E-002    -2.65576221E-002
    -1.01106231E-002    -2.69439798E-002
    -1.00597629E-002    -2.73346965E-002
    -1.00089026E-002    -2.77297994E-002
    -9.95804239E-003    -2.81293157E-002
    -9.90718214E-003    -2.85332723E-002
    -9.85632189E-003    -2.89416958E-002
    -9.80546164E-003    -2.93546126E-002
    -9.75460139E-003    -2.97720491E-002
    -9.70374114E-003    -3.01940310E-002
    -9.65288089E-003    -3.06205843E-002
    -9.60202064E-003    -3.10517344E-002
    -9.55116039E-003    -3.14875065E-002
    -9.50030014E-003    -3.19279255E-002
    -9.44943989E-003    -3.23730161E-002
    -9.39857964E-003    -3.28228028E-002
    -9.34771939E-003    -3.32773096E-002
    -9.29685914E-003    -3.37365603E-002
    -9.24599889E-003    -3.42005784E-002
    -9.19513864E-003    -3.46693870E-002
    -9.14427839E-003    -3.51430091E-002
    -9.09341814E-003    -3.56214672E-002
    -9.04255789E-003    -3.61047834E-002
    -8.99169764E-003    -3.65929795E-002
    -8.94083739E-003    -3.70860769E-002
    -8.88997714E-003    -3.75840968E-002
    -8.83911689E-003    -3.80870600E-002
    -8.78825664E-003    -3.85949866E-002
    -8.73739639E-003    -3.91078967E-002
    -8.68653614E-003    -3.96258098E-002
    -8.63567589E-003    -4.01487450E-002
    -8.58481564E-003    -4.06767211E-002
    -8.53395539E-003    -4.12097563E-002
    -8.48309514E-003    -4.17478685E-002
    -8.43223489E-003    -4.22910750E-002
    -8.38137463E-003    -4.28393929E-002
    -8.33051438E-003    -4.33928386E-002
    -8.27965413E-003    -4.39514281E-002
    -8.22879388E-003    -4.45151769E-002
    -8.17793363E-003    -4.50841002E-002
    -8.12707338E-003    -4.56582125E-002
    -8.07621313E-003    -4.62375278E-002
    -8.02535288E-003    -4.68220596E-002
    -7.97449263E-003    -4.74118210E-002
    -7.92363238E-003    -4.80068245E-002
    -7.87277213E-003    -4.86070820E-002
    -7.82191188E-003    -4.92126048E-002
    -7.77105163E-003    -4.98234039E-002
    -7.72019138E-003    -5.04394895E-002
    -7.66933113E-003    -5.10608714E-002
    -7.61847088E-003    -5.16875586E-002
    -7.56761063E-003    -5.23195597E-002
    -7.51675038E-003    -5.29568825E-002
    -7.46589013E-003    -5.35995345E-002
    -7.41502988E-003    -5.42475222E-002
    -7.36416963E-003    -5.49008520E-002
    -7.31330938E-003    -5.55595290E-002
    -7.26244913E-003    -5.62235582E-002
    -7.21158888E-003    -5.68929437E-002
    -7.16072863E-003    -5.75676890E-002
    -7.10986838E-003    -5.82477970E-002
    -7.05900813E-003    -5.89332697E-002
    -7.00814788E-003    -5.96241087E-002
    -6.95728763E-003    -6.03203148E-002
    -6.90642738E-003    -6.10218881E-002
    -6.85556713E-003    -6.17288279E-002
    -6.80470688E-003    -6.24411328E-002
    -6.75384663E-003    -6.31588009E-002
    -6.70298638E-003    -6.38818293E-002
    -6.65212613E-003    -6.46102146E-002
    -6.60126588E-003    -6.53439524E-002
    -6.55040563E-003    -6.60830378E-002
    -6.49954538E-003    -6.68274649E-002
    -6.44868513E-003    -6.75772273E-002
    -6.39782488E-003    -6.83323176E-002
    -6.34696463E-003    -6.90927276E-002
    -6.29610438E-003    -6.98584485E-002
    -6.24524413E-003    -7.06294706E-002
    -6.19438388E-003    -7.14057835E-002
    -6.14352363E-003    -7.21873758E-002
    -6.09266338E-003    -7.29742353E-002
    -6.04180313E-003    -7.37663491E-002
    -5.99094288E-003    -7.45637036E-002
    -5.94008263E-003    -7.53662840E-002
    -5.88922238E-003    -7.61740748E-002
    -5.83836213E-003    -7.69870598E-002
    -5.78750188E-003    -7.78052219E-002
    -5.73664163E-003    -7.86285431E-002
    -5.68578138E-003    -7.94570044E-002
    -5.63492113E-003    -8.02905860E-002
    -5.58406088E-003    -8.11292673E-002
    -5.53320063E-003    -8.19730268E-002
    -5.48234038E-003    -8.28218421E-002
    -5.43148012E-003    -8.36756900E-002
    -5.38061987E-003    -8.45345460E-002
    -5.32975962E-003    -8.53983852E-002
    -5.27889937E-003    -8.62671815E-002
    -5.22803912E-003    -8.71409081E-002
    -5.17717887E-003    -8.80195369E-002
    -5.12631862E-003    -8.89030393E-002
    -5.07545837E-003    -8.97913854E-002
    -5.02459812E-003    -9.06845448E-002
    -4.97373787E-003    -9.15824858E-002
    -4.92287762E-003    -9.24851758E-002
    -4.87201737E-003    -9.33925814E-002
    -4.82115712E-003    -9.43046681E-002
    -4.77029687E-003    -9.52214007E-002
    -4.71943662E-003    -9.61427428E-002
    -4.66857637E-003    -9.70686571E-002
    -4.61771612E-003    -9.79991052E-002
    -4.56685587E-003    -9.89340480E-002
    -4.51599562E-003    -9.98734454E-002
    -4.46513537E-003    -1.00817256E-001
    -4.41427512E-003    -1.01765438E-001
    -4.36341487E-003    -1.02717948E-001
    -4.31255462E-003    -1.03674743E-001
    -4.26169437E-003    -1.04635776E-001
    -4.21083412E-003    -1.05601002E-001
    -4.15997387E-003    -1.06570375E-001
    -4.10911362E-003    -1.07543845E-001
    -4.05825337E-003    -1.08521364E-001
    -4.00739312E-003    -1.09502883E-001
    -3.95653287E-003    -1.10488350E-001
    -3.90567262E-003    -1.11477712E-001
    -3.85481237E-003    -1.12470918E-001
    -3.80395212E-003    -1.13467914E-001
    -3.75309187E-003    -1.14468644E-001
    -3.70223162E-003    -1.15473052E-001
    -3.65137137E-003    -1.16481083E-001
    -3.60051112E-003    -1.17492677E-001
    -3.54965087E-003    -1.18507776E-001
    -3.49879062E-003    -1.19526321E-001
    -3.44793037E-003    -1.20548250E-001
    -3.39707012E-003    -1.21573501E-001
    -3.34620987E-003    -1.22602013E-001
    -3.29534962E-003    -1.23633721E-001
    -3.24448937E-003    -1.24668560E-001
    -3.19362912E-003    -1.25706465E-001
    -3.14276887E-003    -1.26747369E-001
    -3.09190862E-003    -1.27791205E-001
    -3.04104837E-003    -1.28837903E-001
    -2.99018812E-003    -1.29887395E-001
    -2.93932787E-003    -1.30939610E-001
    -2.88846762E-003    -1.31994476E-001
    -2.83760737E-003    -1.33051921E-001
    -2.78674712E-003    -1.34111872E-001
    -2.73588687E-003    -1.35174253E-001
    -2.68502662E-003    -1.36238991E-001
    -2.63416637E-003    -1.37306009E-001
    -2.58330612E-003    -1.38375229E-001
    -2.53244586E-003    -1.39446574E-001
    -2.48158561E-003    -1.40519964E-001
    -2.43072536E-003    -1.41595320E-001
    -2.37986511E-003    -1.42672562E-001
    -2.32900486E-003    -1.43751606E-001
    -2.27814461E-003    -1.44832371E-001
    -2.22728436E-003    -1.45914773E-001
    -2.17642411E-003    -1.46998728E-001
    -2.12556386E-003    -1.48084150E-001
    -2.07470361E-003    -1.49170953E-001
    -2.02384336E-003    -1.50259051E-001
    -1.97298311E-003    -1.51348355E-001
    -1.92212286E-003    -1.52438776E-001
    -1.87126261E-003    -1.53530226E-001
    -1.82040236E-003    -1.54622613E-001
    -1.76954211E-003    -1.55715847E-001
    -1.71868186E-003    -1.56809834E-001
    -1.66782161E-003    -1.57904484E-001
    -1.61696136E-003    -1.58999701E-001
    -1.56610111E-003    -1.60095391E-001
    -1.51524086E-003    -1.61191459E-001
    -1.46438061E-003    -1.62287809E-001
    -1.41352036E-003    -1.63384343E-001
    -1.36266011E-003    -1.64480966E-001
    -1.31179986E-003    -1.65577577E-001
    -1.26093961E-003    -1.66674078E-001
    -1.21007936E-003    -1.67770369E-001
    -1.15921911E-003    -1.68866350E-001
    -1.10835886E-003    -1.69961920E-001
    -1.05749861E-003    -1.71056975E-001
    -1.00663836E-003    -1.72151415E-001
    -9.55778110E-004    -1.73245134E-001
    -9.04917859E-004    -1.74338031E-001
    -8.54057609E-004    -1.75429999E-001
    -8.03197359E-004    -1.76520933E-001
    -7.52337109E-004    -1.77610728E-001
    -7.01476859E-004    -1.78699277E-001
    -6.50616608E-004    -1.79786473E-001
    -5.99756358E-004    -1.80872207E-001
    -5.48896108E-004    -1.81956373E-001
    -4.98035858E-004    -1.83038860E-001
    -4.47175608E-004    -1.84119559E-001
    -3.96315358E-004    -1.85198361E-001
    -3.45455107E-004    -1.86275155E-001
    -2.94594857E-004    -1.87349829E-001
    -2.43734607E-004    -1.88422272E-001
    -1.92874357E-004    -1.89492371E-001
    -1.42014107E-004    -1.90560016E-001
    -9.11538566E-005    -1.91625091E-001
    -4.02936064E-005    -1.92687485E-001
     1.05666438E-005    -1.93747082E-001
     6.14268940E-005    -1.94803769E-001
     1.12287144E-004    -1.95857431E-001
     1.63147394E-004    -1.96907952E-001
     2.14007644E-004    -1.97955217E-001
     2.64867895E-004    -1.98999110E-001
     3.15728145E-004    -2.00039515E-001
     3.66588395E-004    -2.01076315E-001
     4.17448645E-004    -2.02109393E-001
     4.68308895E-004    -2.03138633E-001
     5.19169146E-004    -2.04163915E-001
     5.70029396E-004    -2.05185124E-001
     6.20889646E-004    -2.06202140E-001
     6.71749896E-004    -2.07214845E-001
     7.22610146E-004    -2.08223120E-001
     7.73470396E-004    -2.09226848E-001
     8.24330647E-004    -2.10225909E-001
     8.75190897E-004    -2.11220183E-001
     9.26051147E-004    -2.12209552E-001
     9.76911397E-004    -2.13193895E-001
     1.02777165E-003    -2.14173094E-001
     1.07863190E-003    -2.15147028E-001
     1.12949215E-003    -2.16115578E-001
     1.18035240E-003    -2.17078624E-001
     1.23121265E-003    -2.18036046E-001
     1.28207290E-003    -2.18987724E-001
     1.33293315E-003    -2.19933537E-001
     1.38379340E-003    -2.20873366E-001
     1.43465365E-003    -2.21807090E-001
     1.48551390E-003    -2.22734590E-001
     1.53637415E-003    -2.23655745E-001
     1.58723440E-003    -2.24570436E-001
     1.63809465E-003    -2.25478542E-001
     1.68895490E-003    -2.26379943E-001
     1.73981515E-003    -2.27274520E-001
     1.79067540E-003    -2.28162154E-001
     1.84153565E-003    -2.29042724E-001
     1.89239590E-003    -2.29916111E-001
     1.94325615E-003    -2.30782196E-001
     1.99411640E-003    -2.31640860E-001
     2.04497665E-003    -2.32491985E-001
     2.09583690E-003    -2.33335451E-001
     2.14669715E-003    -2.34171141E-001
     2.19755740E-003    -2.34998936E-001
     2.24841765E-003    -2.35818718E-001
     2.29927790E-003    -2.36630370E-001
     2.35013815E-003    -2.37433775E-001
     2.40099840E-003    -2.38228815E-001
     2.45185865E-003    -2.39015375E-001
     2.50271890E-003    -2.39793338E-001
     2.55357915E-003    -2.40562588E-001
     2.60443940E-003    -2.41323009E-001
     2.65529965E-003    -2.42074488E-001
     2.70615990E-003    -2.42816908E-001
     2.75702015E-003    -2.43550157E-001
     2.80788040E-003    -2.44274120E-001
     2.85874065E-003    -2.44988684E-001
     2.90960090E-003    -2.45693737E-001
     2.96046115E-003    -2.46389165E-001
     3.01132140E-003    -2.47074859E-001
     3.06218165E-003    -2.47750706E-001
     3.11304190E-003    -2.48416596E-001
     3.16390215E-003    -2.49072419E-001
     3.21476240E-003    -2.49718065E-001
     3.26562265E-003    -2.50353426E-001
     3.31648291E-003    -2.50978394E-001
     3.36734316E-003    -2.51592861E-001
     3.41820341E-003    -2.52196721E-001
     3.46906366E-003    -2.52789867E-001
     3.51992391E-003    -2.53372194E-001
     3.57078416E-003    -2.53943598E-001
     3.62164441E-003    -2.54503974E-001
     3.67250466E-003    -2.55053218E-001
     3.72336491E-003    -2.55591229E-001
     3.77422516E-003    -2.56117905E-001
     3.82508541E-003    -2.56633145E-001
     3.87594566E-003    -2.57136850E-001
     3.92680591E-003    -2.57628919E-001
     3.97766616E-003    -2.58109254E-001
     4.02852641E-003    -2.58577759E-001
     4.07938666E-003    -2.59034335E-001
     4.13024691E-003    -2.59478888E-001
     4.18110716E-003    -2.59911321E-001
     4.23196741E-003    -2.60331543E-001
     4.28282766E-003    -2.60739460E-001
     4.33368791E-003    -2.61134978E-001
     4.38454816E-003    -2.61518009E-001
     4.43540841E-003    -2.61888461E-001
     4.48626866E-003    -2.62246245E-001
     4.53712891E-003    -2.62591273E-001
     4.58798916E-003    -2.62923458E-001
     4.63884941E-003    -2.63242714E-001
     4.68970966E-003    -2.63548956E-001
     4.74056991E-003    -2.63842100E-001
     4.79143016E-003    -2.64122064E-001
     4.84229041E-003    -2.64388765E-001
     4.89315066E-003    -2.64642123E-001
     4.94401091E-003    -2.64882059E-001
     4.99487116E-003    -2.65108493E-001
     5.04573141E-003    -2.65321350E-001
     5.09659166E-003    -2.65520552E-001
     5.14745191E-003    -2.65706025E-001
     5.19831216E-003    -2.65877695E-001
     5.24917241E-003    -2.66035490E-001
     5.30003266E-003    -2.66179339E-001
     5.35089291E-003    -2.66309171E-001
     5.40175316E-003    -2.66424917E-001
     5.45261341E-003    -2.66526511E-001
     5.50347366E-003    -2.66613885E-001
     5.55433391E-003    -2.66686974E-001
     5.60519416E-003    -2.66745716E-001
     5.65605441E-003    -2.66790047E-001
     5.70691466E-003    -2.66819906E-001
     5.75777491E-003    -2.66835233E-001
     5.80863516E-003    -2.66835971E-001
     5.85949541E-003    -2.66822061E-001
     5.91035566E-003    -2.66793448E-001
     5.96121591E-003    -2.66750077E-001
     6.01207616E-003    -2.66691896E-001
     6.06293641E-003    -2.66618853E-001
     6.11379666E-003    -2.66530896E-001
     6.16465691E-003    -2.66427978E-001
     6.21551717E-003    -2.66310051E-001
     6.26637742E-003    -2.66177069E-001
     6.31723767E-003    -2.66028987E-001
     6.36809792E-003    -2.65865761E-001
     6.41895817E-003    -2.65687351E-001
     6.46981842E-003    -2.65493716E-001
     6.52067867E-003    -2.65284816E-001
     6.57153892E-003    -2.65060615E-001
     6.62239917E-003    -2.64821076E-001
     6.67325942E-003    -2.64566165E-001
     6.72411967E-003    -2.64295849E-001
     6.77497992E-003    -2.64010097E-001
     6.82584017E-003    -2.63708879E-001
     6.87670042E-003    -2.63392166E-001
     6.92756067E-003    -2.63059931E-001
     6.97842092E-003    -2.62712149E-001
     7.02928117E-003    -2.62348797E-001
     7.08014142E-003    -2.61969851E-001
     7.13100167E-003    -2.61575291E-001
     7.18186192E-003    -2.61165098E-001
     7.23272217E-003    -2.60739254E-001
     7.28358242E-003    -2.60297744E-001
     7.33444267E-003    -2.59840552E-001
     7.38530292E-003    -2.59367665E-001
     7.43616317E-003    -2.58879073E-001
     7.48702342E-003    -2.58374765E-001
     7.53788367E-003    -2.57854734E-001
     7.58874392E-003    -2.57318972E-001
     7.63960417E-003    -2.56767476E-001
     7.69046442E-003    -2.56200240E-001
     7.74132467E-003    -2.55617264E-001
     7.79218492E-003    -2.55018547E-001
     7.84304517E-003    -2.54404091E-001
     7.89390542E-003    -2.53773899E-001
     7.94476567E-003    -2.53127976E-001
     7.99562592E-003    -2.52466327E-001
     8.04648617E-003    -2.51788960E-001
     8.09734642E-003    -2.51095886E-001
     8.14820667E-003    -2.50387115E-001
     8.19906692E-003    -2.49662661E-001
     8.24992717E-003    -2.48922536E-001
     8.30078742E-003    -2.48166759E-001
     8.35164767E-003    -2.47395346E-001
     8.40250792E-003    -2.46608316E-001
     8.45336817E-003    -2.45805691E-001
     8.50422842E-003    -2.44987493E-001
     8.55508867E-003    -2.44153746E-001
     8.60594892E-003    -2.43304476E-001
     8.65680917E-003    -2.42439712E-001
     8.70766942E-003    -2.41559482E-001
     8.75852967E-003    -2.40663816E-001
     8.80938992E-003    -2.39752747E-001
     8.86025017E-003    -2.38826309E-001
     8.91111042E-003    -2.37884539E-001
     8.96197067E-003    -2.36927472E-001
     9.01283092E-003    -2.35955149E-001
     9.06369117E-003    -2.34967610E-001
     9.11455142E-003    -2.33964898E-001
     9.16541168E-003    -2.32947055E-001
     9.21627193E-003    -2.31914128E-001
     9.26713218E-003    -2.30866163E-001
     9.31799243E-003    -2.29803210E-001
     9.36885268E-003    -2.28725319E-001
     9.41971293E-003    -2.27632542E-001
     9.47057318E-003    -2.26524932E-001
     9.52143343E-003    -2.25402545E-001
     9.57229368E-003    -2.24265439E-001
     9.62315393E-003    -2.23113670E-001
     9.67401418E-003    -2.21947299E-001
     9.72487443E-003    -2.20766388E-001
     9.77573468E-003    -2.19571001E-001
     9.82659493E-003    -2.18361201E-001
     9.87745518E-003    -2.17137056E-001
     9.92831543E-003    -2.15898634E-001
     9.97917568E-003    -2.14646004E-001
     1.00300359E-002    -2.13379238E-001
     1.00808962E-002    -2.12098408E-001
     1.01317564E-002    -2.10803588E-001
     1.01826167E-002    -2.09494855E-001
     1.02334769E-002    -2.08172286E-001
     1.02843372E-002    -2.06835960E-001
     1.03351974E-002    -2.05485958E-001
     1.03860577E-002    -2.04122362E-001
     1.04369179E-002    -2.02745254E-001
     1.04877782E-002    -2.01354722E-001
     1.05386384E-002    -1.99950850E-001
     1.05894987E-002    -1.98533729E-001
     1.06403589E-002    -1.97103446E-001
     1.06912192E-002    -1.95660094E-001
     1.07420794E-002    -1.94203765E-001
     1.07929397E-002    -1.92734553E-001
     1.08437999E-002    -1.91252555E-001
     1.08946602E-002    -1.89757866E-001
     1.09455204E-002    -1.88250586E-001
     1.09963807E-002    -1.86730815E-001
     1.10472409E-002    -1.85198655E-001
     1.10981012E-002    -1.83654208E-001
     1.11489614E-002    -1.82097579E-001
     1.11998217E-002    -1.80528873E-001
     1.12506819E-002    -1.78948198E-001
     1.13015422E-002    -1.77355662E-001
     1.13524024E-002    -1.75751376E-001
     1.14032627E-002    -1.74135450E-001
     1.14541229E-002    -1.72507999E-001
     1.15049832E-002    -1.70869135E-001
     1.15558434E-002    -1.69218974E-001
     1.16067037E-002    -1.67557634E-001
     1.16575639E-002    -1.65885232E-001
     1.17084242E-002    -1.64201888E-001
     1.17592844E-002    -1.62507723E-001
     1.18101447E-002    -1.60802858E-001
     1.18610049E-002    -1.59087418E-001
     1.19118652E-002    -1.57361527E-001
     1.19627254E-002    -1.55625312E-001
     1.20135857E-002    -1.53878899E-001
     1.20644459E-002    -1.52122417E-001
     1.21153062E-002    -1.50355995E-001
     1.21661664E-002    -1.48579765E-001
     1.22170267E-002    -1.46793859E-001
     1.22678869E-002    -1.44998411E-001
     1.23187472E-002    -1.43193556E-001
     1.23696074E-002    -1.41379427E-001
     1.24204677E-002    -1.39556164E-001
     1.24713279E-002    -1.37723904E-001
     1.25221882E-002    -1.35882786E-001
     1.25730484E-002    -1.34032950E-001
     1.26239087E-002    -1.32174539E-001
     1.26747689E-002    -1.30307695E-001
     1.27256292E-002    -1.28432562E-001
     1.27764894E-002    -1.26549285E-001
     1.28273497E-002    -1.24658009E-001
     1.28782099E-002    -1.22758881E-001
     1.29290702E-002    -1.20852049E-001
     1.29799304E-002    -1.18937663E-001
     1.30307907E-002    -1.17015872E-001
     1.30816509E-002    -1.15086828E-001
     1.31325112E-002    -1.13150682E-001
     1.31833714E-002    -1.11207588E-001
     1.32342317E-002    -1.09257700E-001
     1.32850919E-002    -1.07301171E-001
     1.33359522E-002    -1.05338159E-001
     1.33868124E-002    -1.03368820E-001
     1.34376727E-002    -1.01393311E-001
     1.34885329E-002    -9.94117917E-002
     1.35393932E-002    -9.74244208E-002
     1.35902534E-002    -9.54313585E-002
     1.36411137E-002    -9.34327659E-002
     1.36919739E-002    -9.14288050E-002
     1.37428342E-002    -8.94196384E-002
     1.37936944E-002    -8.74054299E-002
     1.38445547E-002    -8.53863436E-002
     1.38954149E-002    -8.33625446E-002
     1.39462752E-002    -8.13341988E-002
     1.39971354E-002    -7.93014725E-002
     1.40479957E-002    -7.72645328E-002
     1.40988559E-002    -7.52235475E-002
     1.41497162E-002    -7.31786856E-002
     1.42005764E-002    -7.11301164E-002
     1.42514367E-002    -6.90780098E-002
     1.43022969E-002    -6.70225361E-002
     1.43531572E-002    -6.49638666E-002
     1.44040174E-002    -6.29021728E-002
     1.44548777E-002    -6.08376273E-002
     1.45057379E-002    -5.87704026E-002
     1.45565982E-002    -5.67006722E-002
     1.46074584E-002    -5.46286102E-002
     1.46583187E-002    -5.25543912E-002
     1.47091789E-002    -5.04781903E-002
     1.47600392E-002    -4.84001828E-002
     1.48108994E-002    -4.63205441E-002
     1.48617597E-002    -4.42394506E-002
     1.49126199E-002    -4.21570792E-002
     1.49634802E-002    -4.00736073E-002
     1.50143404E-002    -3.79892122E-002
     1.50652007E-002    -3.59040716E-002
     1.51160609E-002    -3.38183639E-002
     1.51669212E-002    -3.17322676E-002
     1.52177814E-002    -2.96459617E-002
     1.52686417E-002    -2.75596253E-002
     1.53195019E-002    -2.54734377E-002
     1.53703622E-002    -2.33875787E-002
     1.54212224E-002    -2.13022282E-002
     1.54720827E-002    -1.92175664E-002
     1.55229429E-002    -1.71337735E-002
     1.55738032E-002    -1.50510301E-002
     1.56246634E-002    -1.29695167E-002
     1.56755237E-002    -1.08894144E-002
     1.57263839E-002    -8.81090390E-003
     1.57772442E-002    -6.73416637E-003
     1.58281044E-002    -4.65938291E-003
     1.58789647E-002    -2.58673474E-003
     1.59298249E-002    -5.16403070E-004
     1.59806852E-002     1.55143085E-003
     1.60315454E-002     3.61658581E-003
     1.60824057E-002     5.67888056E-003
     1.61332659E-002     7.73813377E-003
     1.61841262E-002     9.79416421E-003
     1.62349864E-002     1.18467909E-002
     1.62858467E-002     1.38958330E-002
     1.63367069E-002     1.59411095E-002
     1.63875672E-002     1.79824394E-002
     1.64384275E-002     2.00196421E-002
     1.64892877E-002     2.20525375E-002
     1.65401480E-002     2.40809453E-002
     1.65910082E-002     2.61046854E-002
     1.66418685E-002     2.81235777E-002
     1.66927287E-002     3.01374428E-002
     1.67435890E-002     3.21461015E-002
     1.67944492E-002     3.41493749E-002
     1.68453095E-002     3.61470842E-002
     1.68961697E-002     3.81390509E-002
     1.69470300E-002     4.01250969E-002
     1.69978902E-002     4.21050448E-002
     1.70487505E-002     4.40787174E-002
     1.70996107E-002     4.60459376E-002
     1.71504710E-002     4.80065290E-002
     1.72013312E-002     4.99603158E-002
     1.72521915E-002     5.19071225E-002
     1.73030517E-002     5.38467740E-002
     1.73539120E-002     5.57790955E-002
     1.74047722E-002     5.77039130E-002
     1.74556325E-002     5.96210534E-002
     1.75064927E-002     6.15303440E-002
     1.75573530E-002     6.34316125E-002
     1.76082132E-002     6.53246869E-002
     1.76590735E-002     6.72093960E-002
     1.77099337E-002     6.90855697E-002
     1.77607940E-002     7.09530382E-002
     1.78116542E-002     7.28116326E-002
     1.78625145E-002     7.46611843E-002
     1.79133747E-002     7.65015256E-002
     1.79642350E-002     7.83324899E-002
     1.80150952E-002     8.01539112E-002
     1.80659555E-002     8.19656239E-002
     1.81168157E-002     8.37674634E-002
     1.81676760E-002     8.55592660E-002
     1.82185362E-002     8.73408691E-002
     1.82693965E-002     8.91121106E-002
     1.83202567E-002     9.08728292E-002
     1.83711170E-002     9.26228647E-002
     1.84219772E-002     9.43620579E-002
     1.84728375E-002     9.60902506E-002
     1.85236977E-002     9.78072852E-002
     1.85745580E-002     9.95130051E-002
     1.86254182E-002     1.01207255E-001
     1.86762785E-002     1.02889880E-001
     1.87271387E-002     1.04560728E-001
     1.87779990E-002     1.06219645E-001
     1.88288592E-002     1.07866481E-001
     1.88797195E-002     1.09501084E-001
     1.89305797E-002     1.11123307E-001
     1.89814400E-002     1.12733001E-001
     1.90323002E-002     1.14330019E-001
     1.90831605E-002     1.15914216E-001
     1.91340207E-002     1.17485446E-001
     1.91848810E-002     1.19043568E-001
     1.92357412E-002     1.20588438E-001
     1.92866015E-002     1.22119915E-001
     1.93374617E-002     1.23637860E-001
     1.93883220E-002     1.25142135E-001
     1.94391822E-002     1.26632602E-001
     1.94900425E-002     1.28109126E-001
     1.95409027E-002     1.29571572E-001
     1.95917630E-002     1.31019806E-001
     1.96426232E-002     1.32453698E-001
     1.96934835E-002     1.33873116E-001
     1.97443437E-002     1.35277931E-001
     1.97952040E-002     1.36668016E-001
     1.98460642E-002     1.38043244E-001
     1.98969245E-002     1.39403490E-001
     1.99477847E-002     1.40748631E-001
     1.99986450E-002     1.42078545E-001
     2.00495052E-002     1.43393112E-001
     2.01003655E-002     1.44692211E-001
     2.01512257E-002     1.45975726E-001
     2.02020860E-002     1.47243541E-001
     2.02529462E-002     1.48495541E-001
     2.03038065E-002     1.49731612E-001
     2.03546667E-002     1.50951644E-001
     2.04055270E-002     1.52155527E-001
     2.04563872E-002     1.53343153E-001
     2.05072475E-002     1.54514414E-001
     2.05581077E-002     1.55669206E-001
     2.06089680E-002     1.56807425E-001
     2.06598282E-002     1.57928970E-001
     2.07106885E-002     1.59033739E-001
     2.07615487E-002     1.60121635E-001
     2.08124090E-002     1.61192561E-001
     2.08632692E-002     1.62246422E-001
     2.09141295E-002     1.63283124E-001
     2.09649897E-002     1.64302576E-001
     2.10158500E-002     1.65304686E-001
     2.10667102E-002     1.66289368E-001
     2.11175705E-002     1.67256534E-001
     2.11684307E-002     1.68206100E-001
     2.12192910E-002     1.69137983E-001
     2.12701512E-002     1.70052101E-001
     2.13210115E-002     1.70948375E-001
     2.13718717E-002     1.71826728E-001
     2.14227320E-002     1.72687082E-001
     2.14735922E-002     1.73529365E-001
     2.15244525E-002     1.74353504E-001
     2.15753127E-002     1.75159428E-001
     2.16261730E-002     1.75947070E-001
     2.16770332E-002     1.76716361E-001
     2.17278935E-002     1.77467238E-001
     2.17787537E-002     1.78199638E-001
     2.18296140E-002     1.78913498E-001
     2.18804742E-002     1.79608761E-001
     2.19313345E-002     1.80285369E-001
     2.19821947E-002     1.80943265E-001
     2.20330550E-002     1.81582397E-001
     2.20839152E-002     1.82202714E-001
     2.21347755E-002     1.82804164E-001
     2.21856357E-002     1.83386701E-001
     2.22364960E-002     1.83950278E-001
     2.22873562E-002     1.84494853E-001
     2.23382165E-002     1.85020381E-001
     2.23890767E-002     1.85526825E-001
     2.24399370E-002     1.86014144E-001
     2.24907972E-002     1.86482304E-001
     2.25416575E-002     1.86931270E-001
     2.25925177E-002     1.87361010E-001
     2.26433780E-002     1.87771493E-001
     2.26942382E-002     1.88162691E-001
     2.27450985E-002     1.88534579E-001
     2.27959587E-002     1.88887130E-001
     2.28468190E-002     1.89220325E-001
     2.28976792E-002     1.89534141E-001
     2.29485395E-002     1.89828560E-001
     2.29993997E-002     1.90103566E-001
     2.30502600E-002     1.90359145E-001
     2.31011202E-002     1.90595284E-001
     2.31519805E-002     1.90811972E-001
     2.32028407E-002     1.91009202E-001
     2.32537010E-002     1.91186966E-001
     2.33045612E-002     1.91345261E-001
     2.33554215E-002     1.91484083E-001
     2.34062817E-002     1.91603432E-001
     2.34571420E-002     1.91703311E-001
     2.35080022E-002     1.91783721E-001
     2.35588625E-002     1.91844670E-001
     2.36097227E-002     1.91886163E-001
     2.36605830E-002     1.91908212E-001
     2.37114432E-002     1.91910826E-001
     2.37623035E-002     1.91894021E-001
     2.38131637E-002     1.91857810E-001
     2.38640240E-002     1.91802212E-001
     2.39148842E-002     1.91727246E-001
     2.39657445E-002     1.91632933E-001
     2.40166047E-002     1.91519297E-001
     2.40674650E-002     1.91386362E-001
     2.41183252E-002     1.91234157E-001
     2.41691855E-002     1.91062710E-001
     2.42200457E-002     1.90872053E-001
     2.42709060E-002     1.90662219E-001
     2.43217662E-002     1.90433243E-001
     2.43726265E-002     1.90185162E-001
     2.44234867E-002     1.89918015E-001
     2.44743470E-002     1.89631842E-001
     2.45252072E-002     1.89326688E-001
     2.45760675E-002     1.89002596E-001
     2.46269277E-002     1.88659614E-001
     2.46777880E-002     1.88297789E-001
     2.47286482E-002     1.87917172E-001
     2.47795085E-002     1.87517817E-001
     2.48303687E-002     1.87099776E-001
     2.48812290E-002     1.86663107E-001
     2.49320892E-002     1.86207867E-001
     2.49829495E-002     1.85734116E-001
     2.50338097E-002     1.85241916E-001
     2.50846700E-002     1.84731331E-001
     2.51355302E-002     1.84202426E-001
     2.51863905E-002     1.83655268E-001
     2.52372507E-002     1.83089927E-001
     2.52881110E-002     1.82506473E-001
     2.53389712E-002     1.81904980E-001
     2.53898315E-002     1.81285521E-001
     2.54406917E-002     1.80648173E-001
     2.54915520E-002     1.79993015E-001
     2.55424122E-002     1.79320126E-001
     2.55932725E-002     1.78629587E-001
     2.56441327E-002     1.77921483E-001
     2.56949930E-002     1.77195898E-001
     2.57458532E-002     1.76452919E-001
     2.57967135E-002     1.75692634E-001
     2.58475737E-002     1.74915135E-001
     2.58984340E-002     1.74120513E-001
     2.59492942E-002     1.73308861E-001
     2.60001545E-002     1.72480274E-001
     2.60510147E-002     1.71634851E-001
     2.61018750E-002     1.70772689E-001
     2.61527352E-002     1.69893888E-001
     2.62035955E-002     1.68998550E-001
     2.62544557E-002     1.68086780E-001
     2.63053160E-002     1.67158681E-001
     2.63561762E-002     1.66214361E-001
     2.64070365E-002     1.65253927E-001
     2.64578967E-002     1.64277490E-001
     2.65087570E-002     1.63285160E-001
     2.65596172E-002     1.62277050E-001
     2.66104775E-002     1.61253275E-001
     2.66613377E-002     1.60213951E-001
     2.67121980E-002     1.59159194E-001
     2.67630582E-002     1.58089124E-001
     2.68139185E-002     1.57003860E-001
     2.68647787E-002     1.55903525E-001
     2.69156390E-002     1.54788240E-001
     2.69664992E-002     1.53658131E-001
     2.70173595E-002     1.52513324E-001
     2.70682197E-002     1.51353946E-001
     2.71190800E-002     1.50180125E-001
     2.71699402E-002     1.48991990E-001
     2.72208005E-002     1.47789675E-001
     2.72716607E-002     1.46573310E-001
     2.73225210E-002     1.45343030E-001
     2.73733812E-002     1.44098970E-001
     2.74242415E-002     1.42841266E-001
     2.74751017E-002     1.41570056E-001
     2.75259620E-002     1.40285479E-001
     2.75768222E-002     1.38987675E-001
     2.76276825E-002     1.37676786E-001
     2.76785427E-002     1.36352952E-001
     2.77294030E-002     1.35016319E-001
     2.77802632E-002     1.33667031E-001
     2.78311235E-002     1.32305234E-001
     2.78819837E-002     1.30931075E-001
     2.79328440E-002     1.29544703E-001
     2.79837042E-002     1.28146265E-001
     2.80345645E-002     1.26735913E-001
     2.80854247E-002     1.25313798E-001
     2.81362850E-002     1.23880072E-001
     2.81871452E-002     1.22434888E-001
     2.82380055E-002     1.20978402E-001
     2.82888657E-002     1.19510767E-001
     2.83397260E-002     1.18032141E-001
     2.83905862E-002     1.16542681E-001
     2.84414465E-002     1.15042544E-001
     2.84923067E-002     1.13531890E-001
     2.85431670E-002     1.12010879E-001
     2.85940272E-002     1.10479671E-001
     2.86448875E-002     1.08938429E-001
     2.86957477E-002     1.07387314E-001
     2.87466080E-002     1.05826489E-001
     2.87974682E-002     1.04256120E-001
     2.88483285E-002     1.02676370E-001
     2.88991887E-002     1.01087406E-001
     2.89500490E-002     9.94893927E-002
     2.90009092E-002     9.78824985E-002
     2.90517695E-002     9.62668907E-002
     2.91026297E-002     9.46427378E-002
     2.91534900E-002     9.30102089E-002
     2.92043502E-002     9.13694738E-002
     2.92552105E-002     8.97207029E-002
     2.93060707E-002     8.80640671E-002
     2.93569310E-002     8.63997381E-002
     2.94077912E-002     8.47278879E-002
     2.94586515E-002     8.30486894E-002
     2.95095117E-002     8.13623157E-002
     2.95603720E-002     7.96689406E-002
     2.96112322E-002     7.79687386E-002
     2.96620925E-002     7.62618843E-002
     2.97129527E-002     7.45485529E-002
     2.97638130E-002     7.28289201E-002
     2.98146732E-002     7.11031620E-002
     2.98655335E-002     6.93714551E-002
     2.99163937E-002     6.76339765E-002
