    -4.18982937E-002     0.00000000E+000
    -4.18474405E-002     4.87264608E-010
    -4.17965874E-002     5.15737152E-010
    -4.17457342E-002     5.39560077E-010
    -4.16948811E-002     5.53546242E-010
    -4.16440279E-002     5.61406822E-010
    -4.15931748E-002     5.71589509E-010
    -4.15423216E-002     5.89272971E-010
    -4.14914685E-002     6.12122596E-010
    -4.14406153E-002     6.33333067E-010
    -4.13897622E-002     6.48464521E-010
    -4.13389090E-002     6.59485565E-010
    -4.12880558E-002     6.72529939E-010
    -4.12372027E-002     6.91807152E-010
    -4.11863495E-002     7.15923601E-010
    -4.11354964E-002     7.39874398E-010
    -4.10846432E-002     7.60434799E-010
    -4.10337901E-002     7.79597195E-010
    -4.09829369E-002     8.02583970E-010
    -4.09320838E-002     8.32873957E-010
    -4.08812306E-002     8.69161080E-010
    -4.08303775E-002     9.07123743E-010
    -4.07795243E-002     9.44174753E-010
    -4.07286712E-002     9.82051541E-010
    -4.06778180E-002     1.02497588E-009
    -4.06269648E-002     1.07527718E-009
    -4.05761117E-002     1.13088305E-009
    -4.05252585E-002     1.18736753E-009
    -4.04744054E-002     1.24201997E-009
    -4.04235522E-002     1.29605771E-009
    -4.03726991E-002     1.35276540E-009
    -4.03218459E-002     1.41347778E-009
    -4.02709928E-002     1.47591773E-009
    -4.02201396E-002     1.53616832E-009
    -4.01692865E-002     1.59251930E-009
    -4.01184333E-002     1.64725529E-009
    -4.00675802E-002     1.70444315E-009
    -4.00167270E-002     1.76652413E-009
    -3.99658738E-002     1.83273452E-009
    -3.99150207E-002     1.90114263E-009
    -3.98641675E-002     1.97208475E-009
    -3.98133144E-002     2.04899764E-009
    -3.97624612E-002     2.13625544E-009
    -3.97116081E-002     2.23560453E-009
    -3.96607549E-002     2.34495126E-009
    -3.96099018E-002     2.46070231E-009
    -3.95590486E-002     2.58063086E-009
    -3.95081955E-002     2.70502594E-009
    -3.94573423E-002     2.83456397E-009
    -3.94064892E-002     2.96755153E-009
    -3.93556360E-002     3.09998189E-009
    -3.93047828E-002     3.22796416E-009
    -3.92539297E-002     3.35114088E-009
    -3.92030765E-002     3.47328963E-009
    -3.91522234E-002     3.59972458E-009
    -3.91013702E-002     3.73463584E-009
    -3.90505171E-002     3.87986217E-009
    -3.89996639E-002     4.03672164E-009
    -3.89488108E-002     4.20777625E-009
    -3.88979576E-002     4.39595249E-009
    -3.88471045E-002     4.60222470E-009
    -3.87962513E-002     4.82289925E-009
    -3.87453982E-002     5.05053362E-009
    -3.86945450E-002     5.27766032E-009
    -3.86436918E-002     5.50011196E-009
    -3.85928387E-002     5.71877913E-009
    -3.85419855E-002     5.93762442E-009
    -3.84911324E-002     6.16174079E-009
    -3.84402792E-002     6.39696633E-009
    -3.83894261E-002     6.64987791E-009
    -3.83385729E-002     6.92806774E-009
    -3.82877198E-002     7.23692803E-009
    -3.82368666E-002     7.57590528E-009
    -3.81860135E-002     7.93715979E-009
    -3.81351603E-002     8.30732526E-009
    -3.80843072E-002     8.67397714E-009
    -3.80334540E-002     9.03064611E-009
    -3.79826008E-002     9.37898831E-009
    -3.79317477E-002     9.72794832E-009
    -3.78808945E-002     1.00896233E-008
    -3.78300414E-002     1.04769628E-008
    -3.77791882E-002     1.09006223E-008
    -3.77283351E-002     1.13658204E-008
    -3.76774819E-002     1.18704946E-008
    -3.76266288E-002     1.24037568E-008
    -3.75757756E-002     1.29505678E-008
    -3.75249225E-002     1.34988436E-008
    -3.74740693E-002     1.40460767E-008
    -3.74232162E-002     1.46025123E-008
    -3.73723630E-002     1.51847873E-008
    -3.73215098E-002     1.58073503E-008
    -3.72706567E-002     1.64742239E-008
    -3.72198035E-002     1.71762532E-008
    -3.71689504E-002     1.78978268E-008
    -3.71180972E-002     1.86246207E-008
    -3.70672441E-002     1.93527661E-008
    -3.70163909E-002     2.00925228E-008
    -3.69655378E-002     2.08641574E-008
    -3.69146846E-002     2.16914849E-008
    -3.68638315E-002     2.25896362E-008
    -3.68129783E-002     2.35577645E-008
    -3.67621251E-002     2.45789552E-008
    -3.67112720E-002     2.56271405E-008
    -3.66604188E-002     2.66836364E-008
    -3.66095657E-002     2.77469918E-008
    -3.65587125E-002     2.88343111E-008
    -3.65078594E-002     2.99706179E-008
    -3.64570062E-002     3.11699413E-008
    -3.64061531E-002     3.24284714E-008
    -3.63552999E-002     3.37283784E-008
    -3.63044468E-002     3.50554424E-008
    -3.62535936E-002     3.64167145E-008
    -3.62027405E-002     3.78387704E-008
    -3.61518873E-002     3.93540336E-008
    -3.61010341E-002     4.09759867E-008
    -3.60501810E-002     4.26871503E-008
    -3.59993278E-002     4.44514837E-008
    -3.59484747E-002     4.62365660E-008
    -3.58976215E-002     4.80393263E-008
    -3.58467684E-002     4.98866406E-008
    -3.57959152E-002     5.18144054E-008
    -3.57450621E-002     5.38451769E-008
    -3.56942089E-002     5.59734938E-008
    -3.56433558E-002     5.81820314E-008
    -3.55925026E-002     6.04644383E-008
    -3.55416495E-002     6.28354724E-008
    -3.54907963E-002     6.53233181E-008
    -3.54399431E-002     6.79383255E-008
    -3.53890900E-002     7.06607668E-008
    -3.53382368E-002     7.34535404E-008
    -3.52873837E-002     7.62921039E-008
    -3.52365305E-002     7.91948033E-008
    -3.51856774E-002     8.22096993E-008
    -3.51348242E-002     8.53823317E-008
    -3.50839711E-002     8.87248019E-008
    -3.50331179E-002     9.22114288E-008
    -3.49822648E-002     9.58162498E-008
    -3.49314116E-002     9.95360970E-008
    -3.48805585E-002     1.03391359E-007
    -3.48297053E-002     1.07399602E-007
    -3.47788521E-002     1.11547883E-007
    -3.47279990E-002     1.15814453E-007
    -3.46771458E-002     1.20198914E-007
    -3.46262927E-002     1.24742228E-007
    -3.45754395E-002     1.29504830E-007
    -3.45245864E-002     1.34509755E-007
    -3.44737332E-002     1.39730688E-007
    -3.44228801E-002     1.45115932E-007
    -3.43720269E-002     1.50640885E-007
    -3.43211738E-002     1.56334128E-007
    -3.42703206E-002     1.62236928E-007
    -3.42194675E-002     1.68371847E-007
    -3.41686143E-002     1.74732564E-007
    -3.41177611E-002     1.81316858E-007
    -3.40669080E-002     1.88159472E-007
    -3.40160548E-002     1.95295789E-007
    -3.39652017E-002     2.02726689E-007
    -3.39143485E-002     2.10406092E-007
    -3.38634954E-002     2.18288111E-007
    -3.38126422E-002     2.26395830E-007
    -3.37617891E-002     2.34801274E-007
    -3.37109359E-002     2.43571500E-007
    -3.36600828E-002     2.52713817E-007
    -3.36092296E-002     2.62186717E-007
    -3.35583765E-002     2.71975193E-007
    -3.35075233E-002     2.82097850E-007
    -3.34566701E-002     2.92582344E-007
    -3.34058170E-002     3.03428950E-007
    -3.33549638E-002     3.14619838E-007
    -3.33041107E-002     3.26190080E-007
    -3.32532575E-002     3.38210916E-007
    -3.32024044E-002     3.50733740E-007
    -3.31515512E-002     3.63739213E-007
    -3.31006981E-002     3.77154234E-007
    -3.30498449E-002     3.90963910E-007
    -3.29989918E-002     4.05226407E-007
    -3.29481386E-002     4.20022141E-007
    -3.28972855E-002     4.35389494E-007
    -3.28464323E-002     4.51306616E-007
    -3.27955791E-002     4.67778086E-007
    -3.27447260E-002     4.84833141E-007
    -3.26938728E-002     5.02486403E-007
    -3.26430197E-002     5.20726340E-007
    -3.25921665E-002     5.39537233E-007
    -3.25413134E-002     5.58989133E-007
    -3.24904602E-002     5.79184045E-007
    -3.24396071E-002     6.00157226E-007
    -3.23887539E-002     6.21866327E-007
    -3.23379008E-002     6.44244298E-007
    -3.22870476E-002     6.67328260E-007
    -3.22361945E-002     6.91218845E-007
    -3.21853413E-002     7.15975646E-007
    -3.21344881E-002     7.41612113E-007
    -3.20836350E-002     7.68115642E-007
    -3.20327818E-002     7.95529092E-007
    -3.19819287E-002     8.23895396E-007
    -3.19310755E-002     8.53198167E-007
    -3.18802224E-002     8.83447418E-007
    -3.18293692E-002     9.14704632E-007
    -3.17785161E-002     9.47087972E-007
    -3.17276629E-002     9.80652110E-007
    -3.16768098E-002     1.01533152E-006
    -3.16259566E-002     1.05110115E-006
    -3.15751035E-002     1.08802182E-006
    -3.15242503E-002     1.12622243E-006
    -3.14733971E-002     1.16578041E-006
    -3.14225440E-002     1.20666631E-006
    -3.13716908E-002     1.24889841E-006
    -3.13208377E-002     1.29252819E-006
    -3.12699845E-002     1.33761301E-006
    -3.12191314E-002     1.38419203E-006
    -3.11682782E-002     1.43228653E-006
    -3.11174251E-002     1.48201460E-006
    -3.10665719E-002     1.53345856E-006
    -3.10157188E-002     1.58661072E-006
    -3.09648656E-002     1.64145991E-006
    -3.09140125E-002     1.69804467E-006
    -3.08631593E-002     1.75653519E-006
    -3.08123061E-002     1.81703385E-006
    -3.07614530E-002     1.87952445E-006
    -3.07105998E-002     1.94401882E-006
    -3.06597467E-002     2.01057142E-006
    -3.06088935E-002     2.07932918E-006
    -3.05580404E-002     2.15037027E-006
    -3.05071872E-002     2.22370919E-006
    -3.04563341E-002     2.29943976E-006
    -3.04054809E-002     2.37762886E-006
    -3.03546278E-002     2.45835724E-006
    -3.03037746E-002     2.54167501E-006
    -3.02529215E-002     2.62765121E-006
    -3.02020683E-002     2.71645842E-006
    -3.01512151E-002     2.80815564E-006
    -3.01003620E-002     2.90277732E-006
    -3.00495088E-002     3.00039399E-006
    -2.99986557E-002     3.10111452E-006
    -2.99478025E-002     3.20512354E-006
    -2.98969494E-002     3.31246405E-006
    -2.98460962E-002     3.42319401E-006
    -2.97952431E-002     3.53744685E-006
    -2.97443899E-002     3.65532346E-006
    -2.96935368E-002     3.77697716E-006
    -2.96426836E-002     3.90246448E-006
    -2.95918305E-002     4.03189252E-006
    -2.95409773E-002     4.16543109E-006
    -2.94901241E-002     4.30315804E-006
    -2.94392710E-002     4.44523796E-006
    -2.93884178E-002     4.59177121E-006
    -2.93375647E-002     4.74288125E-006
    -2.92867115E-002     4.89875388E-006
    -2.92358584E-002     5.05947129E-006
    -2.91850052E-002     5.22522044E-006
    -2.91341521E-002     5.39611786E-006
    -2.90832989E-002     5.57229019E-006
    -2.90324458E-002     5.75396845E-006
    -2.89815926E-002     5.94125637E-006
    -2.89307395E-002     6.13435544E-006
    -2.88798863E-002     6.33340939E-006
    -2.88290331E-002     6.53855622E-006
    -2.87781800E-002     6.75005393E-006
    -2.87273268E-002     6.96801278E-006
    -2.86764737E-002     7.19266854E-006
    -2.86256205E-002     7.42421956E-006
    -2.85747674E-002     7.66280124E-006
    -2.85239142E-002     7.90868704E-006
    -2.84730611E-002     8.16201350E-006
    -2.84222079E-002     8.42305577E-006
    -2.83713548E-002     8.69205027E-006
    -2.83205016E-002     8.96912267E-006
    -2.82696485E-002     9.25459776E-006
    -2.82187953E-002     9.54866591E-006
    -2.81679421E-002     9.85161329E-006
    -2.81170890E-002     1.01636969E-005
    -2.80662358E-002     1.04850516E-005
    -2.80153827E-002     1.08160726E-005
    -2.79645295E-002     1.11569875E-005
    -2.79136764E-002     1.15080771E-005
    -2.78628232E-002     1.18696612E-005
    -2.78119701E-002     1.22419113E-005
    -2.77611169E-002     1.26252639E-005
    -2.77102638E-002     1.30199659E-005
    -2.76594106E-002     1.34263120E-005
    -2.76085574E-002     1.38447050E-005
    -2.75577043E-002     1.42753419E-005
    -2.75068511E-002     1.47187055E-005
    -2.74559980E-002     1.51750869E-005
    -2.74051448E-002     1.56447860E-005
    -2.73542917E-002     1.61282880E-005
    -2.73034385E-002     1.66258323E-005
    -2.72525854E-002     1.71379329E-005
    -2.72017322E-002     1.76649146E-005
    -2.71508791E-002     1.82071215E-005
    -2.71000259E-002     1.87651582E-005
    -2.70491728E-002     1.93392632E-005
    -2.69983196E-002     1.99299527E-005
    -2.69474664E-002     2.05376632E-005
    -2.68966133E-002     2.11628004E-005
    -2.68457601E-002     2.18060186E-005
    -2.67949070E-002     2.24675615E-005
    -2.67440538E-002     2.31480256E-005
    -2.66932007E-002     2.38479594E-005
    -2.66423475E-002     2.45677518E-005
    -2.65914944E-002     2.53081354E-005
    -2.65406412E-002     2.60694408E-005
    -2.64897881E-002     2.68523228E-005
    -2.64389349E-002     2.76574220E-005
    -2.63880818E-002     2.84851309E-005
    -2.63372286E-002     2.93362677E-005
    -2.62863754E-002     3.02112400E-005
    -2.62355223E-002     3.11107669E-005
    -2.61846691E-002     3.20356119E-005
    -2.61338160E-002     3.29861576E-005
    -2.60829628E-002     3.39633295E-005
    -2.60321097E-002     3.49676584E-005
    -2.59812565E-002     3.59998823E-005
    -2.59304034E-002     3.70608682E-005
    -2.58795502E-002     3.81510501E-005
    -2.58286971E-002     3.92714898E-005
    -2.57778439E-002     4.04227999E-005
    -2.57269908E-002     4.16057227E-005
    -2.56761376E-002     4.28213006E-005
    -2.56252844E-002     4.40700309E-005
    -2.55744313E-002     4.53530635E-005
    -2.55235781E-002     4.66711191E-005
    -2.54727250E-002     4.80249823E-005
    -2.54218718E-002     4.94158761E-005
    -2.53710187E-002     5.08443479E-005
    -2.53201655E-002     5.23116354E-005
    -2.52693124E-002     5.38186122E-005
    -2.52184592E-002     5.53661207E-005
    -2.51676061E-002     5.69555577E-005
    -2.51167529E-002     5.85875072E-005
    -2.50658998E-002     6.02633049E-005
    -2.50150466E-002     6.19840388E-005
    -2.49641934E-002     6.37505900E-005
    -2.49133403E-002     6.55645102E-005
    -2.48624871E-002     6.74264820E-005
    -2.48116340E-002     6.93379632E-005
    -2.47607808E-002     7.13002353E-005
    -2.47099277E-002     7.33141857E-005
    -2.46590745E-002     7.53815756E-005
    -2.46082214E-002     7.75032401E-005
    -2.45573682E-002     7.96807097E-005
    -2.45065151E-002     8.19154835E-005
    -2.44556619E-002     8.42084893E-005
    -2.44048088E-002     8.65617067E-005
    -2.43539556E-002     8.89761307E-005
    -2.43031024E-002     9.14533546E-005
    -2.42522493E-002     9.39951525E-005
    -2.42013961E-002     9.66024964E-005
    -2.41505430E-002     9.92775649E-005
    -2.40996898E-002     1.02021552E-004
    -2.40488367E-002     1.04836125E-004
    -2.39979835E-002     1.07723359E-004
    -2.39471304E-002     1.10684267E-004
    -2.38962772E-002     1.13721232E-004
    -2.38454241E-002     1.16835698E-004
    -2.37945709E-002     1.20029401E-004
    -2.37437178E-002     1.23304728E-004
    -2.36928646E-002     1.26662771E-004
    -2.36420114E-002     1.30106110E-004
    -2.35911583E-002     1.33636466E-004
    -2.35403051E-002     1.37255641E-004
    -2.34894520E-002     1.40966369E-004
    -2.34385988E-002     1.44769846E-004
    -2.33877457E-002     1.48668845E-004
    -2.33368925E-002     1.52665410E-004
    -2.32860394E-002     1.56761409E-004
    -2.32351862E-002     1.60959924E-004
    -2.31843331E-002     1.65262301E-004
    -2.31334799E-002     1.69671505E-004
    -2.30826268E-002     1.74189957E-004
    -2.30317736E-002     1.78819568E-004
    -2.29809204E-002     1.83563777E-004
    -2.29300673E-002     1.88424148E-004
    -2.28792141E-002     1.93403835E-004
    -2.28283610E-002     1.98505661E-004
    -2.27775078E-002     2.03731569E-004
    -2.27266547E-002     2.09085398E-004
    -2.26758015E-002     2.14568998E-004
    -2.26249484E-002     2.20185649E-004
    -2.25740952E-002     2.25938645E-004
    -2.25232421E-002     2.31829985E-004
    -2.24723889E-002     2.37863892E-004
    -2.24215358E-002     2.44042554E-004
    -2.23706826E-002     2.50369376E-004
    -2.23198294E-002     2.56848190E-004
    -2.22689763E-002     2.63481053E-004
    -2.22181231E-002     2.70272558E-004
    -2.21672700E-002     2.77225309E-004
    -2.21164168E-002     2.84342821E-004
    -2.20655637E-002     2.91629499E-004
    -2.20147105E-002     2.99087487E-004
    -2.19638574E-002     3.06721743E-004
    -2.19130042E-002     3.14535363E-004
    -2.18621511E-002     3.22531957E-004
    -2.18112979E-002     3.30716518E-004
    -2.17604448E-002     3.39091338E-004
    -2.17095916E-002     3.47661751E-004
    -2.16587384E-002     3.56431394E-004
    -2.16078853E-002     3.65403941E-004
    -2.15570321E-002     3.74585008E-004
    -2.15061790E-002     3.83977117E-004
    -2.14553258E-002     3.93585943E-004
    -2.14044727E-002     4.03415732E-004
    -2.13536195E-002     4.13470231E-004
    -2.13027664E-002     4.23755694E-004
    -2.12519132E-002     4.34274946E-004
    -2.12010601E-002     4.45033967E-004
    -2.11502069E-002     4.56037688E-004
    -2.10993538E-002     4.67289920E-004
    -2.10485006E-002     4.78797580E-004
    -2.09976474E-002     4.90563893E-004
    -2.09467943E-002     5.02595093E-004
    -2.08959411E-002     5.14896882E-004
    -2.08450880E-002     5.27473125E-004
    -2.07942348E-002     5.40331398E-004
    -2.07433817E-002     5.53475452E-004
    -2.06925285E-002     5.66911715E-004
    -2.06416754E-002     5.80646752E-004
    -2.05908222E-002     5.94684490E-004
    -2.05399691E-002     6.09033153E-004
    -2.04891159E-002     6.23697125E-004
    -2.04382628E-002     6.38682979E-004
    -2.03874096E-002     6.53998236E-004
    -2.03365564E-002     6.69646902E-004
    -2.02857033E-002     6.85637807E-004
    -2.02348501E-002     7.01976101E-004
    -2.01839970E-002     7.18668488E-004
    -2.01331438E-002     7.35723460E-004
    -2.00822907E-002     7.53145175E-004
    -2.00314375E-002     7.70943060E-004
    -1.99805844E-002     7.89123118E-004
    -1.99297312E-002     8.07692138E-004
    -1.98788781E-002     8.26659619E-004
    -1.98280249E-002     8.46029982E-004
    -1.97771718E-002     8.65813206E-004
    -1.97263186E-002     8.86016243E-004
    -1.96754654E-002     9.06645950E-004
    -1.96246123E-002     9.27712855E-004
    -1.95737591E-002     9.49221761E-004
    -1.95229060E-002     9.71183122E-004
    -1.94720528E-002     9.93604935E-004
    -1.94211997E-002     1.01649413E-003
    -1.93703465E-002     1.03986226E-003
    -1.93194934E-002     1.06371465E-003
    -1.92686402E-002     1.08806217E-003
    -1.92177871E-002     1.11291398E-003
    -1.91669339E-002     1.13827702E-003
    -1.91160808E-002     1.16416389E-003
    -1.90652276E-002     1.19058059E-003
    -1.90143744E-002     1.21753832E-003
    -1.89635213E-002     1.24504752E-003
    -1.89126681E-002     1.27311514E-003
    -1.88618150E-002     1.30175475E-003
    -1.88109618E-002     1.33097327E-003
    -1.87601087E-002     1.36078210E-003
    -1.87092555E-002     1.39119306E-003
    -1.86584024E-002     1.42221314E-003
    -1.86075492E-002     1.45385685E-003
    -1.85566961E-002     1.48613217E-003
    -1.85058429E-002     1.51905063E-003
    -1.84549898E-002     1.55262551E-003
    -1.84041366E-002     1.58686389E-003
    -1.83532834E-002     1.62178116E-003
    -1.83024303E-002     1.65738653E-003
    -1.82515771E-002     1.69369155E-003
    -1.82007240E-002     1.73071104E-003
    -1.81498708E-002     1.76845229E-003
    -1.80990177E-002     1.80693150E-003
    -1.80481645E-002     1.84615919E-003
    -1.79973114E-002     1.88614692E-003
    -1.79464582E-002     1.92691102E-003
    -1.78956051E-002     1.96845919E-003
    -1.78447519E-002     2.01080830E-003
    -1.77938987E-002     2.05397034E-003
    -1.77430456E-002     2.09795686E-003
    -1.76921924E-002     2.14278567E-003
    -1.76413393E-002     2.18846502E-003
    -1.75904861E-002     2.23501235E-003
    -1.75396330E-002     2.28244124E-003
    -1.74887798E-002     2.33076321E-003
    -1.74379267E-002     2.37999751E-003
    -1.73870735E-002     2.43015320E-003
    -1.73362204E-002     2.48124811E-003
    -1.72853672E-002     2.53329755E-003
    -1.72345141E-002     2.58631295E-003
    -1.71836609E-002     2.64031491E-003
    -1.71328077E-002     2.69531357E-003
    -1.70819546E-002     2.75132701E-003
    -1.70311014E-002     2.80837241E-003
    -1.69802483E-002     2.86646109E-003
    -1.69293951E-002     2.92561490E-003
    -1.68785420E-002     2.98584530E-003
    -1.68276888E-002     3.04717046E-003
    -1.67768357E-002     3.10960951E-003
    -1.67259825E-002     3.17317370E-003
    -1.66751294E-002     3.23788603E-003
    -1.66242762E-002     3.30375952E-003
    -1.65734231E-002     3.37081227E-003
    -1.65225699E-002     3.43906543E-003
    -1.64717167E-002     3.50853027E-003
    -1.64208636E-002     3.57923080E-003
    -1.63700104E-002     3.65118176E-003
    -1.63191573E-002     3.72440110E-003
    -1.62683041E-002     3.79891193E-003
    -1.62174510E-002     3.87472579E-003
    -1.61665978E-002     3.95186753E-003
    -1.61157447E-002     4.03035372E-003
    -1.60648915E-002     4.11020207E-003
    -1.60140384E-002     4.19143764E-003
    -1.59631852E-002     4.27407243E-003
    -1.59123321E-002     4.35813193E-003
    -1.58614789E-002     4.44363470E-003
    -1.58106257E-002     4.53059817E-003
    -1.57597726E-002     4.61904919E-003
    -1.57089194E-002     4.70900053E-003
    -1.56580663E-002     4.80047810E-003
    -1.56072131E-002     4.89350254E-003
    -1.55563600E-002     4.98809099E-003
    -1.55055068E-002     5.08427196E-003
    -1.54546537E-002     5.18205924E-003
    -1.54038005E-002     5.28147895E-003
    -1.53529474E-002     5.38255393E-003
    -1.53020942E-002     5.48530095E-003
    -1.52512411E-002     5.58975003E-003
    -1.52003879E-002     5.69591634E-003
    -1.51495347E-002     5.80382593E-003
    -1.50986816E-002     5.91350393E-003
    -1.50478284E-002     6.02496671E-003
    -1.49969753E-002     6.13824560E-003
    -1.49461221E-002     6.25335748E-003
    -1.48952690E-002     6.37032808E-003
    -1.48444158E-002     6.48918489E-003
    -1.47935627E-002     6.60994396E-003
    -1.47427095E-002     6.73263761E-003
    -1.46918564E-002     6.85728471E-003
    -1.46410032E-002     6.98391048E-003
    -1.45901501E-002     7.11254472E-003
    -1.45392969E-002     7.24320335E-003
    -1.44884437E-002     7.37591950E-003
    -1.44375906E-002     7.51071407E-003
    -1.43867374E-002     7.64761167E-003
    -1.43358843E-002     7.78664424E-003
    -1.42850311E-002     7.92782786E-003
    -1.42341780E-002     8.07119623E-003
    -1.41833248E-002     8.21677237E-003
    -1.41324717E-002     8.36458018E-003
    -1.40816185E-002     8.51465354E-003
    -1.40307654E-002     8.66700900E-003
    -1.39799122E-002     8.82168047E-003
    -1.39290591E-002     8.97869319E-003
    -1.38782059E-002     9.13807036E-003
    -1.38273527E-002     9.29984752E-003
    -1.37764996E-002     9.46404199E-003
    -1.37256464E-002     9.63068761E-003
    -1.36747933E-002     9.79981186E-003
    -1.36239401E-002     9.97143716E-003
    -1.35730870E-002     1.01456005E-002
    -1.35222338E-002     1.03223203E-002
    -1.34713807E-002     1.05016300E-002
    -1.34205275E-002     1.06835593E-002
    -1.33696744E-002     1.08681298E-002
    -1.33188212E-002     1.10553797E-002
    -1.32679681E-002     1.12453288E-002
    -1.32171149E-002     1.14380098E-002
    -1.31662617E-002     1.16334548E-002
    -1.31154086E-002     1.18316844E-002
    -1.30645554E-002     1.20327376E-002
    -1.30137023E-002     1.22366360E-002
    -1.29628491E-002     1.24434113E-002
    -1.29119960E-002     1.26530978E-002
    -1.28611428E-002     1.28657153E-002
    -1.28102897E-002     1.30813032E-002
    -1.27594365E-002     1.32998852E-002
    -1.27085834E-002     1.35214916E-002
    -1.26577302E-002     1.37461587E-002
    -1.26068771E-002     1.39739058E-002
    -1.25560239E-002     1.42047726E-002
    -1.25051707E-002     1.44387843E-002
    -1.24543176E-002     1.46759702E-002
    -1.24034644E-002     1.49163681E-002
    -1.23526113E-002     1.51599974E-002
    -1.23017581E-002     1.54068970E-002
    -1.22509050E-002     1.56570945E-002
    -1.22000518E-002     1.59106176E-002
    -1.21491987E-002     1.61675054E-002
    -1.20983455E-002     1.64277772E-002
    -1.20474924E-002     1.66914717E-002
    -1.19966392E-002     1.69586181E-002
    -1.19457861E-002     1.72292425E-002
    -1.18949329E-002     1.75033851E-002
    -1.18440797E-002     1.77810657E-002
    -1.17932266E-002     1.80623218E-002
    -1.17423734E-002     1.83471844E-002
    -1.16915203E-002     1.86356781E-002
    -1.16406671E-002     1.89278436E-002
    -1.15898140E-002     1.92237015E-002
    -1.15389608E-002     1.95232878E-002
    -1.14881077E-002     1.98266352E-002
    -1.14372545E-002     2.01337668E-002
    -1.13864014E-002     2.04447232E-002
    -1.13355482E-002     2.07595261E-002
    -1.12846951E-002     2.10782098E-002
    -1.12338419E-002     2.14008084E-002
    -1.11829887E-002     2.17273435E-002
    -1.11321356E-002     2.20578554E-002
    -1.10812824E-002     2.23923669E-002
    -1.10304293E-002     2.27309103E-002
    -1.09795761E-002     2.30735208E-002
    -1.09287230E-002     2.34202189E-002
    -1.08778698E-002     2.37710437E-002
    -1.08270167E-002     2.41260194E-002
    -1.07761635E-002     2.44851761E-002
    -1.07253104E-002     2.48485498E-002
    -1.06744572E-002     2.52161597E-002
    -1.06236041E-002     2.55880439E-002
    -1.05727509E-002     2.59642277E-002
    -1.05218977E-002     2.63447387E-002
    -1.04710446E-002     2.67296133E-002
    -1.04201914E-002     2.71188698E-002
    -1.03693383E-002     2.75125448E-002
    -1.03184851E-002     2.79106643E-002
    -1.02676320E-002     2.83132539E-002
    -1.02167788E-002     2.87203493E-002
    -1.01659257E-002     2.91319687E-002
    -1.01150725E-002     2.95481465E-002
    -1.00642194E-002     2.99689091E-002
    -1.00133662E-002     3.03942801E-002
    -9.96251305E-003     3.08242944E-002
    -9.91165990E-003     3.12589697E-002
    -9.86080674E-003     3.16983382E-002
    -9.80995359E-003     3.21424266E-002
    -9.75910044E-003     3.25912561E-002
    -9.70824728E-003     3.30448605E-002
    -9.65739413E-003     3.35032571E-002
    -9.60654097E-003     3.39664756E-002
    -9.55568782E-003     3.44345428E-002
    -9.50483467E-003     3.49074774E-002
    -9.45398151E-003     3.53853114E-002
    -9.40312836E-003     3.58680623E-002
    -9.35227520E-003     3.63557567E-002
    -9.30142205E-003     3.68484210E-002
    -9.25056890E-003     3.73460717E-002
    -9.19971574E-003     3.78487386E-002
    -9.14886259E-003     3.83564392E-002
    -9.09800943E-003     3.88691968E-002
    -9.04715628E-003     3.93870371E-002
    -8.99630313E-003     3.99099744E-002
    -8.94544997E-003     4.04380361E-002
    -8.89459682E-003     4.09712391E-002
    -8.84374367E-003     4.15096037E-002
    -8.79289051E-003     4.20531542E-002
    -8.74203736E-003     4.26019030E-002
    -8.69118420E-003     4.31558744E-002
    -8.64033105E-003     4.37150848E-002
    -8.58947790E-003     4.42795514E-002
    -8.53862474E-003     4.48492963E-002
    -8.48777159E-003     4.54243304E-002
    -8.43691843E-003     4.60046747E-002
    -8.38606528E-003     4.65903445E-002
    -8.33521213E-003     4.71813539E-002
    -8.28435897E-003     4.77777224E-002
    -8.23350582E-003     4.83794593E-002
    -8.18265267E-003     4.89865823E-002
    -8.13179951E-003     4.95991049E-002
    -8.08094636E-003     5.02170385E-002
    -8.03009320E-003     5.08403993E-002
    -7.97924005E-003     5.14691951E-002
    -7.92838690E-003     5.21034399E-002
    -7.87753374E-003     5.27431453E-002
    -7.82668059E-003     5.33883195E-002
    -7.77582743E-003     5.40389755E-002
    -7.72497428E-003     5.46951192E-002
    -7.67412113E-003     5.53567610E-002
    -7.62326797E-003     5.60239099E-002
    -7.57241482E-003     5.66965713E-002
    -7.52156166E-003     5.73747541E-002
    -7.47070851E-003     5.80584626E-002
    -7.41985536E-003     5.87477033E-002
    -7.36900220E-003     5.94424821E-002
    -7.31814905E-003     6.01428017E-002
    -7.26729590E-003     6.08486668E-002
    -7.21644274E-003     6.15600795E-002
    -7.16558959E-003     6.22770425E-002
    -7.11473643E-003     6.29995581E-002
    -7.06388328E-003     6.37276263E-002
    -7.01303013E-003     6.44612475E-002
    -6.96217697E-003     6.52004211E-002
    -6.91132382E-003     6.59451462E-002
    -6.86047066E-003     6.66954209E-002
    -6.80961751E-003     6.74512426E-002
    -6.75876436E-003     6.82126071E-002
    -6.70791120E-003     6.89795108E-002
    -6.65705805E-003     6.97519492E-002
    -6.60620489E-003     7.05299158E-002
    -6.55535174E-003     7.13134053E-002
    -6.50449859E-003     7.21024089E-002
    -6.45364543E-003     7.28969194E-002
    -6.40279228E-003     7.36969290E-002
    -6.35193913E-003     7.45024261E-002
    -6.30108597E-003     7.53134023E-002
    -6.25023282E-003     7.61298448E-002
    -6.19937966E-003     7.69517418E-002
    -6.14852651E-003     7.77790824E-002
    -6.09767336E-003     7.86118497E-002
    -6.04682020E-003     7.94500321E-002
    -5.99596705E-003     8.02936124E-002
    -5.94511389E-003     8.11425743E-002
    -5.89426074E-003     8.19969036E-002
    -5.84340759E-003     8.28565777E-002
    -5.79255443E-003     8.37215818E-002
    -5.74170128E-003     8.45918944E-002
    -5.69084812E-003     8.54674939E-002
    -5.63999497E-003     8.63483631E-002
    -5.58914182E-003     8.72344739E-002
    -5.53828866E-003     8.81258073E-002
    -5.48743551E-003     8.90223381E-002
    -5.43658236E-003     8.99240388E-002
    -5.38572920E-003     9.08308893E-002
    -5.33487605E-003     9.17428558E-002
    -5.28402289E-003     9.26599149E-002
    -5.23316974E-003     9.35820378E-002
    -5.18231659E-003     9.45091907E-002
    -5.13146343E-003     9.54413504E-002
    -5.08061028E-003     9.63784778E-002
    -5.02975712E-003     9.73205445E-002
    -4.97890397E-003     9.82675182E-002
    -4.92805082E-003     9.92193586E-002
    -4.87719766E-003     1.00176039E-001
    -4.82634451E-003     1.01137516E-001
    -4.77549135E-003     1.02103755E-001
    -4.72463820E-003     1.03074720E-001
    -4.67378505E-003     1.04050365E-001
    -4.62293189E-003     1.05030660E-001
    -4.57207874E-003     1.06015556E-001
    -4.52122559E-003     1.07005012E-001
    -4.47037243E-003     1.07998990E-001
    -4.41951928E-003     1.08997436E-001
    -4.36866612E-003     1.10000317E-001
    -4.31781297E-003     1.11007579E-001
    -4.26695982E-003     1.12019176E-001
    -4.21610666E-003     1.13035066E-001
    -4.16525351E-003     1.14055189E-001
    -4.11440035E-003     1.15079506E-001
    -4.06354720E-003     1.16107961E-001
    -4.01269405E-003     1.17140499E-001
    -3.96184089E-003     1.18177077E-001
    -3.91098774E-003     1.19217628E-001
    -3.86013458E-003     1.20262108E-001
    -3.80928143E-003     1.21310457E-001
    -3.75842828E-003     1.22362614E-001
    -3.70757512E-003     1.23418532E-001
    -3.65672197E-003     1.24478139E-001
    -3.60586882E-003     1.25541385E-001
    -3.55501566E-003     1.26608207E-001
    -3.50416251E-003     1.27678536E-001
    -3.45330935E-003     1.28752323E-001
    -3.40245620E-003     1.29829490E-001
    -3.35160305E-003     1.30909981E-001
    -3.30074989E-003     1.31993731E-001
    -3.24989674E-003     1.33080662E-001
    -3.19904358E-003     1.34170723E-001
    -3.14819043E-003     1.35263831E-001
    -3.09733728E-003     1.36359924E-001
    -3.04648412E-003     1.37458932E-001
    -2.99563097E-003     1.38560773E-001
    -2.94477781E-003     1.39665392E-001
    -2.89392466E-003     1.40772700E-001
    -2.84307151E-003     1.41882628E-001
    -2.79221835E-003     1.42995106E-001
    -2.74136520E-003     1.44110043E-001
    -2.69051205E-003     1.45227381E-001
    -2.63965889E-003     1.46347027E-001
    -2.58880574E-003     1.47468906E-001
    -2.53795258E-003     1.48592944E-001
    -2.48709943E-003     1.49719046E-001
    -2.43624628E-003     1.50847146E-001
    -2.38539312E-003     1.51977152E-001
    -2.33453997E-003     1.53108978E-001
    -2.28368681E-003     1.54242551E-001
    -2.23283366E-003     1.55377768E-001
    -2.18198051E-003     1.56514560E-001
    -2.13112735E-003     1.57652830E-001
    -2.08027420E-003     1.58792486E-001
    -2.02942104E-003     1.59933455E-001
    -1.97856789E-003     1.61075626E-001
    -1.92771474E-003     1.62218926E-001
    -1.87686158E-003     1.63363255E-001
    -1.82600843E-003     1.64508515E-001
    -1.77515528E-003     1.65654630E-001
    -1.72430212E-003     1.66801485E-001
    -1.67344897E-003     1.67949001E-001
    -1.62259581E-003     1.69097077E-001
    -1.57174266E-003     1.70245608E-001
    -1.52088951E-003     1.71394515E-001
    -1.47003635E-003     1.72543680E-001
    -1.41918320E-003     1.73693018E-001
    -1.36833004E-003     1.74842427E-001
    -1.31747689E-003     1.75991793E-001
    -1.26662374E-003     1.77141039E-001
    -1.21577058E-003     1.78290042E-001
    -1.16491743E-003     1.79438709E-001
    -1.11406427E-003     1.80586939E-001
    -1.06321112E-003     1.81734613E-001
    -1.01235797E-003     1.82881650E-001
    -9.61504813E-004     1.84027924E-001
    -9.10651659E-004     1.85173336E-001
    -8.59798505E-004     1.86317787E-001
    -8.08945351E-004     1.87461151E-001
    -7.58092197E-004     1.88603342E-001
    -7.07239044E-004     1.89744235E-001
    -6.56385890E-004     1.90883725E-001
    -6.05532736E-004     1.92021712E-001
    -5.54679582E-004     1.93158064E-001
    -5.03826428E-004     1.94292693E-001
    -4.52973274E-004     1.95425475E-001
    -4.02120120E-004     1.96556295E-001
    -3.51266966E-004     1.97685056E-001
    -3.00413812E-004     1.98811622E-001
    -2.49560659E-004     1.99935900E-001
    -1.98707505E-004     2.01057767E-001
    -1.47854351E-004     2.02177101E-001
    -9.70011969E-005     2.03293807E-001
    -4.61480431E-005     2.04407744E-001
     4.70511083E-006     2.05518817E-001
     5.55582647E-005     2.06626902E-001
     1.06411419E-004     2.07731872E-001
     1.57264572E-004     2.08833632E-001
     2.08117726E-004     2.09932041E-001
     2.58970880E-004     2.11026998E-001
     3.09824034E-004     2.12118379E-001
     3.60677188E-004     2.13206055E-001
     4.11530342E-004     2.14289928E-001
     4.62383496E-004     2.15369859E-001
     5.13236650E-004     2.16445740E-001
     5.64089804E-004     2.17517450E-001
     6.14942957E-004     2.18584856E-001
     6.65796111E-004     2.19647861E-001
     7.16649265E-004     2.20706323E-001
     7.67502419E-004     2.21760132E-001
     8.18355573E-004     2.22809169E-001
     8.69208727E-004     2.23853296E-001
     9.20061881E-004     2.24892417E-001
     9.70915035E-004     2.25926390E-001
     1.02176819E-003     2.26955101E-001
     1.07262134E-003     2.27978435E-001
     1.12347450E-003     2.28996251E-001
     1.17432765E-003     2.30008451E-001
     1.22518080E-003     2.31014896E-001
     1.27603396E-003     2.32015467E-001
     1.32688711E-003     2.33010052E-001
     1.37774027E-003     2.33998510E-001
     1.42859342E-003     2.34980740E-001
     1.47944657E-003     2.35956607E-001
     1.53029973E-003     2.36925988E-001
     1.58115288E-003     2.37888775E-001
     1.63200604E-003     2.38844824E-001
     1.68285919E-003     2.39794036E-001
     1.73371234E-003     2.40736277E-001
     1.78456550E-003     2.41671421E-001
     1.83541865E-003     2.42599364E-001
     1.88627180E-003     2.43519964E-001
     1.93712496E-003     2.44433118E-001
     1.98797811E-003     2.45338697E-001
     2.03883127E-003     2.46236573E-001
     2.08968442E-003     2.47126645E-001
     2.14053757E-003     2.48008773E-001
     2.19139073E-003     2.48882851E-001
     2.24224388E-003     2.49748756E-001
     2.29309704E-003     2.50606359E-001
     2.34395019E-003     2.51455561E-001
     2.39480334E-003     2.52296224E-001
     2.44565650E-003     2.53128242E-001
     2.49650965E-003     2.53951497E-001
     2.54736281E-003     2.54765858E-001
     2.59821596E-003     2.55571230E-001
     2.64906911E-003     2.56367479E-001
     2.69992227E-003     2.57154496E-001
     2.75077542E-003     2.57932170E-001
     2.80162857E-003     2.58700371E-001
     2.85248173E-003     2.59459004E-001
     2.90333488E-003     2.60207942E-001
     2.95418804E-003     2.60947075E-001
     3.00504119E-003     2.61676296E-001
     3.05589434E-003     2.62395478E-001
     3.10674750E-003     2.63104528E-001
     3.15760065E-003     2.63803323E-001
     3.20845381E-003     2.64491755E-001
     3.25930696E-003     2.65169720E-001
     3.31016011E-003     2.65837097E-001
     3.36101327E-003     2.66493793E-001
     3.41186642E-003     2.67139691E-001
     3.46271958E-003     2.67774684E-001
     3.51357273E-003     2.68398674E-001
     3.56442588E-003     2.69011542E-001
     3.61527904E-003     2.69613199E-001
     3.66613219E-003     2.70203534E-001
     3.71698534E-003     2.70782440E-001
     3.76783850E-003     2.71349827E-001
     3.81869165E-003     2.71905580E-001
     3.86954481E-003     2.72449610E-001
     3.92039796E-003     2.72981815E-001
     3.97125111E-003     2.73502089E-001
     4.02210427E-003     2.74010348E-001
     4.07295742E-003     2.74506484E-001
     4.12381058E-003     2.74990409E-001
     4.17466373E-003     2.75462027E-001
     4.22551688E-003     2.75921238E-001
     4.27637004E-003     2.76367961E-001
     4.32722319E-003     2.76802095E-001
     4.37807635E-003     2.77223555E-001
     4.42892950E-003     2.77632253E-001
     4.47978265E-003     2.78028091E-001
     4.53063581E-003     2.78410996E-001
     4.58148896E-003     2.78780872E-001
     4.63234211E-003     2.79137638E-001
     4.68319527E-003     2.79481212E-001
     4.73404842E-003     2.79811504E-001
     4.78490158E-003     2.80128445E-001
     4.83575473E-003     2.80431945E-001
     4.88660788E-003     2.80721929E-001
     4.93746104E-003     2.80998321E-001
     4.98831419E-003     2.81261037E-001
     5.03916735E-003     2.81510013E-001
     5.09002050E-003     2.81745169E-001
     5.14087365E-003     2.81966432E-001
     5.19172681E-003     2.82173735E-001
     5.24257996E-003     2.82367000E-001
     5.29343312E-003     2.82546169E-001
     5.34428627E-003     2.82711170E-001
     5.39513942E-003     2.82861934E-001
     5.44599258E-003     2.82998403E-001
     5.49684573E-003     2.83120507E-001
     5.54769888E-003     2.83228192E-001
     5.59855204E-003     2.83321394E-001
     5.64940519E-003     2.83400052E-001
     5.70025835E-003     2.83464113E-001
     5.75111150E-003     2.83513518E-001
     5.80196465E-003     2.83548216E-001
     5.85281781E-003     2.83568152E-001
     5.90367096E-003     2.83573273E-001
     5.95452412E-003     2.83563533E-001
     6.00537727E-003     2.83538881E-001
     6.05623042E-003     2.83499273E-001
     6.10708358E-003     2.83444661E-001
     6.15793673E-003     2.83375001E-001
     6.20878989E-003     2.83290254E-001
     6.25964304E-003     2.83190377E-001
     6.31049619E-003     2.83075334E-001
     6.36134935E-003     2.82945085E-001
     6.41220250E-003     2.82799593E-001
     6.46305565E-003     2.82638828E-001
     6.51390881E-003     2.82462756E-001
     6.56476196E-003     2.82271346E-001
     6.61561512E-003     2.82064568E-001
     6.66646827E-003     2.81842395E-001
     6.71732142E-003     2.81604803E-001
     6.76817458E-003     2.81351767E-001
     6.81902773E-003     2.81083264E-001
     6.86988089E-003     2.80799273E-001
     6.92073404E-003     2.80499775E-001
     6.97158719E-003     2.80184755E-001
     7.02244035E-003     2.79854196E-001
     7.07329350E-003     2.79508084E-001
     7.12414666E-003     2.79146406E-001
     7.17499981E-003     2.78769153E-001
     7.22585296E-003     2.78376317E-001
     7.27670612E-003     2.77967890E-001
     7.32755927E-003     2.77543868E-001
     7.37841242E-003     2.77104246E-001
     7.42926558E-003     2.76649024E-001
     7.48011873E-003     2.76178202E-001
     7.53097189E-003     2.75691783E-001
     7.58182504E-003     2.75189770E-001
     7.63267819E-003     2.74672166E-001
     7.68353135E-003     2.74138983E-001
     7.73438450E-003     2.73590229E-001
     7.78523766E-003     2.73025914E-001
     7.83609081E-003     2.72446051E-001
     7.88694396E-003     2.71850654E-001
     7.93779712E-003     2.71239743E-001
     7.98865027E-003     2.70613333E-001
     8.03950343E-003     2.69971446E-001
     8.09035658E-003     2.69314103E-001
     8.14120973E-003     2.68641326E-001
     8.19206289E-003     2.67953146E-001
     8.24291604E-003     2.67249587E-001
     8.29376919E-003     2.66530678E-001
     8.34462235E-003     2.65796452E-001
     8.39547550E-003     2.65046939E-001
     8.44632866E-003     2.64282178E-001
     8.49718181E-003     2.63502204E-001
     8.54803496E-003     2.62707054E-001
     8.59888812E-003     2.61896771E-001
     8.64974127E-003     2.61071395E-001
     8.70059443E-003     2.60230972E-001
     8.75144758E-003     2.59375548E-001
     8.80230073E-003     2.58505167E-001
     8.85315389E-003     2.57619885E-001
     8.90400704E-003     2.56719747E-001
     8.95486019E-003     2.55804811E-001
     9.00571335E-003     2.54875132E-001
     9.05656650E-003     2.53930761E-001
     9.10741966E-003     2.52971765E-001
     9.15827281E-003     2.51998198E-001
     9.20912596E-003     2.51010127E-001
     9.25997912E-003     2.50007615E-001
     9.31083227E-003     2.48990723E-001
     9.36168543E-003     2.47959527E-001
     9.41253858E-003     2.46914092E-001
     9.46339173E-003     2.45854490E-001
     9.51424489E-003     2.44780797E-001
     9.56509804E-003     2.43693080E-001
     9.61595120E-003     2.42591426E-001
     9.66680435E-003     2.41475907E-001
     9.71765750E-003     2.40346605E-001
     9.76851066E-003     2.39203605E-001
     9.81936381E-003     2.38046983E-001
     9.87021696E-003     2.36876834E-001
     9.92107012E-003     2.35693240E-001
     9.97192327E-003     2.34496289E-001
     1.00227764E-002     2.33286078E-001
     1.00736296E-002     2.32062691E-001
     1.01244827E-002     2.30826229E-001
     1.01753359E-002     2.29576787E-001
     1.02261890E-002     2.28314457E-001
     1.02770422E-002     2.27039348E-001
     1.03278953E-002     2.25751550E-001
     1.03787485E-002     2.24451174E-001
     1.04296017E-002     2.23138322E-001
     1.04804548E-002     2.21813096E-001
     1.05313080E-002     2.20475612E-001
     1.05821611E-002     2.19125969E-001
     1.06330143E-002     2.17764285E-001
     1.06838674E-002     2.16390672E-001
     1.07347206E-002     2.15005237E-001
     1.07855737E-002     2.13608107E-001
     1.08364269E-002     2.12199388E-001
     1.08872800E-002     2.10779205E-001
     1.09381332E-002     2.09347679E-001
     1.09889864E-002     2.07904924E-001
     1.10398395E-002     2.06451074E-001
     1.10906927E-002     2.04986245E-001
     1.11415458E-002     2.03510568E-001
     1.11923990E-002     2.02024171E-001
     1.12432521E-002     2.00527177E-001
     1.12941053E-002     1.99019725E-001
     1.13449584E-002     1.97501941E-001
     1.13958116E-002     1.95973961E-001
     1.14466647E-002     1.94435922E-001
     1.14975179E-002     1.92887951E-001
     1.15483710E-002     1.91330198E-001
     1.15992242E-002     1.89762794E-001
     1.16500774E-002     1.88185880E-001
     1.17009305E-002     1.86599603E-001
     1.17517837E-002     1.85004095E-001
     1.18026368E-002     1.83399513E-001
     1.18534900E-002     1.81785994E-001
     1.19043431E-002     1.80163686E-001
     1.19551963E-002     1.78532742E-001
     1.20060494E-002     1.76893301E-001
     1.20569026E-002     1.75245524E-001
     1.21077557E-002     1.73589558E-001
     1.21586089E-002     1.71925552E-001
     1.22094620E-002     1.70253669E-001
     1.22603152E-002     1.68574054E-001
     1.23111684E-002     1.66886870E-001
     1.23620215E-002     1.65192272E-001
     1.24128747E-002     1.63490414E-001
     1.24637278E-002     1.61781465E-001
     1.25145810E-002     1.60065575E-001
     1.25654341E-002     1.58342912E-001
     1.26162873E-002     1.56613637E-001
     1.26671404E-002     1.54877909E-001
     1.27179936E-002     1.53135900E-001
     1.27688467E-002     1.51387767E-001
     1.28196999E-002     1.49633682E-001
     1.28705530E-002     1.47873811E-001
     1.29214062E-002     1.46108316E-001
     1.29722594E-002     1.44337376E-001
     1.30231125E-002     1.42561151E-001
     1.30739657E-002     1.40779816E-001
     1.31248188E-002     1.38993543E-001
     1.31756720E-002     1.37202498E-001
     1.32265251E-002     1.35406862E-001
     1.32773783E-002     1.33606801E-001
     1.33282314E-002     1.31802491E-001
     1.33790846E-002     1.29994112E-001
     1.34299377E-002     1.28181829E-001
     1.34807909E-002     1.26365828E-001
     1.35316440E-002     1.24546279E-001
     1.35824972E-002     1.22723360E-001
     1.36333504E-002     1.20897255E-001
     1.36842035E-002     1.19068131E-001
     1.37350567E-002     1.17236176E-001
     1.37859098E-002     1.15401566E-001
     1.38367630E-002     1.13564478E-001
     1.38876161E-002     1.11725100E-001
     1.39384693E-002     1.09883601E-001
     1.39893224E-002     1.08040172E-001
     1.40401756E-002     1.06194990E-001
     1.40910287E-002     1.04348234E-001
     1.41418819E-002     1.02500094E-001
     1.41927350E-002     1.00650742E-001
     1.42435882E-002     9.88003677E-002
     1.42944414E-002     9.69491524E-002
     1.43452945E-002     9.50972753E-002
     1.43961477E-002     9.32449276E-002
     1.44470008E-002     9.13922829E-002
     1.44978540E-002     8.95395312E-002
     1.45487071E-002     8.76868556E-002
     1.45995603E-002     8.58344350E-002
     1.46504134E-002     8.39824615E-002
     1.47012666E-002     8.21311100E-002
     1.47521197E-002     8.02805695E-002
     1.48029729E-002     7.84310248E-002
     1.48538260E-002     7.65826539E-002
     1.49046792E-002     7.47356489E-002
     1.49555324E-002     7.28901856E-002
     1.50063855E-002     7.10464514E-002
     1.50572387E-002     6.92046321E-002
     1.51080918E-002     6.73649043E-002
     1.51589450E-002     6.55274591E-002
     1.52097981E-002     6.36924730E-002
     1.52606513E-002     6.18601309E-002
     1.53115044E-002     6.00306191E-002
     1.53623576E-002     5.82041122E-002
     1.54132107E-002     5.63807996E-002
     1.54640639E-002     5.45608578E-002
     1.55149170E-002     5.27444690E-002
     1.55657702E-002     5.09318187E-002
     1.56166234E-002     4.91230794E-002
     1.56674765E-002     4.73184381E-002
     1.57183297E-002     4.55180706E-002
     1.57691828E-002     4.37221557E-002
     1.58200360E-002     4.19308776E-002
     1.58708891E-002     4.01444060E-002
     1.59217423E-002     3.83629248E-002
     1.59725954E-002     3.65866088E-002
     1.60234486E-002     3.48156327E-002
     1.60743017E-002     3.30501782E-002
     1.61251549E-002     3.12904124E-002
     1.61760080E-002     2.95365153E-002
     1.62268612E-002     2.77886595E-002
     1.62777144E-002     2.60470158E-002
     1.63285675E-002     2.43117622E-002
     1.63794207E-002     2.25830629E-002
     1.64302738E-002     2.08610932E-002
     1.64811270E-002     1.91460233E-002
     1.65319801E-002     1.74380189E-002
     1.65828333E-002     1.57372541E-002
     1.66336864E-002     1.40438896E-002
     1.66845396E-002     1.23580954E-002
     1.67353927E-002     1.06800385E-002
     1.67862459E-002     9.00987919E-003
     1.68370990E-002     7.34778679E-003
     1.68879522E-002     5.69391804E-003
     1.69388054E-002     4.04843733E-003
     1.69896585E-002     2.41150756E-003
     1.70405117E-002     7.83283181E-004
     1.70913648E-002    -8.36072028E-004
     1.71422180E-002    -2.44640549E-003
     1.71930711E-002    -4.04755922E-003
     1.72439243E-002    -5.63937509E-003
     1.72947774E-002    -7.22170481E-003
     1.73456306E-002    -8.79439078E-003
     1.73964837E-002    -1.03572851E-002
     1.74473369E-002    -1.19102367E-002
     1.74981900E-002    -1.34530930E-002
     1.75490432E-002    -1.49857122E-002
     1.75998964E-002    -1.65079433E-002
     1.76507495E-002    -1.80196438E-002
     1.77016027E-002    -1.95206700E-002
     1.77524558E-002    -2.10108754E-002
     1.78033090E-002    -2.24901252E-002
     1.78541621E-002    -2.39582756E-002
     1.79050153E-002    -2.54151898E-002
     1.79558684E-002    -2.68607318E-002
     1.80067216E-002    -2.82947625E-002
     1.80575747E-002    -2.97171536E-002
     1.81084279E-002    -3.11277695E-002
     1.81592810E-002    -3.25264794E-002
     1.82101342E-002    -3.39131558E-002
     1.82609874E-002    -3.52876670E-002
     1.83118405E-002    -3.66498921E-002
     1.83626937E-002    -3.79997036E-002
     1.84135468E-002    -3.93369778E-002
     1.84644000E-002    -4.06615956E-002
     1.85152531E-002    -4.19734336E-002
     1.85661063E-002    -4.32723784E-002
     1.86169594E-002    -4.45583111E-002
     1.86678126E-002    -4.58311156E-002
     1.87186657E-002    -4.70906815E-002
     1.87695189E-002    -4.83368943E-002
     1.88203720E-002    -4.95696483E-002
     1.88712252E-002    -5.07888335E-002
     1.89220784E-002    -5.19943421E-002
     1.89729315E-002    -5.31860728E-002
     1.90237847E-002    -5.43639202E-002
     1.90746378E-002    -5.55277864E-002
     1.91254910E-002    -5.66775713E-002
     1.91763441E-002    -5.78131752E-002
     1.92271973E-002    -5.89345067E-002
     1.92780504E-002    -6.00414694E-002
     1.93289036E-002    -6.11339740E-002
     1.93797567E-002    -6.22119299E-002
     1.94306099E-002    -6.32752469E-002
     1.94814630E-002    -6.43238429E-002
     1.95323162E-002    -6.53576313E-002
     1.95831694E-002    -6.63765313E-002
     1.96340225E-002    -6.73804626E-002
     1.96848757E-002    -6.83693444E-002
     1.97357288E-002    -6.93431044E-002
     1.97865820E-002    -7.03016659E-002
     1.98374351E-002    -7.12449570E-002
     1.98882883E-002    -7.21729079E-002
     1.99391414E-002    -7.30854477E-002
     1.99899946E-002    -7.39825137E-002
     2.00408477E-002    -7.48640395E-002
     2.00917009E-002    -7.57299627E-002
     2.01425541E-002    -7.65802236E-002
     2.01934072E-002    -7.74147618E-002
     2.02442604E-002    -7.82335245E-002
     2.02951135E-002    -7.90364556E-002
     2.03459667E-002    -7.98235022E-002
     2.03968198E-002    -8.05946155E-002
     2.04476730E-002    -8.13497454E-002
     2.04985261E-002    -8.20888490E-002
     2.05493793E-002    -8.28118808E-002
     2.06002324E-002    -8.35187978E-002
     2.06510856E-002    -8.42095619E-002
     2.07019387E-002    -8.48841338E-002
     2.07527919E-002    -8.55424802E-002
     2.08036451E-002    -8.61845666E-002
     2.08544982E-002    -8.68103600E-002
     2.09053514E-002    -8.74198332E-002
     2.09562045E-002    -8.80129576E-002
     2.10070577E-002    -8.85897099E-002
     2.10579108E-002    -8.91500661E-002
     2.11087640E-002    -8.96940040E-002
     2.11596171E-002    -9.02215070E-002
     2.12104703E-002    -9.07325572E-002
     2.12613234E-002    -9.12271412E-002
     2.13121766E-002    -9.17052461E-002
     2.13630297E-002    -9.21668602E-002
     2.14138829E-002    -9.26119776E-002
     2.14647361E-002    -9.30405911E-002
     2.15155892E-002    -9.34526973E-002
     2.15664424E-002    -9.38482942E-002
     2.16172955E-002    -9.42273808E-002
     2.16681487E-002    -9.45899619E-002
     2.17190018E-002    -9.49360408E-002
     2.17698550E-002    -9.52656242E-002
     2.18207081E-002    -9.55787211E-002
     2.18715613E-002    -9.58753410E-002
     2.19224144E-002    -9.61554993E-002
     2.19732676E-002    -9.64192099E-002
     2.20241207E-002    -9.66664895E-002
     2.20749739E-002    -9.68973579E-002
     2.21258271E-002    -9.71118355E-002
     2.21766802E-002    -9.73099477E-002
     2.22275334E-002    -9.74917189E-002
     2.22783865E-002    -9.76571761E-002
     2.23292397E-002    -9.78063497E-002
     2.23800928E-002    -9.79392705E-002
     2.24309460E-002    -9.80559740E-002
     2.24817991E-002    -9.81564952E-002
     2.25326523E-002    -9.82408710E-002
     2.25835054E-002    -9.83091424E-002
     2.26343586E-002    -9.83613506E-002
     2.26852117E-002    -9.83975407E-002
     2.27360649E-002    -9.84177582E-002
     2.27869181E-002    -9.84220500E-002
     2.28377712E-002    -9.84104673E-002
     2.28886244E-002    -9.83830614E-002
     2.29394775E-002    -9.83398872E-002
     2.29903307E-002    -9.82810001E-002
     2.30411838E-002    -9.82064571E-002
     2.30920370E-002    -9.81163193E-002
     2.31428901E-002    -9.80106479E-002
     2.31937433E-002    -9.78895071E-002
     2.32445964E-002    -9.77529623E-002
     2.32954496E-002    -9.76010802E-002
     2.33463027E-002    -9.74339317E-002
     2.33971559E-002    -9.72515874E-002
     2.34480091E-002    -9.70541209E-002
     2.34988622E-002    -9.68416070E-002
     2.35497154E-002    -9.66141222E-002
     2.36005685E-002    -9.63717464E-002
     2.36514217E-002    -9.61145597E-002
     2.37022748E-002    -9.58426447E-002
     2.37531280E-002    -9.55560854E-002
     2.38039811E-002    -9.52549675E-002
     2.38548343E-002    -9.49393800E-002
     2.39056874E-002    -9.46094120E-002
     2.39565406E-002    -9.42651545E-002
     2.40073937E-002    -9.39067009E-002
     2.40582469E-002    -9.35341455E-002
     2.41091001E-002    -9.31475860E-002
     2.41599532E-002    -9.27471201E-002
     2.42108064E-002    -9.23328472E-002
     2.42616595E-002    -9.19048693E-002
     2.43125127E-002    -9.14632894E-002
     2.43633658E-002    -9.10082131E-002
     2.44142190E-002    -9.05397465E-002
     2.44650721E-002    -9.00579971E-002
     2.45159253E-002    -8.95630751E-002
     2.45667784E-002    -8.90550916E-002
     2.46176316E-002    -8.85341599E-002
     2.46684847E-002    -8.80003940E-002
     2.47193379E-002    -8.74539092E-002
     2.47701911E-002    -8.68948235E-002
     2.48210442E-002    -8.63232556E-002
     2.48718974E-002    -8.57393261E-002
     2.49227505E-002    -8.51431566E-002
     2.49736037E-002    -8.45348696E-002
     2.50244568E-002    -8.39145906E-002
     2.50753100E-002    -8.32824453E-002
     2.51261631E-002    -8.26385612E-002
     2.51770163E-002    -8.19830669E-002
     2.52278694E-002    -8.13160922E-002
     2.52787226E-002    -8.06377690E-002
     2.53295757E-002    -7.99482299E-002
     2.53804289E-002    -7.92476088E-002
     2.54312821E-002    -7.85360410E-002
     2.54821352E-002    -7.78136625E-002
     2.55329884E-002    -7.70806118E-002
     2.55838415E-002    -7.63370276E-002
     2.56346947E-002    -7.55830498E-002
     2.56855478E-002    -7.48188196E-002
     2.57364010E-002    -7.40444794E-002
     2.57872541E-002    -7.32601732E-002
     2.58381073E-002    -7.24660453E-002
     2.58889604E-002    -7.16622414E-002
     2.59398136E-002    -7.08489083E-002
     2.59906667E-002    -7.00261936E-002
     2.60415199E-002    -6.91942467E-002
     2.60923731E-002    -6.83532171E-002
     2.61432262E-002    -6.75032554E-002
     2.61940794E-002    -6.66445137E-002
     2.62449325E-002    -6.57771444E-002
     2.62957857E-002    -6.49013015E-002
     2.63466388E-002    -6.40171394E-002
     2.63974920E-002    -6.31248131E-002
     2.64483451E-002    -6.22244791E-002
     2.64991983E-002    -6.13162944E-002
     2.65500514E-002    -6.04004170E-002
     2.66009046E-002    -5.94770054E-002
     2.66517577E-002    -5.85462188E-002
     2.67026109E-002    -5.76082175E-002
     2.67534641E-002    -5.66631623E-002
     2.68043172E-002    -5.57112150E-002
     2.68551704E-002    -5.47525374E-002
     2.69060235E-002    -5.37872923E-002
     2.69568767E-002    -5.28156434E-002
     2.70077298E-002    -5.18377547E-002
     2.70585830E-002    -5.08537910E-002
     2.71094361E-002    -4.98639173E-002
     2.71602893E-002    -4.88682991E-002
     2.72111424E-002    -4.78671030E-002
     2.72619956E-002    -4.68604958E-002
     2.73128487E-002    -4.58486445E-002
     2.73637019E-002    -4.48317166E-002
     2.74145551E-002    -4.38098803E-002
     2.74654082E-002    -4.27833040E-002
     2.75162614E-002    -4.17521567E-002
     2.75671145E-002    -4.07166074E-002
     2.76179677E-002    -3.96768255E-002
     2.76688208E-002    -3.86329808E-002
     2.77196740E-002    -3.75852435E-002
     2.77705271E-002    -3.65337840E-002
     2.78213803E-002    -3.54787727E-002
     2.78722334E-002    -3.44203804E-002
     2.79230866E-002    -3.33587779E-002
     2.79739397E-002    -3.22941366E-002
     2.80247929E-002    -3.12266276E-002
     2.80756461E-002    -3.01564223E-002
     2.81264992E-002    -2.90836921E-002
     2.81773524E-002    -2.80086085E-002
     2.82282055E-002    -2.69313433E-002
     2.82790587E-002    -2.58520680E-002
     2.83299118E-002    -2.47709540E-002
     2.83807650E-002    -2.36881732E-002
     2.84316181E-002    -2.26038969E-002
     2.84824713E-002    -2.15182968E-002
     2.85333244E-002    -2.04315441E-002
     2.85841776E-002    -1.93438100E-002
     2.86350307E-002    -1.82552658E-002
     2.86858839E-002    -1.71660823E-002
     2.87367371E-002    -1.60764306E-002
     2.87875902E-002    -1.49864810E-002
     2.88384434E-002    -1.38964038E-002
     2.88892965E-002    -1.28063692E-002
     2.89401497E-002    -1.17165472E-002
     2.89910028E-002    -1.06271071E-002
     2.90418560E-002    -9.53821823E-003
     2.90927091E-002    -8.45004924E-003
     2.91435623E-002    -7.36276881E-003
     2.91944154E-002    -6.27654511E-003
     2.92452686E-002    -5.19154586E-003
     2.92961217E-002    -4.10793825E-003
     2.93469749E-002    -3.02588899E-003
     2.93978281E-002    -1.94556456E-003
     2.94486812E-002    -8.67130896E-004
     2.94995344E-002     2.09246676E-004
     2.95503875E-002     1.28340344E-003
     2.96012407E-002     2.35517525E-003
     2.96520938E-002     3.42439833E-003
     2.97029470E-002     4.49090958E-003
     2.97538001E-002     5.55454660E-003
     2.98046533E-002     6.61514767E-003
     2.98555064E-002     7.67255174E-003
     2.99063596E-002     8.72659829E-003
     2.99572128E-002     9.77712757E-003
     3.00080659E-002     1.08239807E-002
 