    -4.18982959E-002     0.00000000E+000
    -4.18474439E-002    -1.35010120E-010
    -4.17965918E-002    -1.17718406E-010
    -4.17457398E-002    -1.02664319E-010
    -4.16948877E-002    -9.44967065E-011
    -4.16440357E-002    -9.06223921E-011
    -4.15931836E-002    -8.51826926E-011
    -4.15423316E-002    -7.45938170E-011
    -4.14914795E-002    -6.04690151E-011
    -4.14406275E-002    -4.75260508E-011
    -4.13897754E-002    -3.88424504E-011
    -4.13389234E-002    -3.30549080E-011
    -4.12880714E-002    -2.59179185E-011
    -4.12372193E-002    -1.45063125E-011
    -4.11863673E-002     2.06788294E-013
    -4.11355152E-002     1.47461663E-011
    -4.10846632E-002     2.68736567E-011
    -4.10338111E-002     3.79547618E-011
    -4.09829591E-002     5.16136978E-011
    -4.09321070E-002     7.02577810E-011
    -4.08812550E-002     9.29843150E-011
    -4.08304029E-002     1.16815588E-010
    -4.07795509E-002     1.39967740E-010
    -4.07286988E-002     1.63689495E-010
    -4.06778468E-002     1.90958815E-010
    -4.06269948E-002     2.23460802E-010
    -4.05761427E-002     2.59860429E-010
    -4.05252907E-002     2.97178363E-010
    -4.04744386E-002     3.33650996E-010
    -4.04235866E-002     3.70221999E-010
    -4.03727345E-002     4.09244687E-010
    -4.03218825E-002     4.51704720E-010
    -4.02710304E-002     4.95994267E-010
    -4.02201784E-002     5.39312559E-010
    -4.01693263E-002     5.80284612E-010
    -4.01184743E-002     6.20193784E-010
    -4.00676222E-002     6.61495525E-010
    -4.00167702E-002     7.05409758E-010
    -3.99659181E-002     7.50924874E-010
    -3.99150661E-002     7.96234608E-010
    -3.98642141E-002     8.41179070E-010
    -3.98133620E-002     8.87963969E-010
    -3.97625100E-002     9.39660763E-010
    -3.97116579E-002     9.97863914E-010
    -3.96608059E-002     1.06185017E-009
    -3.96099538E-002     1.13014487E-009
    -3.95591018E-002     1.20250511E-009
    -3.95082497E-002     1.28047283E-009
    -3.94573977E-002     1.36576402E-009
    -3.94065456E-002     1.45809757E-009
    -3.93556936E-002     1.55493130E-009
    -3.93048415E-002     1.65305383E-009
    -3.92539895E-002     1.75075342E-009
    -3.92031375E-002     1.84837164E-009
    -3.91522854E-002     1.94675789E-009
    -3.91014334E-002     2.04576797E-009
    -3.90505813E-002     2.14411510E-009
    -3.89997293E-002     2.24113473E-009
    -3.89488772E-002     2.33861368E-009
    -3.88980252E-002     2.44053497E-009
    -3.88471731E-002     2.55130215E-009
    -3.87963211E-002     2.67353159E-009
    -3.87454690E-002     2.80763183E-009
    -3.86946170E-002     2.95320339E-009
    -3.86437649E-002     3.11013195E-009
    -3.85929129E-002     3.27861524E-009
    -3.85420609E-002     3.45755926E-009
    -3.84912088E-002     3.64351460E-009
    -3.84403568E-002     3.83176576E-009
    -3.83895047E-002     4.01851583E-009
    -3.83386527E-002     4.20320324E-009
    -3.82878006E-002     4.38848026E-009
    -3.82369486E-002     4.57840964E-009
    -3.81860965E-002     4.77690961E-009
    -3.81352445E-002     4.98691962E-009
    -3.80843924E-002     5.21118282E-009
    -3.80335404E-002     5.45229514E-009
    -3.79826883E-002     5.71134334E-009
    -3.79318363E-002     5.98655480E-009
    -3.78809843E-002     6.27259825E-009
    -3.78301322E-002     6.56289383E-009
    -3.77792802E-002     6.85305428E-009
    -3.77284281E-002     7.14319948E-009
    -3.76775761E-002     7.43849613E-009
    -3.76267240E-002     7.74665252E-009
    -3.75758720E-002     8.07551188E-009
    -3.75250199E-002     8.43127013E-009
    -3.74741679E-002     8.81699902E-009
    -3.74233158E-002     9.23219090E-009
    -3.73724638E-002     9.67135329E-009
    -3.73216117E-002     1.01244622E-008
    -3.72707597E-002     1.05799316E-008
    -3.72199076E-002     1.10289985E-008
    -3.71690556E-002     1.14710923E-008
    -3.71182036E-002     1.19149017E-008
    -3.70673515E-002     1.23755721E-008
    -3.70164995E-002     1.28691573E-008
    -3.69656474E-002     1.34061246E-008
    -3.69147954E-002     1.39890620E-008
    -3.68639433E-002     1.46126162E-008
    -3.68130913E-002     1.52664540E-008
    -3.67622392E-002     1.59399258E-008
    -3.67113872E-002     1.66252948E-008
    -3.66605351E-002     1.73215523E-008
    -3.66096831E-002     1.80344517E-008
    -3.65588310E-002     1.87734446E-008
    -3.65079790E-002     1.95469786E-008
    -3.64571270E-002     2.03563801E-008
    -3.64062749E-002     2.11958142E-008
    -3.63554229E-002     2.20566262E-008
    -3.63045708E-002     2.29349965E-008
    -3.62537188E-002     2.38389703E-008
    -3.62028667E-002     2.47863363E-008
    -3.61520147E-002     2.57972048E-008
    -3.61011626E-002     2.68824056E-008
    -3.60503106E-002     2.80354937E-008
    -3.59994585E-002     2.92358599E-008
    -3.59486065E-002     3.04578438E-008
    -3.58977544E-002     3.16853780E-008
    -3.58469024E-002     3.29212396E-008
    -3.57960504E-002     3.41855445E-008
    -3.57451983E-002     3.55074859E-008
    -3.56943463E-002     3.69097773E-008
    -3.56434942E-002     3.83993738E-008
    -3.55926422E-002     3.99673409E-008
    -3.55417901E-002     4.15963900E-008
    -3.54909381E-002     4.32754382E-008
    -3.54400860E-002     4.50051449E-008
    -3.53892340E-002     4.67954692E-008
    -3.53383819E-002     4.86559284E-008
    -3.52875299E-002     5.05846167E-008
    -3.52366778E-002     5.25720594E-008
    -3.51858258E-002     5.46115594E-008
    -3.51349738E-002     5.67126944E-008
    -3.50841217E-002     5.89043120E-008
    -3.50332697E-002     6.12171177E-008
    -3.49824176E-002     6.36643773E-008
    -3.49315656E-002     6.62282162E-008
    -3.48807135E-002     6.88695843E-008
    -3.48298615E-002     7.15575963E-008
    -3.47790094E-002     7.42909599E-008
    -3.47281574E-002     7.71036250E-008
    -3.46773053E-002     8.00410623E-008
    -3.46264533E-002     8.31303208E-008
    -3.45756012E-002     8.63699554E-008
    -3.45247492E-002     8.97384134E-008
    -3.44738972E-002     9.32212983E-008
    -3.44230451E-002     9.68226952E-008
    -3.43721931E-002     1.00554399E-007
    -3.43213410E-002     1.04421067E-007
    -3.42704890E-002     1.08410530E-007
    -3.42196369E-002     1.12514153E-007
    -3.41687849E-002     1.16748856E-007
    -3.41179328E-002     1.21156280E-007
    -3.40670808E-002     1.25779870E-007
    -3.40162287E-002     1.30624944E-007
    -3.39653767E-002     1.35654287E-007
    -3.39145246E-002     1.40819988E-007
    -3.38636726E-002     1.46104720E-007
    -3.38128205E-002     1.51545414E-007
    -3.37619685E-002     1.57201254E-007
    -3.37111165E-002     1.63111282E-007
    -3.36602644E-002     1.69274617E-007
    -3.36094124E-002     1.75663943E-007
    -3.35585603E-002     1.82267065E-007
    -3.35077083E-002     1.89093113E-007
    -3.34568562E-002     1.96156414E-007
    -3.34060042E-002     2.03460491E-007
    -3.33551521E-002     2.10999395E-007
    -3.33043001E-002     2.18793255E-007
    -3.32534480E-002     2.26889301E-007
    -3.32025960E-002     2.35329839E-007
    -3.31517439E-002     2.44115062E-007
    -3.31008919E-002     2.53193351E-007
    -3.30500399E-002     2.62522484E-007
    -3.29991878E-002     2.72118346E-007
    -3.29483358E-002     2.82052219E-007
    -3.28974837E-002     2.92398729E-007
    -3.28466317E-002     3.03170039E-007
    -3.27957796E-002     3.14331746E-007
    -3.27449276E-002     3.25851371E-007
    -3.26940755E-002     3.37734435E-007
    -3.26432235E-002     3.50021251E-007
    -3.25923714E-002     3.62738046E-007
    -3.25415194E-002     3.75899398E-007
    -3.24906673E-002     3.89527034E-007
    -3.24398153E-002     4.03653615E-007
    -3.23889633E-002     4.18306901E-007
    -3.23381112E-002     4.33466373E-007
    -3.22872592E-002     4.49097027E-007
    -3.22364071E-002     4.65208742E-007
    -3.21855551E-002     4.81871964E-007
    -3.21347030E-002     4.99179339E-007
    -3.20838510E-002     5.17151096E-007
    -3.20329989E-002     5.35736863E-007
    -3.19821469E-002     5.54893039E-007
    -3.19312948E-002     5.74641315E-007
    -3.18804428E-002     5.95072667E-007
    -3.18295907E-002     6.16252164E-007
    -3.17787387E-002     6.38185562E-007
    -3.17278867E-002     6.60860612E-007
    -3.16770346E-002     6.84280845E-007
    -3.16261826E-002     7.08487784E-007
    -3.15753305E-002     7.33506954E-007
    -3.15244785E-002     7.59351150E-007
    -3.14736264E-002     7.86067062E-007
    -3.14227744E-002     8.13716475E-007
    -3.13719223E-002     8.42347774E-007
    -3.13210703E-002     8.71937855E-007
    -3.12702182E-002     9.02445312E-007
    -3.12193662E-002     9.33917241E-007
    -3.11685141E-002     9.66462789E-007
    -3.11176621E-002     1.00017858E-006
    -3.10668101E-002     1.03505575E-006
    -3.10159580E-002     1.07103585E-006
    -3.09651060E-002     1.10814853E-006
    -3.09142539E-002     1.14648998E-006
    -3.08634019E-002     1.18615585E-006
    -3.08125498E-002     1.22716240E-006
    -3.07616978E-002     1.26949025E-006
    -3.07108457E-002     1.31318989E-006
    -3.06599937E-002     1.35832620E-006
    -3.06091416E-002     1.40495009E-006
    -3.05582896E-002     1.45309213E-006
    -3.05074375E-002     1.50279887E-006
    -3.04565855E-002     1.55416698E-006
    -3.04057334E-002     1.60723155E-006
    -3.03548814E-002     1.66198973E-006
    -3.03040294E-002     1.71847978E-006
    -3.02531773E-002     1.77679799E-006
    -3.02023253E-002     1.83707070E-006
    -3.01514732E-002     1.89931935E-006
    -3.01006212E-002     1.96353112E-006
    -3.00497691E-002     2.02977037E-006
    -2.99989171E-002     2.09814363E-006
    -2.99480650E-002     2.16876307E-006
    -2.98972130E-002     2.24165194E-006
    -2.98463609E-002     2.31683533E-006
    -2.97955089E-002     2.39441742E-006
    -2.97446568E-002     2.47448717E-006
    -2.96938048E-002     2.55712763E-006
    -2.96429528E-002     2.64237966E-006
    -2.95921007E-002     2.73030944E-006
    -2.95412487E-002     2.82104183E-006
    -2.94903966E-002     2.91464877E-006
    -2.94395446E-002     3.01121636E-006
    -2.93886925E-002     3.11082184E-006
    -2.93378405E-002     3.21354968E-006
    -2.92869884E-002     3.31952390E-006
    -2.92361364E-002     3.42881223E-006
    -2.91852843E-002     3.54151867E-006
    -2.91344323E-002     3.65774414E-006
    -2.90835802E-002     3.77757646E-006
    -2.90327282E-002     3.90115989E-006
    -2.89818762E-002     4.02859026E-006
    -2.89310241E-002     4.15998710E-006
    -2.88801721E-002     4.29545245E-006
    -2.88293200E-002     4.43506884E-006
    -2.87784680E-002     4.57900666E-006
    -2.87276159E-002     4.72738753E-006
    -2.86767639E-002     4.88034357E-006
    -2.86259118E-002     5.03800176E-006
    -2.85750598E-002     5.20046258E-006
    -2.85242077E-002     5.36791241E-006
    -2.84733557E-002     5.54047586E-006
    -2.84225036E-002     5.71829848E-006
    -2.83716516E-002     5.90155147E-006
    -2.83207996E-002     6.09034911E-006
    -2.82699475E-002     6.28488271E-006
    -2.82190955E-002     6.48529783E-006
    -2.81682434E-002     6.69177000E-006
    -2.81173914E-002     6.90450174E-006
    -2.80665393E-002     7.12360465E-006
    -2.80156873E-002     7.34929730E-006
    -2.79648352E-002     7.58177402E-006
    -2.79139832E-002     7.82121951E-006
    -2.78631311E-002     8.06784534E-006
    -2.78122791E-002     8.32178083E-006
    -2.77614270E-002     8.58329052E-006
    -2.77105750E-002     8.85260036E-006
    -2.76597229E-002     9.12989562E-006
    -2.76088709E-002     9.41543350E-006
    -2.75580189E-002     9.70938188E-006
    -2.75071668E-002     1.00120191E-005
    -2.74563148E-002     1.03235867E-005
    -2.74054627E-002     1.06442942E-005
    -2.73546107E-002     1.09744568E-005
    -2.73037586E-002     1.13142680E-005
    -2.72529066E-002     1.16640271E-005
    -2.72020545E-002     1.20240194E-005
    -2.71512025E-002     1.23944713E-005
    -2.71003504E-002     1.27757379E-005
    -2.70494984E-002     1.31680529E-005
    -2.69986463E-002     1.35717461E-005
    -2.69477943E-002     1.39871391E-005
    -2.68969423E-002     1.44144825E-005
    -2.68460902E-002     1.48541989E-005
    -2.67952382E-002     1.53065556E-005
    -2.67443861E-002     1.57718850E-005
    -2.66935341E-002     1.62505716E-005
    -2.66426820E-002     1.67429196E-005
    -2.65918300E-002     1.72493921E-005
    -2.65409779E-002     1.77702755E-005
    -2.64901259E-002     1.83059440E-005
    -2.64392738E-002     1.88568742E-005
    -2.63884218E-002     1.94233853E-005
    -2.63375697E-002     2.00059687E-005
    -2.62867177E-002     2.06049800E-005
    -2.62358657E-002     2.12208405E-005
    -2.61850136E-002     2.18540878E-005
    -2.61341616E-002     2.25050623E-005
    -2.60833095E-002     2.31743203E-005
    -2.60324575E-002     2.38622960E-005
    -2.59816054E-002     2.45694373E-005
    -2.59307534E-002     2.52963519E-005
    -2.58799013E-002     2.60434150E-005
    -2.58290493E-002     2.68112419E-005
    -2.57781972E-002     2.76003578E-005
    -2.57273452E-002     2.84112489E-005
    -2.56764931E-002     2.92445952E-005
    -2.56256411E-002     3.01008218E-005
    -2.55747891E-002     3.09806102E-005
    -2.55239370E-002     3.18845641E-005
    -2.54730850E-002     3.28132017E-005
    -2.54222329E-002     3.37673110E-005
    -2.53713809E-002     3.47473854E-005
    -2.53205288E-002     3.57541458E-005
    -2.52696768E-002     3.67882923E-005
    -2.52188247E-002     3.78504081E-005
    -2.51679727E-002     3.89413730E-005
    -2.51171206E-002     4.00617342E-005
    -2.50662686E-002     4.12122865E-005
    -2.50154165E-002     4.23938580E-005
    -2.49645645E-002     4.36070608E-005
    -2.49137125E-002     4.48528672E-005
    -2.48628604E-002     4.61319369E-005
    -2.48120084E-002     4.74451279E-005
    -2.47611563E-002     4.87933705E-005
    -2.47103043E-002     5.01773347E-005
    -2.46594522E-002     5.15981213E-005
    -2.46086002E-002     5.30564928E-005
    -2.45577481E-002     5.45533531E-005
    -2.45068961E-002     5.60897791E-005
    -2.44560440E-002     5.76665045E-005
    -2.44051920E-002     5.92847367E-005
    -2.43543399E-002     6.09453683E-005
    -2.43034879E-002     6.26493639E-005
    -2.42526358E-002     6.43979592E-005
    -2.42017838E-002     6.61919671E-005
    -2.41509318E-002     6.80326977E-005
    -2.41000797E-002     6.99211737E-005
    -2.40492277E-002     7.18584387E-005
    -2.39983756E-002     7.38459258E-005
    -2.39475236E-002     7.58845149E-005
    -2.38966715E-002     7.79755938E-005
    -2.38458195E-002     8.01203774E-005
    -2.37949674E-002     8.23200136E-005
    -2.37441154E-002     8.45760832E-005
    -2.36932633E-002     8.68895508E-005
    -2.36424113E-002     8.92619490E-005
    -2.35915592E-002     9.16946918E-005
    -2.35407072E-002     9.41889800E-005
    -2.34898552E-002     9.67465749E-005
    -2.34390031E-002     9.93685883E-005
    -2.33881511E-002     1.02056667E-004
    -2.33372990E-002     1.04812423E-004
    -2.32864470E-002     1.07637151E-004
    -2.32355949E-002     1.10532809E-004
    -2.31847429E-002     1.13500656E-004
    -2.31338908E-002     1.16542459E-004
    -2.30830388E-002     1.19660064E-004
    -2.30321867E-002     1.22854855E-004
    -2.29813347E-002     1.26128992E-004
    -2.29304826E-002     1.29483926E-004
    -2.28796306E-002     1.32921532E-004
    -2.28287786E-002     1.36443910E-004
    -2.27779265E-002     1.40052551E-004
    -2.27270745E-002     1.43749817E-004
    -2.26762224E-002     1.47537385E-004
    -2.26253704E-002     1.51417251E-004
    -2.25745183E-002     1.55391792E-004
    -2.25236663E-002     1.59462600E-004
    -2.24728142E-002     1.63632248E-004
    -2.24219622E-002     1.67902687E-004
    -2.23711101E-002     1.72276018E-004
    -2.23202581E-002     1.76754923E-004
    -2.22694060E-002     1.81341133E-004
    -2.22185540E-002     1.86037412E-004
    -2.21677020E-002     1.90846011E-004
    -2.21168499E-002     1.95769168E-004
    -2.20659979E-002     2.00809881E-004
    -2.20151458E-002     2.05970028E-004
    -2.19642938E-002     2.11252581E-004
    -2.19134417E-002     2.16660135E-004
    -2.18625897E-002     2.22195053E-004
    -2.18117376E-002     2.27860643E-004
    -2.17608856E-002     2.33658997E-004
    -2.17100335E-002     2.39593308E-004
    -2.16591815E-002     2.45666521E-004
    -2.16083294E-002     2.51881125E-004
    -2.15574774E-002     2.58240770E-004
    -2.15066253E-002     2.64747809E-004
    -2.14557733E-002     2.71405638E-004
    -2.14049213E-002     2.78217575E-004
    -2.13540692E-002     2.85186262E-004
    -2.13032172E-002     2.92315710E-004
    -2.12523651E-002     2.99608569E-004
    -2.12015131E-002     3.07068411E-004
    -2.11506610E-002     3.14698989E-004
    -2.10998090E-002     3.22503120E-004
    -2.10489569E-002     3.30485165E-004
    -2.09981049E-002     3.38648109E-004
    -2.09472528E-002     3.46995724E-004
    -2.08964008E-002     3.55532231E-004
    -2.08455487E-002     3.64260614E-004
    -2.07946967E-002     3.73185580E-004
    -2.07438447E-002     3.82310539E-004
    -2.06929926E-002     3.91639442E-004
    -2.06421406E-002     4.01177014E-004
    -2.05912885E-002     4.10926431E-004
    -2.05404365E-002     4.20892741E-004
    -2.04895844E-002     4.31079835E-004
    -2.04387324E-002     4.41491839E-004
    -2.03878803E-002     4.52134011E-004
    -2.03370283E-002     4.63009757E-004
    -2.02861762E-002     4.74124446E-004
    -2.02353242E-002     4.85482510E-004
    -2.01844721E-002     4.97088272E-004
    -2.01336201E-002     5.08947522E-004
    -2.00827681E-002     5.21063952E-004
    -2.00319160E-002     5.33443255E-004
    -1.99810640E-002     5.46090439E-004
    -1.99302119E-002     5.59010023E-004
    -1.98793599E-002     5.72208335E-004
    -1.98285078E-002     5.85689431E-004
    -1.97776558E-002     5.99459324E-004
    -1.97268037E-002     6.13523624E-004
    -1.96759517E-002     6.27887071E-004
    -1.96250996E-002     6.42556548E-004
    -1.95742476E-002     6.57536525E-004
    -1.95233955E-002     6.72833310E-004
    -1.94725435E-002     6.88453178E-004
    -1.94216915E-002     7.04401105E-004
    -1.93708394E-002     7.20684516E-004
    -1.93199874E-002     7.37308377E-004
    -1.92691353E-002     7.54279286E-004
    -1.92182833E-002     7.71604228E-004
    -1.91674312E-002     7.89288419E-004
    -1.91165792E-002     8.07339815E-004
    -1.90657271E-002     8.25763975E-004
    -1.90148751E-002     8.44567772E-004
    -1.89640230E-002     8.63758936E-004
    -1.89131710E-002     8.83342928E-004
    -1.88623189E-002     9.03328227E-004
    -1.88114669E-002     9.23721097E-004
    -1.87606149E-002     9.44528652E-004
    -1.87097628E-002     9.65759412E-004
    -1.86589108E-002     9.87419116E-004
    -1.86080587E-002     1.00951674E-003
    -1.85572067E-002     1.03205933E-003
    -1.85063546E-002     1.05505423E-003
    -1.84555026E-002     1.07851078E-003
    -1.84046505E-002     1.10243505E-003
    -1.83537985E-002     1.12683649E-003
    -1.83029464E-002     1.15172300E-003
    -1.82520944E-002     1.17710215E-003
    -1.82012423E-002     1.20298408E-003
    -1.81503903E-002     1.22937533E-003
    -1.80995382E-002     1.25628577E-003
    -1.80486862E-002     1.28372416E-003
    -1.79978342E-002     1.31169835E-003
    -1.79469821E-002     1.34021926E-003
    -1.78961301E-002     1.36929398E-003
    -1.78452780E-002     1.39893277E-003
    -1.77944260E-002     1.42914535E-003
    -1.77435739E-002     1.45993984E-003
    -1.76927219E-002     1.49132791E-003
    -1.76418698E-002     1.52331728E-003
    -1.75910178E-002     1.55591859E-003
    -1.75401657E-002     1.58914253E-003
    -1.74893137E-002     1.62299752E-003
    -1.74384616E-002     1.65749597E-003
    -1.73876096E-002     1.69264636E-003
    -1.73367576E-002     1.72845968E-003
    -1.72859055E-002     1.76494760E-003
    -1.72350535E-002     1.80211883E-003
    -1.71842014E-002     1.83998650E-003
    -1.71333494E-002     1.87855997E-003
    -1.70824973E-002     1.91785051E-003
    -1.70316453E-002     1.95787086E-003
    -1.69807932E-002     1.99863005E-003
    -1.69299412E-002     2.04014186E-003
    -1.68790891E-002     2.08241665E-003
    -1.68282371E-002     2.12546591E-003
    -1.67773850E-002     2.16930349E-003
    -1.67265330E-002     2.21393876E-003
    -1.66756810E-002     2.25938609E-003
    -1.66248289E-002     2.30565696E-003
    -1.65739769E-002     2.35276310E-003
    -1.65231248E-002     2.40071940E-003
    -1.64722728E-002     2.44953569E-003
    -1.64214207E-002     2.49922685E-003
    -1.63705687E-002     2.54980552E-003
    -1.63197166E-002     2.60128367E-003
    -1.62688646E-002     2.65367720E-003
    -1.62180125E-002     2.70699655E-003
    -1.61671605E-002     2.76125704E-003
    -1.61163084E-002     2.81647249E-003
    -1.60654564E-002     2.87265511E-003
    -1.60146044E-002     2.92982177E-003
    -1.59637523E-002     2.98798359E-003
    -1.59129003E-002     3.04715632E-003
    -1.58620482E-002     3.10735496E-003
    -1.58111962E-002     3.16859202E-003
    -1.57603441E-002     3.23088522E-003
    -1.57094921E-002     3.29424654E-003
    -1.56586400E-002     3.35869204E-003
    -1.56077880E-002     3.42423796E-003
    -1.55569359E-002     3.49089706E-003
    -1.55060839E-002     3.55868790E-003
    -1.54552318E-002     3.62762343E-003
    -1.54043798E-002     3.69771996E-003
    -1.53535278E-002     3.76899494E-003
    -1.53026757E-002     3.84146142E-003
    -1.52518237E-002     3.91513872E-003
    -1.52009716E-002     3.99004087E-003
    -1.51501196E-002     4.06618437E-003
    -1.50992675E-002     4.14358791E-003
    -1.50484155E-002     4.22226481E-003
    -1.49975634E-002     4.30223503E-003
    -1.49467114E-002     4.38351382E-003
    -1.48958593E-002     4.46611783E-003
    -1.48450073E-002     4.55006697E-003
    -1.47941552E-002     4.63537490E-003
    -1.47433032E-002     4.72206203E-003
    -1.46924511E-002     4.81014497E-003
    -1.46415991E-002     4.89964043E-003
    -1.45907471E-002     4.99056950E-003
    -1.45398950E-002     5.08294628E-003
    -1.44890430E-002     5.17679159E-003
    -1.44381909E-002     5.27212335E-003
    -1.43873389E-002     5.36895834E-003
    -1.43364868E-002     5.46731866E-003
    -1.42856348E-002     5.56721902E-003
    -1.42347827E-002     5.66868056E-003
    -1.41839307E-002     5.77172251E-003
    -1.41330786E-002     5.87636171E-003
    -1.40822266E-002     5.98262114E-003
    -1.40313745E-002     6.09051626E-003
    -1.39805225E-002     6.20006842E-003
    -1.39296705E-002     6.31129806E-003
    -1.38788184E-002     6.42422216E-003
    -1.38279664E-002     6.53886446E-003
    -1.37771143E-002     6.65524130E-003
    -1.37262623E-002     6.77337406E-003
    -1.36754102E-002     6.89328444E-003
    -1.36245582E-002     7.01498947E-003
    -1.35737061E-002     7.13851355E-003
    -1.35228541E-002     7.26387401E-003
    -1.34720020E-002     7.39109219E-003
    -1.34211500E-002     7.52019097E-003
    -1.33702979E-002     7.65118744E-003
    -1.33194459E-002     7.78410647E-003
    -1.32685939E-002     7.91896651E-003
    -1.32177418E-002     8.05578876E-003
    -1.31668898E-002     8.19459721E-003
    -1.31160377E-002     8.33540901E-003
    -1.30651857E-002     8.47824936E-003
    -1.30143336E-002     8.62313791E-003
    -1.29634816E-002     8.77009560E-003
    -1.29126295E-002     8.91914743E-003
    -1.28617775E-002     9.07031070E-003
    -1.28109254E-002     9.22361073E-003
    -1.27600734E-002     9.37906840E-003
    -1.27092213E-002     9.53670433E-003
    -1.26583693E-002     9.69654438E-003
    -1.26075173E-002     9.85860612E-003
    -1.25566652E-002     1.00229148E-002
    -1.25058132E-002     1.01894924E-002
    -1.24549611E-002     1.03583594E-002
    -1.24041091E-002     1.05295421E-002
    -1.23532570E-002     1.07030586E-002
    -1.23024050E-002     1.08789340E-002
    -1.22515529E-002     1.10571911E-002
    -1.22007009E-002     1.12378502E-002
    -1.21498488E-002     1.14209381E-002
    -1.20989968E-002     1.16064733E-002
    -1.20481447E-002     1.17944805E-002
    -1.19972927E-002     1.19849836E-002
    -1.19464406E-002     1.21780024E-002
    -1.18955886E-002     1.23735640E-002
    -1.18447366E-002     1.25716875E-002
    -1.17938845E-002     1.27723971E-002
    -1.17430325E-002     1.29757176E-002
    -1.16921804E-002     1.31816682E-002
    -1.16413284E-002     1.33902763E-002
    -1.15904763E-002     1.36015614E-002
    -1.15396243E-002     1.38155473E-002
    -1.14887722E-002     1.40322592E-002
    -1.14379202E-002     1.42517162E-002
    -1.13870681E-002     1.44739452E-002
    -1.13362161E-002     1.46989667E-002
    -1.12853640E-002     1.49268036E-002
    -1.12345120E-002     1.51574816E-002
    -1.11836600E-002     1.53910193E-002
    -1.11328079E-002     1.56274434E-002
    -1.10819559E-002     1.58667750E-002
    -1.10311038E-002     1.61090361E-002
    -1.09802518E-002     1.63542527E-002
    -1.09293997E-002     1.66024432E-002
    -1.08785477E-002     1.68536334E-002
    -1.08276956E-002     1.71078451E-002
    -1.07768436E-002     1.73650995E-002
    -1.07259915E-002     1.76254226E-002
    -1.06751395E-002     1.78888324E-002
    -1.06242874E-002     1.81553540E-002
    -1.05734354E-002     1.84250096E-002
    -1.05225834E-002     1.86978194E-002
    -1.04717313E-002     1.89738092E-002
    -1.04208793E-002     1.92529967E-002
    -1.03700272E-002     1.95354063E-002
    -1.03191752E-002     1.98210602E-002
    -1.02683231E-002     2.01099776E-002
    -1.02174711E-002     2.04021837E-002
    -1.01666190E-002     2.06976964E-002
    -1.01157670E-002     2.09965386E-002
    -1.00649149E-002     2.12987327E-002
    -1.00140629E-002     2.16042967E-002
    -9.96321084E-003     2.19132553E-002
    -9.91235880E-003     2.22256260E-002
    -9.86150675E-003     2.25414305E-002
    -9.81065471E-003     2.28606909E-002
    -9.75980266E-003     2.31834244E-002
    -9.70895061E-003     2.35096543E-002
    -9.65809857E-003     2.38393982E-002
    -9.60724652E-003     2.41726764E-002
    -9.55639447E-003     2.45095103E-002
    -9.50554243E-003     2.48499160E-002
    -9.45469038E-003     2.51939158E-002
    -9.40383834E-003     2.55415269E-002
    -9.35298629E-003     2.58927680E-002
    -9.30213424E-003     2.62476599E-002
    -9.25128220E-003     2.66062174E-002
    -9.20043015E-003     2.69684615E-002
    -9.14957810E-003     2.73344090E-002
    -9.09872606E-003     2.77040768E-002
    -9.04787401E-003     2.80774848E-002
    -8.99702197E-003     2.84546467E-002
    -8.94616992E-003     2.88355818E-002
    -8.89531787E-003     2.92203063E-002
    -8.84446583E-003     2.96088354E-002
    -8.79361378E-003     3.00011876E-002
    -8.74276173E-003     3.03973756E-002
    -8.69190969E-003     3.07974169E-002
    -8.64105764E-003     3.12013267E-002
    -8.59020560E-003     3.16091186E-002
    -8.53935355E-003     3.20208092E-002
    -8.48850150E-003     3.24364105E-002
    -8.43764946E-003     3.28559377E-002
    -8.38679741E-003     3.32794049E-002
    -8.33594536E-003     3.37068240E-002
    -8.28509332E-003     3.41382096E-002
    -8.23424127E-003     3.45735727E-002
    -8.18338922E-003     3.50129263E-002
    -8.13253718E-003     3.54562829E-002
    -8.08168513E-003     3.59036527E-002
    -8.03083309E-003     3.63550482E-002
    -7.97998104E-003     3.68104791E-002
    -7.92912899E-003     3.72699562E-002
    -7.87827695E-003     3.77334903E-002
    -7.82742490E-003     3.82010894E-002
    -7.77657285E-003     3.86727640E-002
    -7.72572081E-003     3.91485223E-002
    -7.67486876E-003     3.96283728E-002
    -7.62401672E-003     4.01123241E-002
    -7.57316467E-003     4.06003823E-002
    -7.52231262E-003     4.10925557E-002
    -7.47146058E-003     4.15888505E-002
    -7.42060853E-003     4.20892730E-002
    -7.36975648E-003     4.25938293E-002
    -7.31890444E-003     4.31025238E-002
    -7.26805239E-003     4.36153619E-002
    -7.21720035E-003     4.41323480E-002
    -7.16634830E-003     4.46534860E-002
    -7.11549625E-003     4.51787792E-002
    -7.06464421E-003     4.57082302E-002
    -7.01379216E-003     4.62418415E-002
    -6.96294011E-003     4.67796155E-002
    -6.91208807E-003     4.73215533E-002
    -6.86123602E-003     4.78676556E-002
    -6.81038398E-003     4.84179227E-002
    -6.75953193E-003     4.89723546E-002
    -6.70867988E-003     4.95309507E-002
    -6.65782784E-003     5.00937100E-002
    -6.60697579E-003     5.06606298E-002
    -6.55612374E-003     5.12317085E-002
    -6.50527170E-003     5.18069430E-002
    -6.45441965E-003     5.23863300E-002
    -6.40356761E-003     5.29698657E-002
    -6.35271556E-003     5.35575444E-002
    -6.30186351E-003     5.41493620E-002
    -6.25101147E-003     5.47453127E-002
    -6.20015942E-003     5.53453897E-002
    -6.14930737E-003     5.59495868E-002
    -6.09845533E-003     5.65578949E-002
    -6.04760328E-003     5.71703075E-002
    -5.99675123E-003     5.77868156E-002
    -5.94589919E-003     5.84074090E-002
    -5.89504714E-003     5.90320790E-002
    -5.84419510E-003     5.96608131E-002
    -5.79334305E-003     6.02936017E-002
    -5.74249100E-003     6.09304331E-002
    -5.69163896E-003     6.15712933E-002
    -5.64078691E-003     6.22161710E-002
    -5.58993486E-003     6.28650502E-002
    -5.53908282E-003     6.35179183E-002
    -5.48823077E-003     6.41747604E-002
    -5.43737873E-003     6.48355587E-002
    -5.38652668E-003     6.55002991E-002
    -5.33567463E-003     6.61689626E-002
    -5.28482259E-003     6.68415325E-002
    -5.23397054E-003     6.75179915E-002
    -5.18311849E-003     6.81983172E-002
    -5.13226645E-003     6.88824932E-002
    -5.08141440E-003     6.95704969E-002
    -5.03056236E-003     7.02623079E-002
    -4.97971031E-003     7.09579057E-002
    -4.92885826E-003     7.16572641E-002
    -4.87800622E-003     7.23603636E-002
    -4.82715417E-003     7.30671783E-002
    -4.77630212E-003     7.37776836E-002
    -4.72545008E-003     7.44918562E-002
    -4.67459803E-003     7.52096657E-002
    -4.62374599E-003     7.59310896E-002
    -4.57289394E-003     7.66560986E-002
    -4.52204189E-003     7.73846638E-002
    -4.47118985E-003     7.81167589E-002
    -4.42033780E-003     7.88523495E-002
    -4.36948575E-003     7.95914097E-002
    -4.31863371E-003     8.03339071E-002
    -4.26778166E-003     8.10798081E-002
    -4.21692962E-003     8.18290836E-002
    -4.16607757E-003     8.25816953E-002
    -4.11522552E-003     8.33376134E-002
    -4.06437348E-003     8.40968025E-002
    -4.01352143E-003     8.48592244E-002
    -3.96266938E-003     8.56248471E-002
    -3.91181734E-003     8.63936283E-002
    -3.86096529E-003     8.71655344E-002
    -3.81011324E-003     8.79405269E-002
    -3.75926120E-003     8.87185627E-002
    -3.70840915E-003     8.94996073E-002
    -3.65755711E-003     9.02836145E-002
    -3.60670506E-003     9.10705463E-002
    -3.55585301E-003     9.18603615E-002
    -3.50500097E-003     9.26530120E-002
    -3.45414892E-003     9.34484605E-002
    -3.40329687E-003     9.42466575E-002
    -3.35244483E-003     9.50475601E-002
    -3.30159278E-003     9.58511245E-002
    -3.25074074E-003     9.66572978E-002
    -3.19988869E-003     9.74660396E-002
    -3.14903664E-003     9.82772973E-002
    -3.09818460E-003     9.90910232E-002
    -3.04733255E-003     9.99071707E-002
    -2.99648050E-003     1.00725682E-001
    -2.94562846E-003     1.01546515E-001
    -2.89477641E-003     1.02369612E-001
    -2.84392437E-003     1.03194922E-001
    -2.79307232E-003     1.04022394E-001
    -2.74222027E-003     1.04851968E-001
    -2.69136823E-003     1.05683597E-001
    -2.64051618E-003     1.06517221E-001
    -2.58966413E-003     1.07352783E-001
    -2.53881209E-003     1.08190232E-001
    -2.48796004E-003     1.09029502E-001
    -2.43710800E-003     1.09870541E-001
    -2.38625595E-003     1.10713290E-001
    -2.33540390E-003     1.11557685E-001
    -2.28455186E-003     1.12403671E-001
    -2.23369981E-003     1.13251181E-001
    -2.18284776E-003     1.14100158E-001
    -2.13199572E-003     1.14950540E-001
    -2.08114367E-003     1.15802258E-001
    -2.03029163E-003     1.16655257E-001
    -1.97943958E-003     1.17509463E-001
    -1.92858753E-003     1.18364818E-001
    -1.87773549E-003     1.19221256E-001
    -1.82688344E-003     1.20078704E-001
    -1.77603139E-003     1.20937104E-001
    -1.72517935E-003     1.21796380E-001
    -1.67432730E-003     1.22656469E-001
    -1.62347525E-003     1.23517302E-001
    -1.57262321E-003     1.24378803E-001
    -1.52177116E-003     1.25240912E-001
    -1.47091912E-003     1.26103548E-001
    -1.42006707E-003     1.26966646E-001
    -1.36921502E-003     1.27830134E-001
    -1.31836298E-003     1.28693932E-001
    -1.26751093E-003     1.29557976E-001
    -1.21665888E-003     1.30422187E-001
    -1.16580684E-003     1.31286491E-001
    -1.11495479E-003     1.32150816E-001
    -1.06410275E-003     1.33015080E-001
    -1.01325070E-003     1.33879214E-001
    -9.62398653E-004     1.34743137E-001
    -9.11546607E-004     1.35606771E-001
    -8.60694561E-004     1.36470045E-001
    -8.09842514E-004     1.37332870E-001
    -7.58990468E-004     1.38195176E-001
    -7.08138422E-004     1.39056881E-001
    -6.57286376E-004     1.39917902E-001
    -6.06434329E-004     1.40778165E-001
    -5.55582283E-004     1.41637581E-001
    -5.04730237E-004     1.42496076E-001
    -4.53878191E-004     1.43353567E-001
    -4.03026144E-004     1.44209966E-001
    -3.52174098E-004     1.45065200E-001
    -3.01322052E-004     1.45919174E-001
    -2.50470005E-004     1.46771814E-001
    -1.99617959E-004     1.47623034E-001
    -1.48765913E-004     1.48472745E-001
    -9.79138666E-005     1.49320870E-001
    -4.70618203E-005     1.50167315E-001
     3.79022598E-006     1.51012000E-001
     5.46422723E-005     1.51854841E-001
     1.05494319E-004     1.52695743E-001
     1.56346365E-004     1.53534630E-001
     2.07198411E-004     1.54371406E-001
     2.58050457E-004     1.55205988E-001
     3.08902504E-004     1.56038291E-001
     3.59754550E-004     1.56868218E-001
     4.10606596E-004     1.57695692E-001
     4.61458642E-004     1.58520616E-001
     5.12310689E-004     1.59342903E-001
     5.63162735E-004     1.60162469E-001
     6.14014781E-004     1.60979215E-001
     6.64866828E-004     1.61793062E-001
     7.15718874E-004     1.62603913E-001
     7.66570920E-004     1.63411678E-001
     8.17422966E-004     1.64216274E-001
     8.68275013E-004     1.65017598E-001
     9.19127059E-004     1.65815572E-001
     9.69979105E-004     1.66610098E-001
     1.02083115E-003     1.67401085E-001
     1.07168320E-003     1.68188448E-001
     1.12253524E-003     1.68972086E-001
     1.17338729E-003     1.69751916E-001
     1.22423934E-003     1.70527843E-001
     1.27509138E-003     1.71299774E-001
     1.32594343E-003     1.72067622E-001
     1.37679548E-003     1.72831288E-001
     1.42764752E-003     1.73590687E-001
     1.47849957E-003     1.74345725E-001
     1.52935161E-003     1.75096307E-001
     1.58020366E-003     1.75842347E-001
     1.63105571E-003     1.76583746E-001
     1.68190775E-003     1.77320417E-001
     1.73275980E-003     1.78052268E-001
     1.78361185E-003     1.78779202E-001
     1.83446389E-003     1.79501136E-001
     1.88531594E-003     1.80217968E-001
     1.93616798E-003     1.80929614E-001
     1.98702003E-003     1.81635980E-001
     2.03787208E-003     1.82336971E-001
     2.08872412E-003     1.83032502E-001
     2.13957617E-003     1.83722476E-001
     2.19042822E-003     1.84406805E-001
     2.24128026E-003     1.85085398E-001
     2.29213231E-003     1.85758159E-001
     2.34298435E-003     1.86425006E-001
     2.39383640E-003     1.87085841E-001
     2.44468845E-003     1.87740577E-001
     2.49554049E-003     1.88389126E-001
     2.54639254E-003     1.89031390E-001
     2.59724459E-003     1.89667290E-001
     2.64809663E-003     1.90296729E-001
     2.69894868E-003     1.90919621E-001
     2.74980073E-003     1.91535878E-001
     2.80065277E-003     1.92145407E-001
     2.85150482E-003     1.92748126E-001
     2.90235686E-003     1.93343944E-001
     2.95320891E-003     1.93932771E-001
     3.00406096E-003     1.94514526E-001
     3.05491300E-003     1.95089116E-001
     3.10576505E-003     1.95656459E-001
     3.15661710E-003     1.96216467E-001
     3.20746914E-003     1.96769054E-001
     3.25832119E-003     1.97314138E-001
     3.30917323E-003     1.97851628E-001
     3.36002528E-003     1.98381447E-001
     3.41087733E-003     1.98903508E-001
     3.46172937E-003     1.99417724E-001
     3.51258142E-003     1.99924020E-001
     3.56343347E-003     2.00422307E-001
     3.61428551E-003     2.00912507E-001
     3.66513756E-003     2.01394538E-001
     3.71598960E-003     2.01868317E-001
     3.76684165E-003     2.02333769E-001
     3.81769370E-003     2.02790808E-001
     3.86854574E-003     2.03239360E-001
     3.91939779E-003     2.03679346E-001
     3.97024984E-003     2.04110684E-001
     4.02110188E-003     2.04533303E-001
     4.07195393E-003     2.04947123E-001
     4.12280597E-003     2.05352069E-001
     4.17365802E-003     2.05748068E-001
     4.22451007E-003     2.06135040E-001
     4.27536211E-003     2.06512918E-001
     4.32621416E-003     2.06881625E-001
     4.37706621E-003     2.07241088E-001
     4.42791825E-003     2.07591240E-001
     4.47877030E-003     2.07932004E-001
     4.52962234E-003     2.08263317E-001
     4.58047439E-003     2.08585105E-001
     4.63132644E-003     2.08897299E-001
     4.68217848E-003     2.09199836E-001
     4.73303053E-003     2.09492643E-001
     4.78388258E-003     2.09775660E-001
     4.83473462E-003     2.10048819E-001
     4.88558667E-003     2.10312055E-001
     4.93643871E-003     2.10565307E-001
     4.98729076E-003     2.10808509E-001
     5.03814281E-003     2.11041603E-001
     5.08899485E-003     2.11264527E-001
     5.13984690E-003     2.11477219E-001
     5.19069895E-003     2.11679624E-001
     5.24155099E-003     2.11871680E-001
     5.29240304E-003     2.12053334E-001
     5.34325509E-003     2.12224528E-001
     5.39410713E-003     2.12385205E-001
     5.44495918E-003     2.12535314E-001
     5.49581122E-003     2.12674801E-001
     5.54666327E-003     2.12803614E-001
     5.59751532E-003     2.12921701E-001
     5.64836736E-003     2.13029012E-001
     5.69921941E-003     2.13125500E-001
     5.75007146E-003     2.13211115E-001
     5.80092350E-003     2.13285811E-001
     5.85177555E-003     2.13349543E-001
     5.90262759E-003     2.13402263E-001
     5.95347964E-003     2.13443932E-001
     6.00433169E-003     2.13474504E-001
     6.05518373E-003     2.13493939E-001
     6.10603578E-003     2.13502196E-001
     6.15688783E-003     2.13499236E-001
     6.20773987E-003     2.13485023E-001
     6.25859192E-003     2.13459518E-001
     6.30944396E-003     2.13422684E-001
     6.36029601E-003     2.13374489E-001
     6.41114806E-003     2.13314899E-001
     6.46200010E-003     2.13243882E-001
     6.51285215E-003     2.13161406E-001
     6.56370420E-003     2.13067441E-001
     6.61455624E-003     2.12961960E-001
     6.66540829E-003     2.12844935E-001
     6.71626033E-003     2.12716340E-001
     6.76711238E-003     2.12576150E-001
     6.81796443E-003     2.12424340E-001
     6.86881647E-003     2.12260889E-001
     6.91966852E-003     2.12085776E-001
     6.97052057E-003     2.11898982E-001
     7.02137261E-003     2.11700485E-001
     7.07222466E-003     2.11490270E-001
     7.12307670E-003     2.11268321E-001
     7.17392875E-003     2.11034624E-001
     7.22478080E-003     2.10789165E-001
     7.27563284E-003     2.10531930E-001
     7.32648489E-003     2.10262909E-001
     7.37733694E-003     2.09982093E-001
     7.42818898E-003     2.09689475E-001
     7.47904103E-003     2.09385047E-001
     7.52989308E-003     2.09068802E-001
     7.58074512E-003     2.08740737E-001
     7.63159717E-003     2.08400850E-001
     7.68244921E-003     2.08049139E-001
     7.73330126E-003     2.07685604E-001
     7.78415331E-003     2.07310243E-001
     7.83500535E-003     2.06923063E-001
     7.88585740E-003     2.06524066E-001
     7.93670945E-003     2.06113258E-001
     7.98756149E-003     2.05690644E-001
     8.03841354E-003     2.05256232E-001
     8.08926558E-003     2.04810034E-001
     8.14011763E-003     2.04352059E-001
     8.19096968E-003     2.03882319E-001
     8.24182172E-003     2.03400828E-001
     8.29267377E-003     2.02907599E-001
     8.34352582E-003     2.02402651E-001
     8.39437786E-003     2.01886001E-001
     8.44522991E-003     2.01357668E-001
     8.49608195E-003     2.00817672E-001
     8.54693400E-003     2.00266033E-001
     8.59778605E-003     1.99702779E-001
     8.64863809E-003     1.99127932E-001
     8.69949014E-003     1.98541517E-001
     8.75034219E-003     1.97943563E-001
     8.80119423E-003     1.97334097E-001
     8.85204628E-003     1.96713152E-001
     8.90289832E-003     1.96080759E-001
     8.95375037E-003     1.95436949E-001
     9.00460242E-003     1.94781759E-001
     9.05545446E-003     1.94115222E-001
     9.10630651E-003     1.93437379E-001
     9.15715856E-003     1.92748267E-001
     9.20801060E-003     1.92047923E-001
     9.25886265E-003     1.91336393E-001
     9.30971469E-003     1.90613717E-001
     9.36056674E-003     1.89879942E-001
     9.41141879E-003     1.89135111E-001
     9.46227083E-003     1.88379270E-001
     9.51312288E-003     1.87612471E-001
     9.56397493E-003     1.86834761E-001
     9.61482697E-003     1.86046194E-001
     9.66567902E-003     1.85246819E-001
     9.71653107E-003     1.84436691E-001
     9.76738311E-003     1.83615866E-001
     9.81823516E-003     1.82784401E-001
     9.86908720E-003     1.81942354E-001
     9.91993925E-003     1.81089782E-001
     9.97079130E-003     1.80226747E-001
     1.00216433E-002     1.79353312E-001
     1.00724954E-002     1.78469540E-001
     1.01233474E-002     1.77575496E-001
     1.01741995E-002     1.76671244E-001
     1.02250515E-002     1.75756852E-001
     1.02759036E-002     1.74832391E-001
     1.03267556E-002     1.73897929E-001
     1.03776077E-002     1.72953538E-001
     1.04284597E-002     1.71999289E-001
     1.04793118E-002     1.71035256E-001
     1.05301638E-002     1.70061519E-001
     1.05810159E-002     1.69078148E-001
     1.06318679E-002     1.68085224E-001
     1.06827199E-002     1.67082826E-001
     1.07335720E-002     1.66071031E-001
     1.07844240E-002     1.65049927E-001
     1.08352761E-002     1.64019591E-001
     1.08861281E-002     1.62980108E-001
     1.09369802E-002     1.61931565E-001
     1.09878322E-002     1.60874046E-001
     1.10386843E-002     1.59807642E-001
     1.10895363E-002     1.58732440E-001
     1.11403884E-002     1.57648527E-001
     1.11912404E-002     1.56556000E-001
     1.12420925E-002     1.55454946E-001
     1.12929445E-002     1.54345463E-001
     1.13437965E-002     1.53227643E-001
     1.13946486E-002     1.52101580E-001
     1.14455006E-002     1.50967376E-001
     1.14963527E-002     1.49825125E-001
     1.15472047E-002     1.48674929E-001
     1.15980568E-002     1.47516886E-001
     1.16489088E-002     1.46351097E-001
     1.16997609E-002     1.45177667E-001
     1.17506129E-002     1.43996697E-001
     1.18014650E-002     1.42808294E-001
     1.18523170E-002     1.41612561E-001
     1.19031691E-002     1.40409604E-001
     1.19540211E-002     1.39199536E-001
     1.20048731E-002     1.37982460E-001
     1.20557252E-002     1.36758489E-001
     1.21065772E-002     1.35527731E-001
     1.21574293E-002     1.34290298E-001
     1.22082813E-002     1.33046306E-001
     1.22591334E-002     1.31795864E-001
     1.23099854E-002     1.30539088E-001
     1.23608375E-002     1.29276095E-001
     1.24116895E-002     1.28006997E-001
     1.24625416E-002     1.26731917E-001
     1.25133936E-002     1.25450968E-001
     1.25642457E-002     1.24164271E-001
     1.26150977E-002     1.22871945E-001
     1.26659497E-002     1.21574110E-001
     1.27168018E-002     1.20270890E-001
     1.27676538E-002     1.18962404E-001
     1.28185059E-002     1.17648775E-001
     1.28693579E-002     1.16330129E-001
     1.29202100E-002     1.15006588E-001
     1.29710620E-002     1.13678280E-001
     1.30219141E-002     1.12345327E-001
     1.30727661E-002     1.11007858E-001
     1.31236182E-002     1.09666001E-001
     1.31744702E-002     1.08319881E-001
     1.32253223E-002     1.06969630E-001
     1.32761743E-002     1.05615376E-001
     1.33270264E-002     1.04257246E-001
     1.33778784E-002     1.02895375E-001
     1.34287304E-002     1.01529891E-001
     1.34795825E-002     1.00160928E-001
     1.35304345E-002     9.87886162E-002
     1.35812866E-002     9.74130876E-002
     1.36321386E-002     9.60344792E-002
     1.36829907E-002     9.46529206E-002
     1.37338427E-002     9.32685492E-002
     1.37846948E-002     9.18814983E-002
     1.38355468E-002     9.04919017E-002
     1.38863989E-002     8.90998990E-002
     1.39372509E-002     8.77056222E-002
     1.39881030E-002     8.63092103E-002
     1.40389550E-002     8.49107995E-002
     1.40898070E-002     8.35105252E-002
     1.41406591E-002     8.21085288E-002
     1.41915111E-002     8.07049447E-002
     1.42423632E-002     7.92999127E-002
     1.42932152E-002     7.78935717E-002
     1.43440673E-002     7.64860581E-002
     1.43949193E-002     7.50775149E-002
     1.44457714E-002     7.36680779E-002
     1.44966234E-002     7.22578880E-002
     1.45474755E-002     7.08470858E-002
     1.45983275E-002     6.94358084E-002
     1.46491796E-002     6.80241998E-002
     1.47000316E-002     6.66123971E-002
     1.47508836E-002     6.52005415E-002
     1.48017357E-002     6.37887748E-002
     1.48525877E-002     6.23772347E-002
     1.49034398E-002     6.09660653E-002
     1.49542918E-002     5.95554049E-002
     1.50051439E-002     5.81453943E-002
     1.50559959E-002     5.67361762E-002
     1.51068480E-002     5.53278882E-002
     1.51577000E-002     5.39206742E-002
     1.52085521E-002     5.25146731E-002
     1.52594041E-002     5.11100250E-002
     1.53102562E-002     4.97068729E-002
     1.53611082E-002     4.83053539E-002
     1.54119602E-002     4.69056112E-002
     1.54628123E-002     4.55077838E-002
     1.55136643E-002     4.41120108E-002
     1.55645164E-002     4.27184346E-002
     1.56153684E-002     4.13271916E-002
     1.56662205E-002     3.99384239E-002
     1.57170725E-002     3.85522701E-002
     1.57679246E-002     3.71688675E-002
     1.58187766E-002     3.57883578E-002
     1.58696287E-002     3.44108762E-002
     1.59204807E-002     3.30365631E-002
     1.59713328E-002     3.16655560E-002
     1.60221848E-002     3.02979906E-002
     1.60730368E-002     2.89340066E-002
     1.61238889E-002     2.75737381E-002
     1.61747409E-002     2.62173229E-002
     1.62255930E-002     2.48648975E-002
     1.62764450E-002     2.35165950E-002
     1.63272971E-002     2.21725529E-002
     1.63781491E-002     2.08329035E-002
     1.64290012E-002     1.94977821E-002
     1.64798532E-002     1.81673230E-002
     1.65307053E-002     1.68416564E-002
     1.65815573E-002     1.55209176E-002
     1.66324094E-002     1.42052363E-002
     1.66832614E-002     1.28947447E-002
     1.67341135E-002     1.15895745E-002
     1.67849655E-002     1.02898530E-002
     1.68358175E-002     8.99571204E-003
     1.68866696E-002     7.70727899E-003
     1.69375216E-002     6.42468221E-003
     1.69883737E-002     5.14805028E-003
     1.70392257E-002     3.87750705E-003
     1.70900778E-002     2.61318084E-003
     1.71409298E-002     1.35519593E-003
     1.71917819E-002     1.03676456E-004
     1.72426339E-002    -1.14125257E-003
     1.72934860E-002    -2.37947108E-003
     1.73443380E-002    -3.61085482E-003
     1.73951901E-002    -4.83528300E-003
     1.74460421E-002    -6.05263616E-003
     1.74968941E-002    -7.26279337E-003
     1.75477462E-002    -8.46563857E-003
     1.75985982E-002    -9.66105204E-003
     1.76494503E-002    -1.08489171E-002
     1.77003023E-002    -1.20291191E-002
     1.77511544E-002    -1.32015419E-002
     1.78020064E-002    -1.43660737E-002
     1.78528585E-002    -1.55225996E-002
     1.79037105E-002    -1.66710077E-002
     1.79545626E-002    -1.78111885E-002
     1.80054146E-002    -1.89430309E-002
     1.80562667E-002    -2.00664278E-002
     1.81071187E-002    -2.11812697E-002
     1.81579707E-002    -2.22874495E-002
     1.82088228E-002    -2.33848638E-002
     1.82596748E-002    -2.44734064E-002
     1.83105269E-002    -2.55529753E-002
     1.83613789E-002    -2.66234670E-002
     1.84122310E-002    -2.76847799E-002
     1.84630830E-002    -2.87368162E-002
     1.85139351E-002    -2.97794756E-002
     1.85647871E-002    -3.08126615E-002
     1.86156392E-002    -3.18362766E-002
     1.86664912E-002    -3.28502252E-002
     1.87173433E-002    -3.38544156E-002
     1.87681953E-002    -3.48487534E-002
     1.88190473E-002    -3.58331479E-002
     1.88698994E-002    -3.68075084E-002
     1.89207514E-002    -3.77717455E-002
     1.89716035E-002    -3.87257737E-002
     1.90224555E-002    -3.96695051E-002
     1.90733076E-002    -4.06028549E-002
     1.91241596E-002    -4.15257396E-002
     1.91750117E-002    -4.24380762E-002
     1.92258637E-002    -4.33397858E-002
     1.92767158E-002    -4.42307872E-002
     1.93275678E-002    -4.51110020E-002
     1.93784199E-002    -4.59803539E-002
     1.94292719E-002    -4.68387669E-002
     1.94801240E-002    -4.76861687E-002
     1.95309760E-002    -4.85224851E-002
     1.95818280E-002    -4.93476445E-002
     1.96326801E-002    -5.01615782E-002
     1.96835321E-002    -5.09642172E-002
     1.97343842E-002    -5.17554961E-002
     1.97852362E-002    -5.25353480E-002
     1.98360883E-002    -5.33037083E-002
     1.98869403E-002    -5.40605161E-002
     1.99377924E-002    -5.48057098E-002
     1.99886444E-002    -5.55392308E-002
     2.00394965E-002    -5.62610198E-002
     2.00903485E-002    -5.69710200E-002
     2.01412006E-002    -5.76691778E-002
     2.01920526E-002    -5.83554394E-002
     2.02429046E-002    -5.90297533E-002
     2.02937567E-002    -5.96920681E-002
     2.03446087E-002    -6.03423347E-002
     2.03954608E-002    -6.09805073E-002
     2.04463128E-002    -6.16065396E-002
     2.04971649E-002    -6.22203878E-002
     2.05480169E-002    -6.28220084E-002
     2.05988690E-002    -6.34113602E-002
     2.06497210E-002    -6.39884054E-002
     2.07005731E-002    -6.45531053E-002
     2.07514251E-002    -6.51054238E-002
     2.08022772E-002    -6.56453257E-002
     2.08531292E-002    -6.61727777E-002
     2.09039812E-002    -6.66877501E-002
     2.09548333E-002    -6.71902119E-002
     2.10056853E-002    -6.76801349E-002
     2.10565374E-002    -6.81574921E-002
     2.11073894E-002    -6.86222587E-002
     2.11582415E-002    -6.90744126E-002
     2.12090935E-002    -6.95139310E-002
     2.12599456E-002    -6.99407933E-002
     2.13107976E-002    -7.03549814E-002
     2.13616497E-002    -7.07564784E-002
     2.14125017E-002    -7.11452703E-002
     2.14633538E-002    -7.15213421E-002
     2.15142058E-002    -7.18846816E-002
     2.15650578E-002    -7.22352790E-002
     2.16159099E-002    -7.25731257E-002
     2.16667619E-002    -7.28982154E-002
     2.17176140E-002    -7.32105416E-002
     2.17684660E-002    -7.35101000E-002
     2.18193181E-002    -7.37968893E-002
     2.18701701E-002    -7.40709091E-002
     2.19210222E-002    -7.43321610E-002
     2.19718742E-002    -7.45806467E-002
     2.20227263E-002    -7.48163702E-002
     2.20735783E-002    -7.50393385E-002
     2.21244304E-002    -7.52495592E-002
     2.21752824E-002    -7.54470420E-002
     2.22261344E-002    -7.56317967E-002
     2.22769865E-002    -7.58038357E-002
     2.23278385E-002    -7.59631741E-002
     2.23786906E-002    -7.61098276E-002
     2.24295426E-002    -7.62438137E-002
     2.24803947E-002    -7.63651505E-002
     2.25312467E-002    -7.64738585E-002
     2.25820988E-002    -7.65699611E-002
     2.26329508E-002    -7.66534818E-002
     2.26838029E-002    -7.67244458E-002
     2.27346549E-002    -7.67828797E-002
     2.27855070E-002    -7.68288120E-002
     2.28363590E-002    -7.68622740E-002
     2.28872111E-002    -7.68832969E-002
     2.29380631E-002    -7.68919137E-002
     2.29889151E-002    -7.68881593E-002
     2.30397672E-002    -7.68720701E-002
     2.30906192E-002    -7.68436851E-002
     2.31414713E-002    -7.68030432E-002
     2.31923233E-002    -7.67501852E-002
     2.32431754E-002    -7.66851538E-002
     2.32940274E-002    -7.66079934E-002
     2.33448795E-002    -7.65187503E-002
     2.33957315E-002    -7.64174713E-002
     2.34465836E-002    -7.63042045E-002
     2.34974356E-002    -7.61790005E-002
     2.35482877E-002    -7.60419113E-002
     2.35991397E-002    -7.58929907E-002
     2.36499917E-002    -7.57322925E-002
     2.37008438E-002    -7.55598727E-002
     2.37516958E-002    -7.53757892E-002
     2.38025479E-002    -7.51801015E-002
     2.38533999E-002    -7.49728704E-002
     2.39042520E-002    -7.47541571E-002
     2.39551040E-002    -7.45240248E-002
     2.40059561E-002    -7.42825388E-002
     2.40568081E-002    -7.40297654E-002
     2.41076602E-002    -7.37657726E-002
     2.41585122E-002    -7.34906287E-002
     2.42093643E-002    -7.32044037E-002
     2.42602163E-002    -7.29071701E-002
     2.43110683E-002    -7.25990011E-002
     2.43619204E-002    -7.22799711E-002
     2.44127724E-002    -7.19501555E-002
     2.44636245E-002    -7.16096311E-002
     2.45144765E-002    -7.12584769E-002
     2.45653286E-002    -7.08967729E-002
     2.46161806E-002    -7.05245997E-002
     2.46670327E-002    -7.01420393E-002
     2.47178847E-002    -6.97491752E-002
     2.47687368E-002    -6.93460928E-002
     2.48195888E-002    -6.89328780E-002
     2.48704409E-002    -6.85096179E-002
     2.49212929E-002    -6.80764007E-002
     2.49721449E-002    -6.76333161E-002
     2.50229970E-002    -6.71804556E-002
     2.50738490E-002    -6.67179109E-002
     2.51247011E-002    -6.62457751E-002
     2.51755531E-002    -6.57641423E-002
     2.52264052E-002    -6.52731082E-002
     2.52772572E-002    -6.47727698E-002
     2.53281093E-002    -6.42632247E-002
     2.53789613E-002    -6.37445712E-002
     2.54298134E-002    -6.32169093E-002
     2.54806654E-002    -6.26803400E-002
     2.55315175E-002    -6.21349659E-002
     2.55823695E-002    -6.15808897E-002
     2.56332216E-002    -6.10182150E-002
     2.56840736E-002    -6.04470470E-002
     2.57349256E-002    -5.98674921E-002
     2.57857777E-002    -5.92796575E-002
     2.58366297E-002    -5.86836509E-002
     2.58874818E-002    -5.80795809E-002
     2.59383338E-002    -5.74675576E-002
     2.59891859E-002    -5.68476920E-002
     2.60400379E-002    -5.62200959E-002
     2.60908900E-002    -5.55848818E-002
     2.61417420E-002    -5.49421626E-002
     2.61925941E-002    -5.42920529E-002
     2.62434461E-002    -5.36346681E-002
     2.62942982E-002    -5.29701242E-002
     2.63451502E-002    -5.22985376E-002
     2.63960022E-002    -5.16200258E-002
     2.64468543E-002    -5.09347072E-002
     2.64977063E-002    -5.02427011E-002
     2.65485584E-002    -4.95441273E-002
     2.65994104E-002    -4.88391061E-002
     2.66502625E-002    -4.81277585E-002
     2.67011145E-002    -4.74102068E-002
     2.67519666E-002    -4.66865737E-002
     2.68028186E-002    -4.59569823E-002
     2.68536707E-002    -4.52215563E-002
     2.69045227E-002    -4.44804201E-002
     2.69553748E-002    -4.37336991E-002
     2.70062268E-002    -4.29815192E-002
     2.70570788E-002    -4.22240063E-002
     2.71079309E-002    -4.14612871E-002
     2.71587829E-002    -4.06934889E-002
     2.72096350E-002    -3.99207399E-002
     2.72604870E-002    -3.91431686E-002
     2.73113391E-002    -3.83609034E-002
     2.73621911E-002    -3.75740735E-002
     2.74130432E-002    -3.67828087E-002
     2.74638952E-002    -3.59872395E-002
     2.75147473E-002    -3.51874965E-002
     2.75655993E-002    -3.43837103E-002
     2.76164514E-002    -3.35760122E-002
     2.76673034E-002    -3.27645339E-002
     2.77181554E-002    -3.19494078E-002
     2.77690075E-002    -3.11307662E-002
     2.78198595E-002    -3.03087415E-002
     2.78707116E-002    -2.94834665E-002
     2.79215636E-002    -2.86550745E-002
     2.79724157E-002    -2.78236992E-002
     2.80232677E-002    -2.69894742E-002
     2.80741198E-002    -2.61525333E-002
     2.81249718E-002    -2.53130102E-002
     2.81758239E-002    -2.44710395E-002
     2.82266759E-002    -2.36267558E-002
     2.82775280E-002    -2.27802936E-002
     2.83283800E-002    -2.19317872E-002
     2.83792320E-002    -2.10813713E-002
     2.84300841E-002    -2.02291811E-002
     2.84809361E-002    -1.93753515E-002
     2.85317882E-002    -1.85200175E-002
     2.85826402E-002    -1.76633137E-002
     2.86334923E-002    -1.68053751E-002
     2.86843443E-002    -1.59463371E-002
     2.87351964E-002    -1.50863346E-002
     2.87860484E-002    -1.42255024E-002
     2.88369005E-002    -1.33639751E-002
     2.88877525E-002    -1.25018876E-002
     2.89386046E-002    -1.16393748E-002
     2.89894566E-002    -1.07765714E-002
     2.90403087E-002    -9.91361139E-003
     2.90911607E-002    -9.05062895E-003
     2.91420127E-002    -8.18775841E-003
     2.91928648E-002    -7.32513393E-003
     2.92437168E-002    -6.46288914E-003
     2.92945689E-002    -5.60115722E-003
     2.93454209E-002    -4.74007129E-003
     2.93962730E-002    -3.87976461E-003
     2.94471250E-002    -3.02037012E-003
     2.94979771E-002    -2.16202011E-003
     2.95488291E-002    -1.30484635E-003
     2.95996812E-002    -4.48980531E-004
     2.96505332E-002     4.05445603E-004
     2.97013853E-002     1.25830080E-003
     2.97522373E-002     2.10945457E-003
     2.98030893E-002     2.95877695E-003
     2.98539414E-002     3.80613809E-003
     2.99047934E-002     4.65140824E-003
     2.99556455E-002     5.49445829E-003
     3.00064975E-002     6.33515998E-003
 