    -4.18982942E-002     8.42463415E-008
    -4.18474412E-002    -5.33342280E-009
    -4.17965883E-002    -5.76868376E-009
    -4.17457354E-002    -5.57842120E-009
    -4.16948825E-002    -5.39835164E-009
    -4.16440296E-002    -5.83354721E-009
    -4.15931766E-002    -6.92559630E-009
    -4.15423237E-002    -8.17988566E-009
    -4.14914708E-002    -9.05509606E-009
    -4.14406179E-002    -9.46751208E-009
    -4.13897649E-002    -9.81700309E-009
    -4.13389120E-002    -1.05762854E-008
    -4.12880591E-002    -1.18326845E-008
    -4.12372062E-002    -1.32216154E-008
    -4.11863533E-002    -1.43165253E-008
    -4.11355003E-002    -1.50314049E-008
    -4.10846474E-002    -1.56845999E-008
    -4.10337945E-002    -1.66620669E-008
    -4.09829416E-002    -1.80187138E-008
    -4.09320887E-002    -1.94531016E-008
    -4.08812357E-002    -2.06099730E-008
    -4.08303828E-002    -2.14398869E-008
    -4.07795299E-002    -2.22425727E-008
    -4.07286770E-002    -2.33407627E-008
    -4.06778241E-002    -2.47789781E-008
    -4.06269711E-002    -2.62831264E-008
    -4.05761182E-002    -2.75571245E-008
    -4.05252653E-002    -2.85994338E-008
    -4.04744124E-002    -2.96819141E-008
    -4.04235594E-002    -3.10941694E-008
    -4.03727065E-002    -3.28433344E-008
    -4.03218536E-002    -3.46591472E-008
    -4.02710007E-002    -3.62939348E-008
    -4.02201478E-002    -3.77478156E-008
    -4.01692948E-002    -3.92833418E-008
    -4.01184419E-002    -4.11366105E-008
    -4.00675890E-002    -4.32688810E-008
    -4.00167361E-002    -4.54318718E-008
    -3.99658832E-002    -4.73914569E-008
    -3.99150302E-002    -4.91894683E-008
    -3.98641773E-002    -5.10855942E-008
    -3.98133244E-002    -5.32792155E-008
    -3.97624715E-002    -5.57461301E-008
    -3.97116186E-002    -5.82423174E-008
    -3.96607656E-002    -6.05979403E-008
    -3.96099127E-002    -6.29001523E-008
    -3.95590598E-002    -6.53928471E-008
    -3.95082069E-002    -6.82814497E-008
    -3.94573539E-002    -7.14949820E-008
    -3.94065010E-002    -7.48002338E-008
    -3.93556481E-002    -7.80530110E-008
    -3.93047952E-002    -8.13087923E-008
    -3.92539423E-002    -8.48102370E-008
    -3.92030893E-002    -8.86773872E-008
    -3.91522364E-002    -9.27979789E-008
    -3.91013835E-002    -9.69490740E-008
    -3.90505306E-002    -1.00966549E-007
    -3.89996777E-002    -1.04971439E-007
    -3.89488247E-002    -1.09188944E-007
    -3.88979718E-002    -1.13743429E-007
    -3.88471189E-002    -1.18581040E-007
    -3.87962660E-002    -1.23487438E-007
    -3.87454130E-002    -1.28418676E-007
    -3.86945601E-002    -1.33518873E-007
    -3.86437072E-002    -1.39004664E-007
    -3.85928543E-002    -1.45007689E-007
    -3.85420014E-002    -1.51361133E-007
    -3.84911484E-002    -1.57858057E-007
    -3.84402955E-002    -1.64390598E-007
    -3.83894426E-002    -1.71028736E-007
    -3.83385897E-002    -1.77993794E-007
    -3.82877368E-002    -1.85311009E-007
    -3.82368838E-002    -1.92895130E-007
    -3.81860309E-002    -2.00622288E-007
    -3.81351780E-002    -2.08486933E-007
    -3.80843251E-002    -2.16777140E-007
    -3.80334722E-002    -2.25721866E-007
    -3.79826192E-002    -2.35427244E-007
    -3.79317663E-002    -2.45762728E-007
    -3.78809134E-002    -2.56424932E-007
    -3.78300605E-002    -2.67315266E-007
    -3.77792075E-002    -2.78375121E-007
    -3.77283546E-002    -2.89626914E-007
    -3.76775017E-002    -3.01026109E-007
    -3.76266488E-002    -3.12355531E-007
    -3.75757959E-002    -3.23657216E-007
    -3.75249429E-002    -3.35148452E-007
    -3.74740900E-002    -3.47333953E-007
    -3.74232371E-002    -3.60798241E-007
    -3.73723842E-002    -3.75738742E-007
    -3.73215313E-002    -3.92188849E-007
    -3.72706783E-002    -4.09842123E-007
    -3.72198254E-002    -4.28332888E-007
    -3.71689725E-002    -4.47383452E-007
    -3.71181196E-002    -4.66476961E-007
    -3.70672667E-002    -4.85249610E-007
    -3.70164137E-002    -5.03360701E-007
    -3.69655608E-002    -5.20838522E-007
    -3.69147079E-002    -5.38374607E-007
    -3.68638550E-002    -5.56780138E-007
    -3.68130020E-002    -5.77050077E-007
    -3.67621491E-002    -5.99694184E-007
    -3.67112962E-002    -6.24645094E-007
    -3.66604433E-002    -6.51646169E-007
    -3.66095904E-002    -6.79975590E-007
    -3.65587374E-002    -7.09109258E-007
    -3.65078845E-002    -7.38514576E-007
    -3.64570316E-002    -7.67714820E-007
    -3.64061787E-002    -7.96834271E-007
    -3.63553258E-002    -8.26086669E-007
    -3.63044728E-002    -8.56218010E-007
    -3.62536199E-002    -8.87932002E-007
    -3.62027670E-002    -9.21405177E-007
    -3.61519141E-002    -9.56744583E-007
    -3.61010612E-002    -9.93499178E-007
    -3.60502082E-002    -1.03161622E-006
    -3.59993553E-002    -1.07147129E-006
    -3.59485024E-002    -1.11341188E-006
    -3.58976495E-002    -1.15808712E-006
    -3.58467965E-002    -1.20523013E-006
    -3.57959436E-002    -1.25414161E-006
    -3.57450907E-002    -1.30390584E-006
    -3.56942378E-002    -1.35333685E-006
    -3.56433849E-002    -1.40241220E-006
    -3.55925319E-002    -1.45160897E-006
    -3.55416790E-002    -1.50238371E-006
    -3.54908261E-002    -1.55686740E-006
    -3.54399732E-002    -1.61628426E-006
    -3.53891203E-002    -1.68133047E-006
    -3.53382673E-002    -1.75073258E-006
    -3.52874144E-002    -1.82206705E-006
    -3.52365615E-002    -1.89324622E-006
    -3.51857086E-002    -1.96272241E-006
    -3.51348557E-002    -2.03163571E-006
    -3.50840027E-002    -2.10236380E-006
    -3.50331498E-002    -2.17754183E-006
    -3.49822969E-002    -2.25926496E-006
    -3.49314440E-002    -2.34689458E-006
    -3.48805910E-002    -2.43906231E-006
    -3.48297381E-002    -2.53373988E-006
    -3.47788852E-002    -2.62949671E-006
    -3.47280323E-002    -2.72694528E-006
    -3.46771794E-002    -2.82648082E-006
    -3.46263264E-002    -2.92928773E-006
    -3.45754735E-002    -3.03583623E-006
    -3.45246206E-002    -3.14590427E-006
    -3.44737677E-002    -3.26063775E-006
    -3.44229148E-002    -3.38060662E-006
    -3.43720618E-002    -3.50722329E-006
    -3.43212089E-002    -3.64080271E-006
    -3.42703560E-002    -3.77925526E-006
    -3.42195031E-002    -3.92062716E-006
    -3.41686502E-002    -4.06224606E-006
    -3.41177972E-002    -4.20459070E-006
    -3.40669443E-002    -4.35120055E-006
    -3.40160914E-002    -4.50586284E-006
    -3.39652385E-002    -4.67237839E-006
    -3.39143855E-002    -4.84944941E-006
    -3.38635326E-002    -5.03296104E-006
    -3.38126797E-002    -5.21873944E-006
    -3.37618268E-002    -5.40396762E-006
    -3.37109739E-002    -5.59200167E-006
    -3.36601209E-002    -5.78739804E-006
    -3.36092680E-002    -5.99418380E-006
    -3.35584151E-002    -6.21383887E-006
    -3.35075622E-002    -6.44257283E-006
    -3.34567093E-002    -6.67798589E-006
    -3.34058563E-002    -6.91805396E-006
    -3.33550034E-002    -7.16315145E-006
    -3.33041505E-002    -7.41612292E-006
    -3.32532976E-002    -7.67696912E-006
    -3.32024446E-002    -7.94764473E-006
    -3.31515917E-002    -8.22922048E-006
    -3.31007388E-002    -8.52281555E-006
    -3.30498859E-002    -8.83038108E-006
    -3.29990330E-002    -9.14813733E-006
    -3.29481800E-002    -9.47298148E-006
    -3.28973271E-002    -9.80251570E-006
    -3.28464742E-002    -1.01385611E-005
    -3.27956213E-002    -1.04898549E-005
    -3.27447684E-002    -1.08605050E-005
    -3.26939154E-002    -1.12506720E-005
    -3.26430625E-002    -1.16533860E-005
    -3.25922096E-002    -1.20600909E-005
    -3.25413567E-002    -1.24726922E-005
    -3.24905038E-002    -1.28969993E-005
    -3.24396508E-002    -1.33426156E-005
    -3.23887979E-002    -1.38125973E-005
    -3.23379450E-002    -1.42998177E-005
    -3.22870921E-002    -1.47996371E-005
    -3.22362391E-002    -1.53082582E-005
    -3.21853862E-002    -1.58303133E-005
    -3.21345333E-002    -1.63724872E-005
    -3.20836804E-002    -1.69346179E-005
    -3.20328275E-002    -1.75185453E-005
    -3.19819745E-002    -1.81216817E-005
    -3.19311216E-002    -1.87444320E-005
    -3.18802687E-002    -1.93883743E-005
    -3.18294158E-002    -2.00484576E-005
    -3.17785629E-002    -2.07269626E-005
    -3.17277099E-002    -2.14265365E-005
    -3.16768570E-002    -2.21537118E-005
    -3.16260041E-002    -2.29138137E-005
    -3.15751512E-002    -2.36971463E-005
    -3.15242983E-002    -2.44980929E-005
    -3.14734453E-002    -2.53149480E-005
    -3.14225924E-002    -2.61572842E-005
    -3.13717395E-002    -2.70403904E-005
    -3.13208866E-002    -2.79598617E-005
    -3.12700336E-002    -2.89070921E-005
    -3.12191807E-002    -2.98720479E-005
    -3.11683278E-002    -3.08575207E-005
    -3.11174749E-002    -3.18820006E-005
    -3.10666220E-002    -3.29483603E-005
    -3.10157690E-002    -3.40538821E-005
    -3.09649161E-002    -3.51886609E-005
    -3.09140632E-002    -3.63487817E-005
    -3.08632103E-002    -3.75481612E-005
    -3.08123574E-002    -3.87885205E-005
    -3.07615044E-002    -4.00714497E-005
    -3.07106515E-002    -4.13940288E-005
    -3.06597986E-002    -4.27530422E-005
    -3.06089457E-002    -4.41589880E-005
    -3.05580928E-002    -4.56070339E-005
    -3.05072398E-002    -4.70970255E-005
    -3.04563869E-002    -4.86331332E-005
    -3.04055340E-002    -5.02171186E-005
    -3.03546811E-002    -5.18599512E-005
    -3.03038281E-002    -5.35505658E-005
    -3.02529752E-002    -5.52840067E-005
    -3.02021223E-002    -5.70692655E-005
    -3.01512694E-002    -5.89117613E-005
    -3.01004165E-002    -6.08237947E-005
    -3.00495635E-002    -6.27912099E-005
    -2.99987106E-002    -6.48063136E-005
    -2.99478577E-002    -6.68825590E-005
    -2.98970048E-002    -6.90249291E-005
    -2.98461519E-002    -7.12446665E-005
    -2.97952989E-002    -7.35277385E-005
    -2.97444460E-002    -7.58677713E-005
    -2.96935931E-002    -7.82822524E-005
    -2.96427402E-002    -8.07710338E-005
    -2.95918873E-002    -8.33421333E-005
    -2.95410343E-002    -8.59858703E-005
    -2.94901814E-002    -8.87004363E-005
    -2.94393285E-002    -9.15055781E-005
    -2.93884756E-002    -9.43928424E-005
    -2.93376226E-002    -9.73674059E-005
    -2.92867697E-002    -1.00426530E-004
    -2.92359168E-002    -1.03570929E-004
    -2.91850639E-002    -1.06820404E-004
    -2.91342110E-002    -1.10161659E-004
    -2.90833580E-002    -1.13601735E-004
    -2.90325051E-002    -1.17143310E-004
    -2.89816522E-002    -1.20781889E-004
    -2.89307993E-002    -1.24536371E-004
    -2.88799464E-002    -1.28395568E-004
    -2.88290934E-002    -1.32370394E-004
    -2.87782405E-002    -1.36464546E-004
    -2.87273876E-002    -1.40665841E-004
    -2.86765347E-002    -1.44997817E-004
    -2.86256818E-002    -1.49454199E-004
    -2.85748288E-002    -1.54042513E-004
    -2.85239759E-002    -1.58764865E-004
    -2.84731230E-002    -1.63607370E-004
    -2.84222701E-002    -1.68602340E-004
    -2.83714171E-002    -1.73742855E-004
    -2.83205642E-002    -1.79027341E-004
    -2.82697113E-002    -1.84464105E-004
    -2.82188584E-002    -1.90042707E-004
    -2.81680055E-002    -1.95797317E-004
    -2.81171525E-002    -2.01715073E-004
    -2.80662996E-002    -2.07790404E-004
    -2.80154467E-002    -2.14045092E-004
    -2.79645938E-002    -2.20465570E-004
    -2.79137409E-002    -2.27081090E-004
    -2.78628879E-002    -2.33880393E-004
    -2.78120350E-002    -2.40860166E-004
    -2.77611821E-002    -2.48049469E-004
    -2.77103292E-002    -2.55425496E-004
    -2.76594763E-002    -2.63017383E-004
    -2.76086233E-002    -2.70821861E-004
    -2.75577704E-002    -2.78831587E-004
    -2.75069175E-002    -2.87079427E-004
    -2.74560646E-002    -2.95540376E-004
    -2.74052116E-002    -3.04245033E-004
    -2.73543587E-002    -3.13192015E-004
    -2.73035058E-002    -3.22367546E-004
    -2.72526529E-002    -3.31815971E-004
    -2.72018000E-002    -3.41510836E-004
    -2.71509470E-002    -3.51475771E-004
    -2.71000941E-002    -3.61715381E-004
    -2.70492412E-002    -3.72216456E-004
    -2.69983883E-002    -3.83029368E-004
    -2.69475354E-002    -3.94117836E-004
    -2.68966824E-002    -4.05504144E-004
    -2.68458295E-002    -4.17211301E-004
    -2.67949766E-002    -4.29217781E-004
    -2.67441237E-002    -4.41569329E-004
    -2.66932707E-002    -4.54230562E-004
    -2.66424178E-002    -4.67230140E-004
    -2.65915649E-002    -4.80600678E-004
    -2.65407120E-002    -4.94301989E-004
    -2.64898591E-002    -5.08386546E-004
    -2.64390061E-002    -5.22830914E-004
    -2.63881532E-002    -5.37655723E-004
    -2.63373003E-002    -5.52897882E-004
    -2.62864474E-002    -5.68508804E-004
    -2.62355945E-002    -5.84552922E-004
    -2.61847415E-002    -6.01011089E-004
    -2.61338886E-002    -6.17889360E-004
    -2.60830357E-002    -6.35239074E-004
    -2.60321828E-002    -6.53005277E-004
    -2.59813299E-002    -6.71256884E-004
    -2.59304769E-002    -6.89980882E-004
    -2.58796240E-002    -7.09171066E-004
    -2.58287711E-002    -7.28891406E-004
    -2.57779182E-002    -7.49082084E-004
    -2.57270652E-002    -7.69817443E-004
    -2.56762123E-002    -7.91090199E-004
    -2.56253594E-002    -8.12876855E-004
    -2.55745065E-002    -8.35259855E-004
    -2.55236536E-002    -8.58178727E-004
    -2.54728006E-002    -8.81702417E-004
    -2.54219477E-002    -9.05830744E-004
    -2.53710948E-002    -9.30532383E-004
    -2.53202419E-002    -9.55908100E-004
    -2.52693890E-002    -9.81886051E-004
    -2.52185360E-002    -1.00852931E-003
    -2.51676831E-002    -1.03586103E-003
    -2.51168302E-002    -1.06383522E-003
    -2.50659773E-002    -1.09255875E-003
    -2.50151244E-002    -1.12195914E-003
    -2.49642714E-002    -1.15209945E-003
    -2.49134185E-002    -1.18301916E-003
    -2.48625656E-002    -1.21464895E-003
    -2.48117127E-002    -1.24711384E-003
    -2.47608597E-002    -1.28034824E-003
    -2.47100068E-002    -1.31439684E-003
    -2.46591539E-002    -1.34931976E-003
    -2.46083010E-002    -1.38503578E-003
    -2.45574481E-002    -1.42168304E-003
    -2.45065951E-002    -1.45919600E-003
    -2.44557422E-002    -1.49760136E-003
    -2.44048893E-002    -1.53699444E-003
    -2.43540364E-002    -1.57727225E-003
    -2.43031835E-002    -1.61857721E-003
    -2.42523305E-002    -1.66085774E-003
    -2.42014776E-002    -1.70412186E-003
    -2.41506247E-002    -1.74849430E-003
    -2.40997718E-002    -1.79385055E-003
    -2.40489189E-002    -1.84033999E-003
    -2.39980659E-002    -1.88792876E-003
    -2.39472130E-002    -1.93660035E-003
    -2.38963601E-002    -1.98650803E-003
    -2.38455072E-002    -2.03751138E-003
    -2.37946542E-002    -2.08976266E-003
    -2.37438013E-002    -2.14325151E-003
    -2.36929484E-002    -2.19793119E-003
    -2.36420955E-002    -2.25398160E-003
    -2.35912426E-002    -2.31125508E-003
    -2.35403896E-002    -2.36990338E-003
    -2.34895367E-002    -2.42993804E-003
    -2.34386838E-002    -2.49127867E-003
    -2.33878309E-002    -2.55413959E-003
    -2.33369780E-002    -2.61836828E-003
    -2.32861250E-002    -2.68410090E-003
    -2.32352721E-002    -2.75138307E-003
    -2.31844192E-002    -2.82010463E-003
    -2.31335663E-002    -2.89050470E-003
    -2.30827134E-002    -2.96242832E-003
    -2.30318604E-002    -3.03599702E-003
    -2.29810075E-002    -3.11129791E-003
    -2.29301546E-002    -3.18817969E-003
    -2.28793017E-002    -3.26690800E-003
    -2.28284487E-002    -3.34733977E-003
    -2.27775958E-002    -3.42956312E-003
    -2.27267429E-002    -3.51371265E-003
    -2.26758900E-002    -3.59960430E-003
    -2.26250371E-002    -3.68752519E-003
    -2.25741841E-002    -3.77734326E-003
    -2.25233312E-002    -3.86910546E-003
    -2.24724783E-002    -3.96301235E-003
    -2.24216254E-002    -4.05883842E-003
    -2.23707725E-002    -4.15688129E-003
    -2.23199195E-002    -4.25703699E-003
    -2.22690666E-002    -4.35930677E-003
    -2.22182137E-002    -4.46395090E-003
    -2.21673608E-002    -4.57070767E-003
    -2.21165079E-002    -4.67988128E-003
    -2.20656549E-002    -4.79140471E-003
    -2.20148020E-002    -4.90522962E-003
    -2.19639491E-002    -5.02166956E-003
    -2.19130962E-002    -5.14043378E-003
    -2.18622432E-002    -5.26182913E-003
    -2.18113903E-002    -5.38583708E-003
    -2.17605374E-002    -5.51234464E-003
    -2.17096845E-002    -5.64171662E-003
    -2.16588316E-002    -5.77365481E-003
    -2.16079786E-002    -5.90845443E-003
    -2.15571257E-002    -6.04614101E-003
    -2.15062728E-002    -6.18654057E-003
    -2.14554199E-002    -6.33008047E-003
    -2.14045670E-002    -6.47645216E-003
    -2.13537140E-002    -6.62591508E-003
    -2.13028611E-002    -6.77856636E-003
    -2.12520082E-002    -6.93417177E-003
    -2.12011553E-002    -7.09320061E-003
    -2.11503023E-002    -7.25534788E-003
    -2.10994494E-002    -7.42083412E-003
    -2.10485965E-002    -7.58983640E-003
    -2.09977436E-002    -7.76204840E-003
    -2.09468907E-002    -7.93798153E-003
    -2.08960377E-002    -8.11735281E-003
    -2.08451848E-002    -8.30031759E-003
    -2.07943319E-002    -8.48714928E-003
    -2.07434790E-002    -8.67747088E-003
    -2.06926261E-002    -8.87182391E-003
    -2.06417731E-002    -9.06996597E-003
    -2.05909202E-002    -9.27196642E-003
    -2.05400673E-002    -9.47820709E-003
    -2.04892144E-002    -9.68824282E-003
    -2.04383615E-002    -9.90263757E-003
    -2.03875085E-002    -1.01211979E-002
    -2.03366556E-002    -1.03438978E-002
    -2.02858027E-002    -1.05712307E-002
    -2.02349498E-002    -1.08026961E-002
    -2.01840968E-002    -1.10388539E-002
    -2.01332439E-002    -1.12795823E-002
    -2.00823910E-002    -1.15247616E-002
    -2.00315381E-002    -1.17749768E-002
    -1.99806852E-002    -1.20296880E-002
    -1.99298322E-002    -1.22894453E-002
    -1.98789793E-002    -1.25542078E-002
    -1.98281264E-002    -1.28237467E-002
    -1.97772735E-002    -1.30987441E-002
    -1.97264206E-002    -1.33786388E-002
    -1.96755676E-002    -1.36639374E-002
    -1.96247147E-002    -1.39547031E-002
    -1.95738618E-002    -1.42506027E-002
    -1.95230089E-002    -1.45523961E-002
    -1.94721560E-002    -1.48595161E-002
    -1.94213030E-002    -1.51724153E-002
    -1.93704501E-002    -1.54912762E-002
    -1.93195972E-002    -1.58156447E-002
    -1.92687443E-002    -1.61463567E-002
    -1.92178913E-002    -1.64828690E-002
    -1.91670384E-002    -1.68255383E-002
    -1.91161855E-002    -1.71746891E-002
    -1.90653326E-002    -1.75297570E-002
    -1.90144797E-002    -1.78916317E-002
    -1.89636267E-002    -1.82598121E-002
    -1.89127738E-002    -1.86345359E-002
    -1.88619209E-002    -1.90162952E-002
    -1.88110680E-002    -1.94044047E-002
    -1.87602151E-002    -1.97997922E-002
    -1.87093621E-002    -2.02020368E-002
    -1.86585092E-002    -2.06112177E-002
    -1.86076563E-002    -2.10280107E-002
    -1.85568034E-002    -2.14516225E-002
    -1.85059505E-002    -2.18829948E-002
    -1.84550975E-002    -2.23218039E-002
    -1.84042446E-002    -2.27679707E-002
    -1.83533917E-002    -2.32223332E-002
    -1.83025388E-002    -2.36840179E-002
    -1.82516858E-002    -2.41539557E-002
    -1.82008329E-002    -2.46319456E-002
    -1.81499800E-002    -2.51177373E-002
    -1.80991271E-002    -2.56123159E-002
    -1.80482742E-002    -2.61147636E-002
    -1.79974212E-002    -2.66259632E-002
    -1.79465683E-002    -2.71458534E-002
    -1.78957154E-002    -2.76740151E-002
    -1.78448625E-002    -2.82115701E-002
    -1.77940096E-002    -2.87575766E-002
    -1.77431566E-002    -2.93128360E-002
    -1.76923037E-002    -2.98774571E-002
    -1.76414508E-002    -3.04508461E-002
    -1.75905979E-002    -3.10342398E-002
    -1.75397450E-002    -3.16267064E-002
    -1.74888920E-002    -3.22289273E-002
    -1.74380391E-002    -3.28412098E-002
    -1.73871862E-002    -3.34627846E-002
    -1.73363333E-002    -3.40949769E-002
    -1.72854803E-002    -3.47369029E-002
    -1.72346274E-002    -3.53890864E-002
    -1.71837745E-002    -3.60520596E-002
    -1.71329216E-002    -3.67248730E-002
    -1.70820687E-002    -3.74089159E-002
    -1.70312157E-002    -3.81033999E-002
    -1.69803628E-002    -3.88086360E-002
    -1.69295099E-002    -3.95254098E-002
    -1.68786570E-002    -4.02526031E-002
    -1.68278041E-002    -4.09916386E-002
    -1.67769511E-002    -4.17418608E-002
    -1.67260982E-002    -4.25033278E-002
    -1.66752453E-002    -4.32770929E-002
    -1.66243924E-002    -4.40618899E-002
    -1.65735395E-002    -4.48591357E-002
    -1.65226865E-002    -4.56683368E-002
    -1.64718336E-002    -4.64893027E-002
    -1.64209807E-002    -4.73233116E-002
    -1.63701278E-002    -4.81690060E-002
    -1.63192748E-002    -4.90277497E-002
    -1.62684219E-002    -4.98992378E-002
    -1.62175690E-002    -5.07830292E-002
    -1.61667161E-002    -5.16805995E-002
    -1.61158632E-002    -5.25905434E-002
    -1.60650102E-002    -5.35141231E-002
    -1.60141573E-002    -5.44512541E-002
    -1.59633044E-002    -5.54012492E-002
    -1.59124515E-002    -5.63657500E-002
    -1.58615986E-002    -5.73433406E-002
    -1.58107456E-002    -5.83351378E-002
    -1.57598927E-002    -5.93413107E-002
    -1.57090398E-002    -6.03609218E-002
    -1.56581869E-002    -6.13957444E-002
    -1.56073339E-002    -6.24444117E-002
    -1.55564810E-002    -6.35078403E-002
    -1.55056281E-002    -6.45864751E-002
    -1.54547752E-002    -6.56791381E-002
    -1.54039223E-002    -6.67877003E-002
    -1.53530693E-002    -6.79108885E-002
    -1.53022164E-002    -6.90493603E-002
    -1.52513635E-002    -7.02038805E-002
    -1.52005106E-002    -7.13730413E-002
    -1.51496577E-002    -7.25587573E-002
    -1.50988047E-002    -7.37599111E-002
    -1.50479518E-002    -7.49768423E-002
    -1.49970989E-002    -7.62106594E-002
    -1.49462460E-002    -7.74597384E-002
    -1.48953931E-002    -7.87260022E-002
    -1.48445401E-002    -8.00085391E-002
    -1.47936872E-002    -8.13073296E-002
    -1.47428343E-002    -8.26238170E-002
    -1.46919814E-002    -8.39562132E-002
    -1.46411284E-002    -8.53063851E-002
    -1.45902755E-002    -8.66736554E-002
    -1.45394226E-002    -8.80576727E-002
    -1.44885697E-002    -8.94601451E-002
    -1.44377168E-002    -9.08791968E-002
    -1.43868638E-002    -9.23165786E-002
    -1.43360109E-002    -9.37718779E-002
    -1.42851580E-002    -9.52444144E-002
    -1.42343051E-002    -9.67361150E-002
    -1.41834522E-002    -9.82450789E-002
    -1.41325992E-002    -9.97728836E-002
    -1.40817463E-002    -1.01319412E-001
    -1.40308934E-002    -1.02883668E-001
    -1.39800405E-002    -1.04467747E-001
    -1.39291876E-002    -1.06069780E-001
    -1.38783346E-002    -1.07691113E-001
    -1.38274817E-002    -1.09331953E-001
    -1.37766288E-002    -1.10991004E-001
    -1.37257759E-002    -1.12670483E-001
    -1.36749229E-002    -1.14368615E-001
    -1.36240700E-002    -1.16086448E-001
    -1.35732171E-002    -1.17824543E-001
    -1.35223642E-002    -1.19581325E-001
    -1.34715113E-002    -1.21359071E-001
    -1.34206583E-002    -1.23156165E-001
    -1.33698054E-002    -1.24973307E-001
    -1.33189525E-002    -1.26811431E-001
    -1.32680996E-002    -1.28668703E-001
    -1.32172467E-002    -1.30547405E-001
    -1.31663937E-002    -1.32446150E-001
    -1.31155408E-002    -1.34365216E-001
    -1.30646879E-002    -1.36305936E-001
    -1.30138350E-002    -1.38266255E-001
    -1.29629821E-002    -1.40248400E-001
    -1.29121291E-002    -1.42251250E-001
    -1.28612762E-002    -1.44274658E-001
    -1.28104233E-002    -1.46320305E-001
    -1.27595704E-002    -1.48385994E-001
    -1.27087174E-002    -1.50473825E-001
    -1.26578645E-002    -1.52582976E-001
    -1.26070116E-002    -1.54712907E-001
    -1.25561587E-002    -1.56865551E-001
    -1.25053058E-002    -1.59038667E-001
    -1.24544528E-002    -1.61234162E-001
    -1.24035999E-002    -1.63451530E-001
    -1.23527470E-002    -1.65689869E-001
    -1.23018941E-002    -1.67951300E-001
    -1.22510412E-002    -1.70233604E-001
    -1.22001882E-002    -1.72538437E-001
    -1.21493353E-002    -1.74865630E-001
    -1.20984824E-002    -1.77213946E-001
    -1.20476295E-002    -1.79585629E-001
    -1.19967766E-002    -1.81978556E-001
    -1.19459236E-002    -1.84394068E-001
    -1.18950707E-002    -1.86832348E-001
    -1.18442178E-002    -1.89291861E-001
    -1.17933649E-002    -1.91774912E-001
    -1.17425119E-002    -1.94279530E-001
    -1.16916590E-002    -1.96806694E-001
    -1.16408061E-002    -1.99356951E-001
    -1.15899532E-002    -2.01928505E-001
    -1.15391003E-002    -2.04523649E-001
    -1.14882473E-002    -2.07140633E-001
    -1.14373944E-002    -2.09780024E-001
    -1.13865415E-002    -2.12442737E-001
    -1.13356886E-002    -2.15126758E-001
    -1.12848357E-002    -2.17834305E-001
    -1.12339827E-002    -2.20563904E-001
    -1.11831298E-002    -2.23315668E-001
    -1.11322769E-002    -2.26090877E-001
    -1.10814240E-002    -2.28887346E-001
    -1.10305711E-002    -2.31707159E-001
    -1.09797181E-002    -2.34549145E-001
    -1.09288652E-002    -2.37412991E-001
    -1.08780123E-002    -2.40300248E-001
    -1.08271594E-002    -2.43208671E-001
    -1.07763064E-002    -2.46140137E-001
    -1.07254535E-002    -2.49093780E-001
    -1.06746006E-002    -2.52068927E-001
    -1.06237477E-002    -2.55067292E-001
    -1.05728948E-002    -2.58086660E-001
    -1.05220418E-002    -2.61128652E-001
    -1.04711889E-002    -2.64192710E-001
    -1.04203360E-002    -2.67277840E-001
    -1.03694831E-002    -2.70385848E-001
    -1.03186302E-002    -2.73514620E-001
    -1.02677772E-002    -2.76665470E-001
    -1.02169243E-002    -2.79838144E-001
    -1.01660714E-002    -2.83031387E-001
    -1.01152185E-002    -2.86247020E-001
    -1.00643655E-002    -2.89483080E-001
    -1.00135126E-002    -2.92740552E-001
    -9.96265971E-003    -2.96019475E-001
    -9.91180679E-003    -2.99318375E-001
    -9.86095387E-003    -3.02639028E-001
    -9.81010094E-003    -3.05979674E-001
    -9.75924802E-003    -3.09340937E-001
    -9.70839510E-003    -3.12723131E-001
    -9.65754218E-003    -3.16124628E-001
    -9.60668926E-003    -3.19547090E-001
    -9.55583634E-003    -3.22988999E-001
    -9.50498342E-003    -3.26450605E-001
    -9.45413050E-003    -3.29932470E-001
    -9.40327758E-003    -3.33432868E-001
    -9.35242465E-003    -3.36953297E-001
    -9.30157173E-003    -3.40492505E-001
    -9.25071881E-003    -3.44050369E-001
    -9.19986589E-003    -3.47627658E-001
    -9.14901297E-003    -3.51222611E-001
    -9.09816005E-003    -3.54836517E-001
    -9.04730713E-003    -3.58468381E-001
    -8.99645421E-003    -3.62117782E-001
    -8.94560129E-003    -3.65785577E-001
    -8.89474836E-003    -3.69470066E-001
    -8.84389544E-003    -3.73172291E-001
    -8.79304252E-003    -3.76891494E-001
    -8.74218960E-003    -3.80627023E-001
    -8.69133668E-003    -3.84379737E-001
    -8.64048376E-003    -3.88148059E-001
    -8.58963084E-003    -3.91932764E-001
    -8.53877792E-003    -3.95733297E-001
    -8.48792500E-003    -3.99548847E-001
    -8.43707207E-003    -4.03380207E-001
    -8.38621915E-003    -4.07225964E-001
    -8.33536623E-003    -4.11086614E-001
    -8.28451331E-003    -4.14961772E-001
    -8.23366039E-003    -4.18850536E-001
    -8.18280747E-003    -4.22753570E-001
    -8.13195455E-003    -4.26669650E-001
    -8.08110163E-003    -4.30599012E-001
    -8.03024871E-003    -4.34541389E-001
    -7.97939578E-003    -4.38495846E-001
    -7.92854286E-003    -4.42462878E-001
    -7.87768994E-003    -4.46441466E-001
    -7.82683702E-003    -4.50431599E-001
    -7.77598410E-003    -4.54433076E-001
    -7.72513118E-003    -4.58444997E-001
    -7.67427826E-003    -4.62467652E-001
    -7.62342534E-003    -4.66500211E-001
    -7.57257242E-003    -4.70542468E-001
    -7.52171949E-003    -4.74594225E-001
    -7.47086657E-003    -4.78654670E-001
    -7.42001365E-003    -4.82723869E-001
    -7.36916073E-003    -4.86801156E-001
    -7.31830781E-003    -4.90886192E-001
    -7.26745489E-003    -4.94978707E-001
    -7.21660197E-003    -4.99078031E-001
    -7.16574905E-003    -5.03184000E-001
    -7.11489613E-003    -5.07296068E-001
    -7.06404321E-003    -5.11413844E-001
    -7.01319028E-003    -5.15536905E-001
    -6.96233736E-003    -5.19664767E-001
    -6.91148444E-003    -5.23797051E-001
    -6.86063152E-003    -5.27933269E-001
    -6.80977860E-003    -5.32073054E-001
    -6.75892568E-003    -5.36215779E-001
    -6.70807276E-003    -5.40361160E-001
    -6.65721984E-003    -5.44508630E-001
    -6.60636692E-003    -5.48657699E-001
    -6.55551399E-003    -5.52808094E-001
    -6.50466107E-003    -5.56958945E-001
    -6.45380815E-003    -5.61110162E-001
    -6.40295523E-003    -5.65261042E-001
    -6.35210231E-003    -5.69411015E-001
    -6.30124939E-003    -5.73559972E-001
    -6.25039647E-003    -5.77706779E-001
    -6.19954355E-003    -5.81851511E-001
    -6.14869063E-003    -5.85993395E-001
    -6.09783770E-003    -5.90131710E-001
    -6.04698478E-003    -5.94266557E-001
    -5.99613186E-003    -5.98396542E-001
    -5.94527894E-003    -6.02521859E-001
    -5.89442602E-003    -6.06641748E-001
    -5.84357310E-003    -6.10755246E-001
    -5.79272018E-003    -6.14862722E-001
    -5.74186726E-003    -6.18962533E-001
    -5.69101434E-003    -6.23054925E-001
    -5.64016141E-003    -6.27139252E-001
    -5.58930849E-003    -6.31214223E-001
    -5.53845557E-003    -6.35280510E-001
    -5.48760265E-003    -6.39336258E-001
    -5.43674973E-003    -6.43381675E-001
    -5.38589681E-003    -6.47416339E-001
    -5.33504389E-003    -6.51438562E-001
    -5.28419097E-003    -6.55449326E-001
    -5.23333805E-003    -6.59446615E-001
    -5.18248512E-003    -6.63430526E-001
    -5.13163220E-003    -6.67400918E-001
    -5.08077928E-003    -6.71355707E-001
    -5.02992636E-003    -6.75296139E-001
    -4.97907344E-003    -6.79220119E-001
    -4.92822052E-003    -6.83127545E-001
    -4.87736760E-003    -6.87018613E-001
    -4.82651468E-003    -6.90890851E-001
    -4.77566176E-003    -6.94745720E-001
    -4.72480883E-003    -6.98581128E-001
    -4.67395591E-003    -7.02396690E-001
    -4.62310299E-003    -7.06192993E-001
    -4.57225007E-003    -7.09967187E-001
    -4.52139715E-003    -7.13720886E-001
    -4.47054423E-003    -7.17452103E-001
    -4.41969131E-003    -7.21160079E-001
    -4.36883839E-003    -7.24845828E-001
    -4.31798547E-003    -7.28506167E-001
    -4.26713254E-003    -7.32142770E-001
    -4.21627962E-003    -7.35753876E-001
    -4.16542670E-003    -7.39338254E-001
    -4.11457378E-003    -7.42897375E-001
    -4.06372086E-003    -7.46427785E-001
    -4.01286794E-003    -7.49931107E-001
    -3.96201502E-003    -7.53405937E-001
    -3.91116210E-003    -7.56850480E-001
    -3.86030918E-003    -7.60266676E-001
    -3.80945625E-003    -7.63650877E-001
    -3.75860333E-003    -7.67004531E-001
    -3.70775041E-003    -7.70326738E-001
    -3.65689749E-003    -7.73615045E-001
    -3.60604457E-003    -7.76871862E-001
    -3.55519165E-003    -7.80093432E-001
    -3.50433873E-003    -7.83280911E-001
    -3.45348581E-003    -7.86433999E-001
    -3.40263289E-003    -7.89549585E-001
    -3.35177996E-003    -7.92630472E-001
    -3.30092704E-003    -7.95672908E-001
    -3.25007412E-003    -7.98677668E-001
    -3.19922120E-003    -8.01645060E-001
    -3.14836828E-003    -8.04571416E-001
    -3.09751536E-003    -8.07459795E-001
    -3.04666244E-003    -8.10306583E-001
    -2.99580952E-003    -8.13112084E-001
    -2.94495660E-003    -8.15877230E-001
    -2.89410367E-003    -8.18597869E-001
    -2.84325075E-003    -8.21277206E-001
    -2.79239783E-003    -8.23911893E-001
    -2.74154491E-003    -8.26501674E-001
    -2.69069199E-003    -8.29048112E-001
    -2.63983907E-003    -8.31546653E-001
    -2.58898615E-003    -8.34000528E-001
    -2.53813323E-003    -8.36406789E-001
    -2.48728031E-003    -8.38764537E-001
    -2.43642739E-003    -8.41075960E-001
    -2.38557446E-003    -8.43336201E-001
    -2.33472154E-003    -8.45548380E-001
    -2.28386862E-003    -8.47710095E-001
    -2.23301570E-003    -8.49819717E-001
    -2.18216278E-003    -8.51880042E-001
    -2.13130986E-003    -8.53886031E-001
    -2.08045694E-003    -8.55840541E-001
    -2.02960402E-003    -8.57741864E-001
    -1.97875110E-003    -8.59587566E-001
    -1.92789817E-003    -8.61381015E-001
    -1.87704525E-003    -8.63117117E-001
    -1.82619233E-003    -8.64798312E-001
    -1.77533941E-003    -8.66423740E-001
    -1.72448649E-003    -8.67990096E-001
    -1.67363357E-003    -8.69501272E-001
    -1.62278065E-003    -8.70952240E-001
    -1.57192773E-003    -8.72344912E-001
    -1.52107481E-003    -8.73679305E-001
    -1.47022188E-003    -8.74951357E-001
    -1.41936896E-003    -8.76165304E-001
    -1.36851604E-003    -8.77316347E-001
    -1.31766312E-003    -8.78405795E-001
    -1.26681020E-003    -8.79434484E-001
    -1.21595728E-003    -8.80397776E-001
    -1.16510436E-003    -8.81300061E-001
    -1.11425144E-003    -8.82136920E-001
    -1.06339852E-003    -8.82908988E-001
    -1.01254559E-003    -8.83617886E-001
    -9.61692673E-004    -8.84258524E-001
    -9.10839752E-004    -8.84835303E-001
    -8.59986831E-004    -8.85344322E-001
    -8.09133910E-004    -8.85785476E-001
    -7.58280989E-004    -8.86161122E-001
    -7.07428068E-004    -8.86465859E-001
    -6.56575147E-004    -8.86703948E-001
    -6.05722226E-004    -8.86872136E-001
    -5.54869304E-004    -8.86969527E-001
    -5.04016383E-004    -8.86999159E-001
    -4.53163462E-004    -8.86955461E-001
    -4.02310541E-004    -8.86842399E-001
    -3.51457620E-004    -8.86657501E-001
    -3.00604699E-004    -8.86399034E-001
    -2.49751778E-004    -8.86070647E-001
    -1.98898857E-004    -8.85666752E-001
    -1.48045936E-004    -8.85190866E-001
    -9.71930145E-005    -8.84641428E-001
    -4.63400934E-005    -8.84015826E-001
     4.51282767E-006    -8.83318243E-001
     5.53657488E-005    -8.82543223E-001
     1.06218670E-004    -8.81693690E-001
     1.57071591E-004    -8.80769098E-001
     2.07924512E-004    -8.79765963E-001
     2.58777433E-004    -8.78688900E-001
     3.09630354E-004    -8.77532710E-001
     3.60483275E-004    -8.76299657E-001
     4.11336196E-004    -8.74990153E-001
     4.62189118E-004    -8.73600048E-001
     5.13042039E-004    -8.72134153E-001
     5.63894960E-004    -8.70587691E-001
     6.14747881E-004    -8.68962226E-001
     6.65600802E-004    -8.67259021E-001
     7.16453723E-004    -8.65473474E-001
     7.67306644E-004    -8.63610392E-001
     8.18159565E-004    -8.61665556E-001
     8.69012486E-004    -8.59639797E-001
     9.19865407E-004    -8.57535142E-001
     9.70718329E-004    -8.55346695E-001
     1.02157125E-003    -8.53079116E-001
     1.07242417E-003    -8.50728848E-001
     1.12327709E-003    -8.48295974E-001
     1.17413001E-003    -8.45783192E-001
     1.22498293E-003    -8.43185467E-001
     1.27583586E-003    -8.40507166E-001
     1.32668878E-003    -8.37745498E-001
     1.37754170E-003    -8.34899790E-001
     1.42839462E-003    -8.31973314E-001
     1.47924754E-003    -8.28961044E-001
     1.53010046E-003    -8.25866930E-001
     1.58095338E-003    -8.22689028E-001
     1.63180630E-003    -8.19425911E-001
     1.68265922E-003    -8.16081323E-001
     1.73351215E-003    -8.12650393E-001
     1.78436507E-003    -8.09136538E-001
     1.83521799E-003    -8.05538735E-001
     1.88607091E-003    -8.01854814E-001
     1.93692383E-003    -7.98088886E-001
     1.98777675E-003    -7.94236366E-001
     2.03862967E-003    -7.90300045E-001
     2.08948259E-003    -7.86279853E-001
     2.14033551E-003    -7.82172945E-001
     2.19118843E-003    -7.77983669E-001
     2.24204136E-003    -7.73707833E-001
     2.29289428E-003    -7.69347592E-001
     2.34374720E-003    -7.64903695E-001
     2.39460012E-003    -7.60372872E-001
     2.44545304E-003    -7.55759478E-001
     2.49630596E-003    -7.51059838E-001
     2.54715888E-003    -7.46275473E-001
     2.59801180E-003    -7.41407822E-001
     2.64886472E-003    -7.36453387E-001
     2.69971765E-003    -7.31416371E-001
     2.75057057E-003    -7.26293695E-001
     2.80142349E-003    -7.21086265E-001
     2.85227641E-003    -7.15796098E-001
     2.90312933E-003    -7.10419612E-001
     2.95398225E-003    -7.04960748E-001
     3.00483517E-003    -6.99417076E-001
     3.05568809E-003    -6.93788922E-001
     3.10654101E-003    -6.88078766E-001
     3.15739394E-003    -6.82283071E-001
     3.20824686E-003    -6.76405420E-001
     3.25909978E-003    -6.70444081E-001
     3.30995270E-003    -6.64398831E-001
     3.36080562E-003    -6.58272502E-001
     3.41165854E-003    -6.52061726E-001
     3.46251146E-003    -6.45769651E-001
     3.51336438E-003    -6.39395266E-001
     3.56421730E-003    -6.32937845E-001
     3.61507023E-003    -6.26400461E-001
     3.66592315E-003    -6.19780016E-001
     3.71677607E-003    -6.13079182E-001
     3.76762899E-003    -6.06297666E-001
     3.81848191E-003    -5.99434292E-001
     3.86933483E-003    -5.92492274E-001
     3.92018775E-003    -5.85468869E-001
     3.97104067E-003    -5.78366243E-001
     4.02189359E-003    -5.71184780E-001
     4.07274652E-003    -5.63922968E-001
     4.12359944E-003    -5.56584038E-001
     4.17445236E-003    -5.49165655E-001
     4.22530528E-003    -5.41669524E-001
     4.27615820E-003    -5.34096560E-001
     4.32701112E-003    -5.26445117E-001
     4.37786404E-003    -5.18718280E-001
     4.42871696E-003    -5.10914180E-001
     4.47956988E-003    -5.03034105E-001
     4.53042281E-003    -4.95079382E-001
     4.58127573E-003    -4.87048364E-001
     4.63212865E-003    -4.78943898E-001
     4.68298157E-003    -4.70764607E-001
     4.73383449E-003    -4.62511415E-001
     4.78468741E-003    -4.54185945E-001
     4.83554033E-003    -4.45786652E-001
     4.88639325E-003    -4.37316095E-001
     4.93724617E-003    -4.28773383E-001
     4.98809910E-003    -4.20159143E-001
     5.03895202E-003    -4.11475186E-001
     5.08980494E-003    -4.02720149E-001
     5.14065786E-003    -3.93896272E-001
     5.19151078E-003    -3.85003139E-001
     5.24236370E-003    -3.76041138E-001
     5.29321662E-003    -3.67012173E-001
     5.34406954E-003    -3.57915127E-001
     5.39492246E-003    -3.48751916E-001
     5.44577539E-003    -3.39522562E-001
     5.49662831E-003    -3.30227279E-001
     5.54748123E-003    -3.20867982E-001
     5.59833415E-003    -3.11443840E-001
     5.64918707E-003    -3.01956462E-001
     5.70003999E-003    -2.92406254E-001
     5.75089291E-003    -2.82793333E-001
     5.80174583E-003    -2.73119544E-001
     5.85259875E-003    -2.63384366E-001
     5.90345168E-003    -2.53589141E-001
     5.95430460E-003    -2.43734575E-001
     6.00515752E-003    -2.33820788E-001
     6.05601044E-003    -2.23849476E-001
     6.10686336E-003    -2.13820434E-001
     6.15771628E-003    -2.03734801E-001
     6.20856920E-003    -1.93593472E-001
     6.25942212E-003    -1.83396677E-001
     6.31027504E-003    -1.73145902E-001
     6.36112797E-003    -1.62841244E-001
     6.41198089E-003    -1.52483706E-001
     6.46283381E-003    -1.42074284E-001
     6.51368673E-003    -1.31613378E-001
     6.56453965E-003    -1.21102245E-001
     6.61539257E-003    -1.10541253E-001
     6.66624549E-003    -9.99313392E-002
     6.71709841E-003    -8.92735186E-002
     6.76795133E-003    -7.85683999E-002
     6.81880425E-003    -6.78170154E-002
     6.86965718E-003    -5.70199609E-002
     6.92051010E-003    -4.61781783E-002
     6.97136302E-003    -3.52926285E-002
     7.02221594E-003    -2.43641461E-002
     7.07306886E-003    -1.33935695E-002
     7.12392178E-003    -2.38166592E-003
     7.17477470E-003     8.67055141E-003
     7.22562762E-003     1.97622376E-002
     7.27648054E-003     3.08923303E-002
     7.32733347E-003     4.20601375E-002
     7.37818639E-003     5.32647891E-002
     7.42903931E-003     6.45051339E-002
     7.47989223E-003     7.57804925E-002
     7.53074515E-003     8.70895911E-002
     7.58159807E-003     9.84318207E-002
     7.63245099E-003     1.09806286E-001
     7.68330391E-003     1.21211634E-001
     7.73415683E-003     1.32647388E-001
     7.78500976E-003     1.44112093E-001
     7.83586268E-003     1.55605151E-001
     7.88671560E-003     1.67125715E-001
     7.93756852E-003     1.78672187E-001
     7.98842144E-003     1.90244306E-001
     8.03927436E-003     2.01840479E-001
     8.09012728E-003     2.13460049E-001
     8.14098020E-003     2.25102270E-001
     8.19183312E-003     2.36765298E-001
     8.24268605E-003     2.48449063E-001
     8.29353897E-003     2.60151888E-001
     8.34439189E-003     2.71872991E-001
     8.39524481E-003     2.83611776E-001
     8.44609773E-003     2.95366159E-001
     8.49695065E-003     3.07136226E-001
     8.54780357E-003     3.18920273E-001
     8.59865649E-003     3.30717337E-001
     8.64950941E-003     3.42527006E-001
     8.70036234E-003     3.54346977E-001
     8.75121526E-003     3.66177442E-001
     8.80206818E-003     3.78016739E-001
     8.85292110E-003     3.89863661E-001
     8.90377402E-003     4.01718016E-001
     8.95462694E-003     4.13577312E-001
     9.00547986E-003     4.25441786E-001
     9.05633278E-003     4.37309885E-001
     9.10718570E-003     4.49180106E-001
     9.15803863E-003     4.61052497E-001
     9.20889155E-003     4.72924433E-001
     9.25974447E-003     4.84796111E-001
     9.31059739E-003     4.96666158E-001
     9.36145031E-003     5.08532739E-001
     9.41230323E-003     5.20396150E-001
     9.46315615E-003     5.32253682E-001
     9.51400907E-003     5.44105409E-001
     9.56486199E-003     5.55950226E-001
     9.61571492E-003     5.67785921E-001
     9.66656784E-003     5.79613037E-001
     9.71742076E-003     5.91428835E-001
     9.76827368E-003     6.03233210E-001
     9.81912660E-003     6.15025345E-001
     9.86997952E-003     6.26802687E-001
     9.92083244E-003     6.38565968E-001
     9.97168536E-003     6.50312501E-001
     1.00225383E-002     6.62041943E-001
     1.00733912E-002     6.73753758E-001
     1.01242441E-002     6.85445124E-001
     1.01750970E-002     6.97116899E-001
     1.02259500E-002     7.08766508E-001
     1.02768029E-002     7.20393318E-001
     1.03276558E-002     7.31997090E-001
     1.03785087E-002     7.43574784E-001
     1.04293617E-002     7.55127317E-001
     1.04802146E-002     7.66652291E-001
     1.05310675E-002     7.78148746E-001
     1.05819204E-002     7.89616741E-001
     1.06327733E-002     8.01053074E-001
     1.06836263E-002     8.12458645E-001
     1.07344792E-002     8.23831305E-001
     1.07853321E-002     8.35169740E-001
     1.08361850E-002     8.46474290E-001
     1.08870379E-002     8.57741654E-001
     1.09378909E-002     8.68972651E-001
     1.09887438E-002     8.80165442E-001
     1.10395967E-002     8.91318322E-001
     1.10904496E-002     9.02431904E-001
     1.11413025E-002     9.13502864E-001
     1.11921555E-002     9.24531861E-001
     1.12430084E-002     9.35517422E-001
     1.12938613E-002     9.46457433E-001
     1.13447142E-002     9.57352762E-001
     1.13955672E-002     9.68200136E-001
     1.14464201E-002     9.78999971E-001
     1.14972730E-002     9.89751215E-001
     1.15481259E-002     1.00045135E+000
     1.15989788E-002     1.01110146E+000
     1.16498318E-002     1.02169839E+000
     1.17006847E-002     1.03224227E+000
     1.17515376E-002     1.04273245E+000
     1.18023905E-002     1.05316610E+000
     1.18532434E-002     1.06354444E+000
     1.19040964E-002     1.07386448E+000
     1.19549493E-002     1.08412605E+000
     1.20058022E-002     1.09432887E+000
     1.20566551E-002     1.10446989E+000
     1.21075080E-002     1.11455036E+000
     1.21583610E-002     1.12456756E+000
     1.22092139E-002     1.13452099E+000
     1.22600668E-002     1.14441069E+000
     1.23109197E-002     1.15423347E+000
     1.23617727E-002     1.16399057E+000
     1.24126256E-002     1.17367956E+000
     1.24634785E-002     1.18329959E+000
     1.25143314E-002     1.19285102E+000
     1.25651843E-002     1.20233059E+000
     1.26160373E-002     1.21173945E+000
     1.26668902E-002     1.22107552E+000
     1.27177431E-002     1.23033759E+000
     1.27685960E-002     1.23952630E+000
     1.28194489E-002     1.24863839E+000
     1.28703019E-002     1.25767486E+000
     1.29211548E-002     1.26663403E+000
     1.29720077E-002     1.27551432E+000
     1.30228606E-002     1.28431663E+000
     1.30737136E-002     1.29303775E+000
     1.31245665E-002     1.30167849E+000
     1.31754194E-002     1.31023760E+000
     1.32262723E-002     1.31871314E+000
     1.32771252E-002     1.32710620E+000
     1.33279782E-002     1.33541374E+000
     1.33788311E-002     1.34363628E+000
     1.34296840E-002     1.35177305E+000
     1.34805369E-002     1.35982175E+000
     1.35313898E-002     1.36778366E+000
     1.35822428E-002     1.37565591E+000
     1.36330957E-002     1.38343876E+000
     1.36839486E-002     1.39113183E+000
     1.37348015E-002     1.39873262E+000
     1.37856544E-002     1.40624245E+000
     1.38365074E-002     1.41365872E+000
     1.38873603E-002     1.42098140E+000
     1.39382132E-002     1.42821046E+000
     1.39890661E-002     1.43534328E+000
     1.40399191E-002     1.44238118E+000
     1.40907720E-002     1.44932183E+000
     1.41416249E-002     1.45616494E+000
     1.41924778E-002     1.46291078E+000
     1.42433307E-002     1.46955669E+000
     1.42941837E-002     1.47610390E+000
     1.43450366E-002     1.48255045E+000
     1.43958895E-002     1.48889573E+000
     1.44467424E-002     1.49514031E+000
     1.44975953E-002     1.50128152E+000
     1.45484483E-002     1.50732050E+000
     1.45993012E-002     1.51325563E+000
     1.46501541E-002     1.51908603E+000
     1.47010070E-002     1.52481251E+000
     1.47518599E-002     1.53043247E+000
     1.48027129E-002     1.53594689E+000
     1.48535658E-002     1.54135454E+000
     1.49044187E-002     1.54665428E+000
     1.49552716E-002     1.55184710E+000
     1.50061246E-002     1.55693053E+000
     1.50569775E-002     1.56190535E+000
     1.51078304E-002     1.56677076E+000
     1.51586833E-002     1.57152535E+000
     1.52095362E-002     1.57617027E+000
     1.52603892E-002     1.58070321E+000
     1.53112421E-002     1.58512474E+000
     1.53620950E-002     1.58943449E+000
     1.54129479E-002     1.59363080E+000
     1.54638008E-002     1.59771493E+000
     1.55146538E-002     1.60168479E+000
     1.55655067E-002     1.60554074E+000
     1.56163596E-002     1.60928275E+000
     1.56672125E-002     1.61290906E+000
     1.57180654E-002     1.61642093E+000
     1.57689184E-002     1.61981652E+000
     1.58197713E-002     1.62309600E+000
     1.58706242E-002     1.62625964E+000
     1.59214771E-002     1.62930563E+000
     1.59723301E-002     1.63223519E+000
     1.60231830E-002     1.63504677E+000
     1.60740359E-002     1.63774034E+000
     1.61248888E-002     1.64031643E+000
     1.61757417E-002     1.64277323E+000
     1.62265947E-002     1.64511190E+000
     1.62774476E-002     1.64733120E+000
     1.63283005E-002     1.64943088E+000
     1.63791534E-002     1.65141171E+000
     1.64300063E-002     1.65327195E+000
     1.64808593E-002     1.65501263E+000
     1.65317122E-002     1.65663284E+000
     1.65825651E-002     1.65813216E+000
     1.66334180E-002     1.65951153E+000
     1.66842709E-002     1.66076931E+000
     1.67351239E-002     1.66190641E+000
     1.67859768E-002     1.66292224E+000
     1.68368297E-002     1.66381623E+000
     1.68876826E-002     1.66458945E+000
     1.69385356E-002     1.66524037E+000
     1.69893885E-002     1.66576981E+000
     1.70402414E-002     1.66617749E+000
     1.70910943E-002     1.66646269E+000
     1.71419472E-002     1.66662657E+000
     1.71928002E-002     1.66666778E+000
     1.72436531E-002     1.66658698E+000
     1.72945060E-002     1.66638425E+000
     1.73453589E-002     1.66605872E+000
     1.73962118E-002     1.66561161E+000
     1.74470648E-002     1.66504176E+000
     1.74979177E-002     1.66434970E+000
     1.75487706E-002     1.66353577E+000
     1.75996235E-002     1.66259909E+000
     1.76504764E-002     1.66154085E+000
     1.77013294E-002     1.66036010E+000
     1.77521823E-002     1.65905726E+000
     1.78030352E-002     1.65763290E+000
     1.78538881E-002     1.65608614E+000
     1.79047411E-002     1.65441813E+000
     1.79555940E-002     1.65262816E+000
     1.80064469E-002     1.65071651E+000
     1.80572998E-002     1.64868398E+000
     1.81081527E-002     1.64652971E+000
     1.81590057E-002     1.64425479E+000
     1.82098586E-002     1.64185875E+000
     1.82607115E-002     1.63934177E+000
     1.83115644E-002     1.63670480E+000
     1.83624173E-002     1.63394706E+000
     1.84132703E-002     1.63106957E+000
     1.84641232E-002     1.62807208E+000
     1.85149761E-002     1.62495471E+000
     1.85658290E-002     1.62171850E+000
     1.86166819E-002     1.61836278E+000
     1.86675349E-002     1.61488849E+000
     1.87183878E-002     1.61129563E+000
     1.87692407E-002     1.60758423E+000
     1.88200936E-002     1.60375543E+000
     1.88709466E-002     1.59980865E+000
     1.89217995E-002     1.59574475E+000
     1.89726524E-002     1.59156401E+000
     1.90235053E-002     1.58726636E+000
     1.90743582E-002     1.58285299E+000
     1.91252112E-002     1.57832346E+000
     1.91760641E-002     1.57367857E+000
     1.92269170E-002     1.56891879E+000
     1.92777699E-002     1.56404404E+000
     1.93286228E-002     1.55905551E+000
     1.93794758E-002     1.55395290E+000
     1.94303287E-002     1.54873695E+000
     1.94811816E-002     1.54340834E+000
     1.95320345E-002     1.53796697E+000
     1.95828875E-002     1.53241401E+000
     1.96337404E-002     1.52674931E+000
     1.96845933E-002     1.52097357E+000
     1.97354462E-002     1.51508761E+000
     1.97862991E-002     1.50909138E+000
     1.98371521E-002     1.50298600E+000
     1.98880050E-002     1.49677148E+000
     1.99388579E-002     1.49044846E+000
     1.99897108E-002     1.48401793E+000
     2.00405637E-002     1.47747984E+000
     2.00914167E-002     1.47083528E+000
     2.01422696E-002     1.46408443E+000
     2.01931225E-002     1.45722789E+000
     2.02439754E-002     1.45026672E+000
     2.02948283E-002     1.44320097E+000
     2.03456813E-002     1.43603167E+000
     2.03965342E-002     1.42875917E+000
     2.04473871E-002     1.42138400E+000
     2.04982400E-002     1.41390733E+000
     2.05490930E-002     1.40632926E+000
     2.05999459E-002     1.39865078E+000
     2.06507988E-002     1.39087240E+000
     2.07016517E-002     1.38299464E+000
     2.07525046E-002     1.37501869E+000
     2.08033576E-002     1.36694472E+000
     2.08542105E-002     1.35877372E+000
     2.09050634E-002     1.35050633E+000
     2.09559163E-002     1.34214305E+000
     2.10067692E-002     1.33368508E+000
     2.10576222E-002     1.32513270E+000
     2.11084751E-002     1.31648683E+000
     2.11593280E-002     1.30774830E+000
     2.12101809E-002     1.29891758E+000
     2.12610338E-002     1.28999585E+000
     2.13118868E-002     1.28098350E+000
     2.13627397E-002     1.27188142E+000
     2.14135926E-002     1.26269056E+000
     2.14644455E-002     1.25341141E+000
     2.15152985E-002     1.24404512E+000
     2.15661514E-002     1.23459216E+000
     2.16170043E-002     1.22505343E+000
     2.16678572E-002     1.21542996E+000
     2.17187101E-002     1.20572226E+000
     2.17695631E-002     1.19593148E+000
     2.18204160E-002     1.18605815E+000
     2.18712689E-002     1.17610317E+000
     2.19221218E-002     1.16606764E+000
     2.19729747E-002     1.15595212E+000
     2.20238277E-002     1.14575770E+000
     2.20746806E-002     1.13548504E+000
     2.21255335E-002     1.12513500E+000
     2.21763864E-002     1.11470874E+000
     2.22272393E-002     1.10420686E+000
     2.22780923E-002     1.09363044E+000
     2.23289452E-002     1.08298021E+000
     2.23797981E-002     1.07225703E+000
     2.24306510E-002     1.06146210E+000
     2.24815040E-002     1.05059604E+000
     2.25323569E-002     1.03965992E+000
     2.25832098E-002     1.02865458E+000
     2.26340627E-002     1.01758085E+000
     2.26849156E-002     1.00643994E+000
     2.27357686E-002     9.95232518E-001
     2.27866215E-002     9.83959653E-001
     2.28374744E-002     9.72622262E-001
     2.28883273E-002     9.61221166E-001
     2.29391802E-002     9.49757573E-001
     2.29900332E-002     9.38232203E-001
     2.30408861E-002     9.26646110E-001
     2.30917390E-002     9.15000289E-001
     2.31425919E-002     9.03295560E-001
     2.31934448E-002     8.91533118E-001
     2.32442978E-002     8.79713727E-001
     2.32951507E-002     8.67838434E-001
     2.33460036E-002     8.55908303E-001
     2.33968565E-002     8.43924160E-001
     2.34477095E-002     8.31887173E-001
     2.34985624E-002     8.19798155E-001
     2.35494153E-002     8.07658150E-001
     2.36002682E-002     7.95468269E-001
     2.36511211E-002     7.83229349E-001
     2.37019741E-002     7.70942539E-001
     2.37528270E-002     7.58608699E-001
     2.38036799E-002     7.46228861E-001
     2.38545328E-002     7.33804172E-001
     2.39053857E-002     7.21335487E-001
     2.39562387E-002     7.08823936E-001
     2.40070916E-002     6.96270423E-001
     2.40579445E-002     6.83675969E-001
     2.41087974E-002     6.71041742E-001
     2.41596503E-002     6.58368618E-001
     2.42105033E-002     6.45657709E-001
     2.42613562E-002     6.32909965E-001
     2.43122091E-002     6.20126394E-001
     2.43630620E-002     6.07308171E-001
     2.44139150E-002     5.94456190E-001
     2.44647679E-002     5.81571555E-001
     2.45156208E-002     5.68655259E-001
     2.45664737E-002     5.55708294E-001
     2.46173266E-002     5.42731831E-001
     2.46681796E-002     5.29726783E-001
     2.47190325E-002     5.16694249E-001
     2.47698854E-002     5.03635262E-001
     2.48207383E-002     4.90550796E-001
     2.48715912E-002     4.77442010E-001
     2.49224442E-002     4.64309841E-001
     2.49732971E-002     4.51155379E-001
     2.50241500E-002     4.37979686E-001
     2.50750029E-002     4.24783729E-001
     2.51258559E-002     4.11568650E-001
     2.51767088E-002     3.98335406E-001
     2.52275617E-002     3.85085076E-001
     2.52784146E-002     3.71818743E-001
     2.53292675E-002     3.58537372E-001
     2.53801205E-002     3.45242088E-001
     2.54309734E-002     3.31933861E-001
     2.54818263E-002     3.18613761E-001
     2.55326792E-002     3.05282886E-001
     2.55835321E-002     2.91942197E-001
     2.56343851E-002     2.78592801E-001
     2.56852380E-002     2.65235684E-001
     2.57360909E-002     2.51871904E-001
     2.57869438E-002     2.38502561E-001
     2.58377967E-002     2.25128617E-001
     2.58886497E-002     2.11751164E-001
     2.59395026E-002     1.98371203E-001
     2.59903555E-002     1.84989771E-001
     2.60412084E-002     1.71607966E-001
     2.60920614E-002     1.58226754E-001
     2.61429143E-002     1.44847213E-001
     2.61937672E-002     1.31470350E-001
     2.62446201E-002     1.18097189E-001
     2.62954730E-002     1.04728814E-001
     2.63463260E-002     9.13661948E-002
     2.63971789E-002     7.80103963E-002
     2.64480318E-002     6.46624356E-002
     2.64988847E-002     5.13233106E-002
     2.65497376E-002     3.79940951E-002
     2.66005906E-002     2.46757608E-002
     2.66514435E-002     1.13693591E-002
     2.67022964E-002    -1.92409217E-003
     2.67531493E-002    -1.52036136E-002
     2.68040022E-002    -2.84681462E-002
     2.68548552E-002    -4.17167195E-002
     2.69057081E-002    -5.49482980E-002
     2.69565610E-002    -6.81618653E-002
     2.70074139E-002    -8.13564584E-002
     2.70582669E-002    -9.45310386E-002
     2.71091198E-002    -1.07684636E-001
     2.71599727E-002    -1.20816232E-001
     2.72108256E-002    -1.33924818E-001
     2.72616785E-002    -1.47009449E-001
     2.73125315E-002    -1.60069103E-001
     2.73633844E-002    -1.73102812E-001
     2.74142373E-002    -1.86109578E-001
     2.74650902E-002    -1.99088409E-001
     2.75159431E-002    -2.12038372E-001
     2.75667961E-002    -2.24958462E-001
     2.76176490E-002    -2.37847719E-001
     2.76685019E-002    -2.50705168E-001
     2.77193548E-002    -2.63529831E-001
     2.77702077E-002    -2.76320791E-001
     2.78210607E-002    -2.89077062E-001
     2.78719136E-002    -3.01797691E-001
     2.79227665E-002    -3.14481730E-001
     2.79736194E-002    -3.27128222E-001
     2.80244724E-002    -3.39736259E-001
     2.80753253E-002    -3.52304875E-001
     2.81261782E-002    -3.64833134E-001
     2.81770311E-002    -3.77320113E-001
     2.82278840E-002    -3.89764873E-001
     2.82787370E-002    -4.02166520E-001
     2.83295899E-002    -4.14524112E-001
     2.83804428E-002    -4.26836728E-001
     2.84312957E-002    -4.39103474E-001
     2.84821486E-002    -4.51323433E-001
     2.85330016E-002    -4.63495720E-001
     2.85838545E-002    -4.75619419E-001
     2.86347074E-002    -4.87693635E-001
     2.86855603E-002    -4.99717498E-001
     2.87364132E-002    -5.11690109E-001
     2.87872662E-002    -5.23610601E-001
     2.88381191E-002    -5.35478087E-001
     2.88889720E-002    -5.47291696E-001
     2.89398249E-002    -5.59050582E-001
     2.89906779E-002    -5.70753868E-001
     2.90415308E-002    -5.82400707E-001
     2.90923837E-002    -5.93990239E-001
     2.91432366E-002    -6.05521623E-001
     2.91940895E-002    -6.16994038E-001
     2.92449425E-002    -6.28406630E-001
     2.92957954E-002    -6.39758571E-001
     2.93466483E-002    -6.51049033E-001
     2.93975012E-002    -6.62277203E-001
     2.94483541E-002    -6.73442286E-001
     2.94992071E-002    -6.84543457E-001
     2.95500600E-002    -6.95579907E-001
     2.96009129E-002    -7.06550842E-001
     2.96517658E-002    -7.17455477E-001
     2.97026187E-002    -7.28293045E-001
     2.97534717E-002    -7.39062747E-001
     2.98043246E-002    -7.49763802E-001
     2.98551775E-002    -7.60395451E-001
     2.99060304E-002    -7.70956934E-001
     2.99568834E-002    -7.81447509E-001
     3.00077363E-002    -7.91866414E-001