    -4.18982964E-002     0.00000000E+000
    -4.18474446E-002    -5.30789383E-011
    -4.17965927E-002    -5.11775805E-011
    -4.17457409E-002    -4.94829395E-011
    -4.16948891E-002    -4.89824367E-011
    -4.16440373E-002    -4.92188862E-011
    -4.15931855E-002    -4.91668636E-011
    -4.15423337E-002    -4.81940998E-011
    -4.14914818E-002    -4.65667335E-011
    -4.14406300E-002    -4.50883554E-011
    -4.13897782E-002    -4.42762736E-011
    -4.13389264E-002    -4.38772680E-011
    -4.12880746E-002    -4.31396455E-011
    -4.12372228E-002    -4.15413157E-011
    -4.11863710E-002    -3.92408392E-011
    -4.11355191E-002    -3.68353085E-011
    -4.10846673E-002    -3.47136838E-011
    -4.10338155E-002    -3.26492197E-011
    -4.09829637E-002    -3.00309871E-011
    -4.09321119E-002    -2.64698870E-011
    -4.08812601E-002    -2.21597939E-011
    -4.08304082E-002    -1.76617667E-011
    -4.07795564E-002    -1.33370296E-011
    -4.07287046E-002    -9.02107320E-012
    -4.06778528E-002    -4.24828923E-012
    -4.06270010E-002     1.23042770E-012
    -4.05761492E-002     7.15474804E-012
    -4.05252973E-002     1.29955206E-011
    -4.04744455E-002     1.84595697E-011
    -4.04235937E-002     2.37481049E-011
    -4.03727419E-002     2.93334874E-011
    -4.03218901E-002     3.54779209E-011
    -4.02710383E-002     4.20114463E-011
    -4.02201865E-002     4.85718424E-011
    -4.01693346E-002     5.50445194E-011
    -4.01184828E-002     6.17636766E-011
    -4.00676310E-002     6.92442860E-011
    -4.00167792E-002     7.77453612E-011
    -3.99659274E-002     8.70917418E-011
    -3.99150756E-002     9.69123737E-011
    -3.98642237E-002     1.07060790E-010
    -3.98133719E-002     1.17749557E-010
    -3.97625201E-002     1.29294496E-010
    -3.97116683E-002     1.41733265E-010
    -3.96608165E-002     1.54700364E-010
    -3.96099647E-002     1.67723816E-010
    -3.95591129E-002     1.80604073E-010
    -3.95082610E-002     1.93525936E-010
    -3.94574092E-002     2.06804281E-010
    -3.94065574E-002     2.20513052E-010
    -3.93557056E-002     2.34430004E-010
    -3.93048538E-002     2.48302984E-010
    -3.92540020E-002     2.62183115E-010
    -3.92031501E-002     2.76485192E-010
    -3.91522983E-002     2.91670757E-010
    -3.91014465E-002     3.07933725E-010
    -3.90505947E-002     3.25148588E-010
    -3.89997429E-002     3.43143050E-010
    -3.89488911E-002     3.62023555E-010
    -3.88980393E-002     3.82160616E-010
    -3.88471874E-002     4.03922786E-010
    -3.87963356E-002     4.27379476E-010
    -3.87454838E-002     4.52292306E-010
    -3.86946320E-002     4.78433274E-010
    -3.86437802E-002     5.05825959E-010
    -3.85929284E-002     5.34743537E-010
    -3.85420765E-002     5.65409792E-010
    -3.84912247E-002     5.97714806E-010
    -3.84403729E-002     6.31287132E-010
    -3.83895211E-002     6.65751210E-010
    -3.83386693E-002     7.00997967E-010
    -3.82878175E-002     7.37142817E-010
    -3.82369656E-002     7.74216800E-010
    -3.81861138E-002     8.12004918E-010
    -3.81352620E-002     8.50103760E-010
    -3.80844102E-002     8.88264310E-010
    -3.80335584E-002     9.26648054E-010
    -3.79827066E-002     9.65729211E-010
    -3.79318548E-002     1.00608413E-009
    -3.78810029E-002     1.04816768E-009
    -3.78301511E-002     1.09241873E-009
    -3.77792993E-002     1.13953437E-009
    -3.77284475E-002     1.19051349E-009
    -3.76775957E-002     1.24649593E-009
    -3.76267439E-002     1.30829368E-009
    -3.75758920E-002     1.37607925E-009
    -3.75250402E-002     1.44941493E-009
    -3.74741884E-002     1.52736511E-009
    -3.74233366E-002     1.60871060E-009
    -3.73724848E-002     1.69187886E-009
    -3.73216330E-002     1.77489418E-009
    -3.72707812E-002     1.85567055E-009
    -3.72199293E-002     1.93250044E-009
    -3.71690775E-002     2.00484669E-009
    -3.71182257E-002     2.07376096E-009
    -3.70673739E-002     2.14182925E-009
    -3.70165221E-002     2.21284413E-009
    -3.69656703E-002     2.29112050E-009
    -3.69148184E-002     2.38098140E-009
    -3.68639666E-002     2.48603321E-009
    -3.68131148E-002     2.60822886E-009
    -3.67622630E-002     2.74707749E-009
    -3.67114112E-002     2.89901270E-009
    -3.66605594E-002     3.05780432E-009
    -3.66097076E-002     3.21580127E-009
    -3.65588557E-002     3.36569397E-009
    -3.65080039E-002     3.50254955E-009
    -3.64571521E-002     3.62512134E-009
    -3.64063003E-002     3.73666847E-009
    -3.63554485E-002     3.84484280E-009
    -3.63045967E-002     3.96043039E-009
    -3.62537448E-002     4.09533677E-009
    -3.62028930E-002     4.25944996E-009
    -3.61520412E-002     4.45767371E-009
    -3.61011894E-002     4.68794283E-009
    -3.60503376E-002     4.94092381E-009
    -3.59994858E-002     5.20231142E-009
    -3.59486339E-002     5.45648368E-009
    -3.58977821E-002     5.69102887E-009
    -3.58469303E-002     5.90073855E-009
    -3.57960785E-002     6.08955523E-009
    -3.57452267E-002     6.27051071E-009
    -3.56943749E-002     6.46251368E-009
    -3.56435231E-002     6.68505563E-009
    -3.55926712E-002     6.95222343E-009
    -3.55418194E-002     7.26743165E-009
    -3.54909676E-002     7.62193320E-009
    -3.54401158E-002     7.99715435E-009
    -3.53892640E-002     8.37084674E-009
    -3.53384122E-002     8.72520501E-009
    -3.52875603E-002     9.05318767E-009
    -3.52367085E-002     9.36177826E-009
    -3.51858567E-002     9.66982021E-009
    -3.51350049E-002     1.00013459E-008
    -3.50841531E-002     1.03770647E-008
    -3.50333013E-002     1.08060432E-008
    -3.49824495E-002     1.12822666E-008
    -3.49315976E-002     1.17868303E-008
    -3.48807458E-002     1.22955713E-008
    -3.48298940E-002     1.27899650E-008
    -3.47790422E-002     1.32652698E-008
    -3.47281904E-002     1.37335232E-008
    -3.46773386E-002     1.42186556E-008
    -3.46264867E-002     1.47456177E-008
    -3.45756349E-002     1.53294340E-008
    -3.45247831E-002     1.59677468E-008
    -3.44739313E-002     1.66422165E-008
    -3.44230795E-002     1.73275441E-008
    -3.43722277E-002     1.80037465E-008
    -3.43213759E-002     1.86672394E-008
    -3.42705240E-002     1.93331413E-008
    -3.42196722E-002     2.00289151E-008
    -3.41688204E-002     2.07813665E-008
    -3.41179686E-002     2.16026417E-008
    -3.40671168E-002     2.24844937E-008
    -3.40162650E-002     2.34019864E-008
    -3.39654131E-002     2.43269281E-008
    -3.39145613E-002     2.52437725E-008
    -3.38637095E-002     2.61580660E-008
    -3.38128577E-002     2.70950242E-008
    -3.37620059E-002     2.80861038E-008
    -3.37111541E-002     2.91525592E-008
    -3.36603023E-002     3.02953051E-008
    -3.36094504E-002     3.14948108E-008
    -3.35585986E-002     3.27240412E-008
    -3.35077468E-002     3.39639244E-008
    -3.34568950E-002     3.52139159E-008
    -3.34060432E-002     3.64926369E-008
    -3.33551914E-002     3.78260815E-008
    -3.33043395E-002     3.92344464E-008
    -3.32534877E-002     4.07221701E-008
    -3.32026359E-002     4.22775452E-008
    -3.31517841E-002     4.38826986E-008
    -3.31009323E-002     4.55238868E-008
    -3.30500805E-002     4.72003180E-008
    -3.29992286E-002     4.89239755E-008
    -3.29483768E-002     5.07122679E-008
    -3.28975250E-002     5.25807732E-008
    -3.28466732E-002     5.45355210E-008
    -3.27958214E-002     5.65728050E-008
    -3.27449696E-002     5.86825269E-008
    -3.26941178E-002     6.08530626E-008
    -3.26432659E-002     6.30795081E-008
    -3.25924141E-002     6.53665710E-008
    -3.25415623E-002     6.77296803E-008
    -3.24907105E-002     7.01894942E-008
    -3.24398587E-002     7.27600116E-008
    -3.23890069E-002     7.54416184E-008
    -3.23381550E-002     7.82187391E-008
    -3.22873032E-002     8.10715316E-008
    -3.22364514E-002     8.39934576E-008
    -3.21855996E-002     8.69992654E-008
    -3.21347478E-002     9.01207640E-008
    -3.20838960E-002     9.33837655E-008
    -3.20330442E-002     9.67884501E-008
    -3.19821923E-002     1.00310083E-007
    -3.19313405E-002     1.03918977E-007
    -3.18804887E-002     1.07612536E-007
    -3.18296369E-002     1.11423236E-007
    -3.17787851E-002     1.15396602E-007
    -3.17279333E-002     1.19555858E-007
    -3.16770814E-002     1.23878910E-007
    -3.16262296E-002     1.28320898E-007
    -3.15753778E-002     1.32857511E-007
    -3.15245260E-002     1.37514049E-007
    -3.14736742E-002     1.42352507E-007
    -3.14228224E-002     1.47416636E-007
    -3.13719706E-002     1.52695721E-007
    -3.13211187E-002     1.58135634E-007
    -3.12702669E-002     1.63693470E-007
    -3.12194151E-002     1.69388905E-007
    -3.11685633E-002     1.75290245E-007
    -3.11177115E-002     1.81456819E-007
    -3.10668597E-002     1.87885032E-007
    -3.10160078E-002     1.94514940E-007
    -3.09651560E-002     2.01299883E-007
    -3.09143042E-002     2.08257397E-007
    -3.08634524E-002     2.15460496E-007
    -3.08126006E-002     2.22969446E-007
    -3.07617488E-002     2.30774637E-007
    -3.07108969E-002     2.38820499E-007
    -3.06600451E-002     2.47070754E-007
    -3.06091933E-002     2.55556853E-007
    -3.05583415E-002     2.64350640E-007
    -3.05074897E-002     2.73489590E-007
    -3.04566379E-002     2.82951195E-007
    -3.04057861E-002     2.92688405E-007
    -3.03549342E-002     3.02696551E-007
    -3.03040824E-002     3.13029361E-007
    -3.02532306E-002     3.23740489E-007
    -3.02023788E-002     3.34837049E-007
    -3.01515270E-002     3.46282532E-007
    -3.01006752E-002     3.58055983E-007
    -3.00498233E-002     3.70192775E-007
    -2.99989715E-002     3.82747715E-007
    -2.99481197E-002     3.95747554E-007
    -2.98972679E-002     4.09172284E-007
    -2.98464161E-002     4.22997114E-007
    -2.97955643E-002     4.37242316E-007
    -2.97447125E-002     4.51954078E-007
    -2.96938606E-002     4.67167859E-007
    -2.96430088E-002     4.82881678E-007
    -2.95921570E-002     4.99079109E-007
    -2.95413052E-002     5.15774213E-007
    -2.94904534E-002     5.33000533E-007
    -2.94396016E-002     5.50790669E-007
    -2.93887497E-002     5.69156201E-007
    -2.93378979E-002     5.88097269E-007
    -2.92870461E-002     6.07633557E-007
    -2.92361943E-002     6.27788649E-007
    -2.91853425E-002     6.48582826E-007
    -2.91344907E-002     6.70029750E-007
    -2.90836389E-002     6.92143213E-007
    -2.90327870E-002     7.14956172E-007
    -2.89819352E-002     7.38493431E-007
    -2.89310834E-002     7.62768157E-007
    -2.88802316E-002     7.87792358E-007
    -2.88293798E-002     8.13584674E-007
    -2.87785280E-002     8.40186568E-007
    -2.87276761E-002     8.67629105E-007
    -2.86768243E-002     8.95927901E-007
    -2.86259725E-002     9.25097112E-007
    -2.85751207E-002     9.55153008E-007
    -2.85242689E-002     9.86135571E-007
    -2.84734171E-002     1.01808147E-006
    -2.84225652E-002     1.05101728E-006
    -2.83717134E-002     1.08496775E-006
    -2.83208616E-002     1.11994727E-006
    -2.82700098E-002     1.15599003E-006
    -2.82191580E-002     1.19313580E-006
    -2.81683062E-002     1.23142125E-006
    -2.81174544E-002     1.27088241E-006
    -2.80666025E-002     1.31153502E-006
    -2.80157507E-002     1.35341190E-006
    -2.79648989E-002     1.39655648E-006
    -2.79140471E-002     1.44100871E-006
    -2.78631953E-002     1.48681119E-006
    -2.78123435E-002     1.53398649E-006
    -2.77614916E-002     1.58257441E-006
    -2.77106398E-002     1.63262243E-006
    -2.76597880E-002     1.68416804E-006
    -2.76089362E-002     1.73726069E-006
    -2.75580844E-002     1.79193674E-006
    -2.75072326E-002     1.84824310E-006
    -2.74563808E-002     1.90622484E-006
    -2.74055289E-002     1.96591685E-006
    -2.73546771E-002     2.02738316E-006
    -2.73038253E-002     2.09067489E-006
    -2.72529735E-002     2.15583643E-006
    -2.72021217E-002     2.22291046E-006
    -2.71512699E-002     2.29194395E-006
    -2.71004180E-002     2.36302178E-006
    -2.70495662E-002     2.43619632E-006
    -2.69987144E-002     2.51149991E-006
    -2.69478626E-002     2.58898790E-006
    -2.68970108E-002     2.66873279E-006
    -2.68461590E-002     2.75082690E-006
    -2.67953072E-002     2.83530843E-006
    -2.67444553E-002     2.92221040E-006
    -2.66936035E-002     3.01162158E-006
    -2.66427517E-002     3.10362975E-006
    -2.65918999E-002     3.19831264E-006
    -2.65410481E-002     3.29570580E-006
    -2.64901963E-002     3.39587022E-006
    -2.64393444E-002     3.49892289E-006
    -2.63884926E-002     3.60493861E-006
    -2.63376408E-002     3.71398366E-006
    -2.62867890E-002     3.82612236E-006
    -2.62359372E-002     3.94144323E-006
    -2.61850854E-002     4.06006165E-006
    -2.61342335E-002     4.18203848E-006
    -2.60833817E-002     4.30746024E-006
    -2.60325299E-002     4.43642694E-006
    -2.59816781E-002     4.56902564E-006
    -2.59308263E-002     4.70536545E-006
    -2.58799745E-002     4.84552436E-006
    -2.58291227E-002     4.98961515E-006
    -2.57782708E-002     5.13774621E-006
    -2.57274190E-002     5.28999842E-006
    -2.56765672E-002     5.44650206E-006
    -2.56257154E-002     5.60735897E-006
    -2.55748636E-002     5.77268315E-006
    -2.55240118E-002     5.94259046E-006
    -2.54731599E-002     6.11718228E-006
    -2.54223081E-002     6.29661179E-006
    -2.53714563E-002     6.48098270E-006
    -2.53206045E-002     6.67041257E-006
    -2.52697527E-002     6.86504954E-006
    -2.52189009E-002     7.06501206E-006
    -2.51680491E-002     7.27045479E-006
    -2.51171972E-002     7.48149257E-006
    -2.50663454E-002     7.69826768E-006
    -2.50154936E-002     7.92095318E-006
    -2.49646418E-002     8.14966773E-006
    -2.49137900E-002     8.38458092E-006
    -2.48629382E-002     8.62583816E-006
    -2.48120863E-002     8.87359272E-006
    -2.47612345E-002     9.12803099E-006
    -2.47103827E-002     9.38928893E-006
    -2.46595309E-002     9.65756159E-006
    -2.46086791E-002     9.93301069E-006
    -2.45578273E-002     1.02157953E-005
    -2.45069755E-002     1.05061362E-005
    -2.44561236E-002     1.08041901E-005
    -2.44052718E-002     1.11101590E-005
    -2.43544200E-002     1.14242277E-005
    -2.43035682E-002     1.17465818E-005
    -2.42527164E-002     1.20774724E-005
    -2.42018646E-002     1.24170602E-005
    -2.41510127E-002     1.27655631E-005
    -2.41001609E-002     1.31232100E-005
    -2.40493091E-002     1.34902034E-005
    -2.39984573E-002     1.38668098E-005
    -2.39476055E-002     1.42532106E-005
    -2.38967537E-002     1.46496538E-005
    -2.38459018E-002     1.50564023E-005
    -2.37950500E-002     1.54736685E-005
    -2.37441982E-002     1.59017472E-005
    -2.36933464E-002     1.63408520E-005
    -2.36424946E-002     1.67912505E-005
    -2.35916428E-002     1.72532383E-005
    -2.35407910E-002     1.77270488E-005
    -2.34899391E-002     1.82130080E-005
    -2.34390873E-002     1.87113587E-005
    -2.33882355E-002     1.92223903E-005
    -2.33373837E-002     1.97464386E-005
    -2.32865319E-002     2.02837590E-005
    -2.32356801E-002     2.08347085E-005
    -2.31848282E-002     2.13995660E-005
    -2.31339764E-002     2.19786441E-005
    -2.30831246E-002     2.25723216E-005
    -2.30322728E-002     2.31808783E-005
    -2.29814210E-002     2.38047013E-005
    -2.29305692E-002     2.44441109E-005
    -2.28797174E-002     2.50994476E-005
    -2.28288655E-002     2.57711359E-005
    -2.27780137E-002     2.64594768E-005
    -2.27271619E-002     2.71648936E-005
    -2.26763101E-002     2.78877627E-005
    -2.26254583E-002     2.86284451E-005
    -2.25746065E-002     2.93874063E-005
    -2.25237546E-002     3.01649843E-005
    -2.24729028E-002     3.09616450E-005
    -2.24220510E-002     3.17778090E-005
    -2.23711992E-002     3.26138563E-005
    -2.23203474E-002     3.34703191E-005
    -2.22694956E-002     3.43475768E-005
    -2.22186438E-002     3.52461127E-005
    -2.21677919E-002     3.61664062E-005
    -2.21169401E-002     3.71088866E-005
    -2.20660883E-002     3.80741386E-005
    -2.20152365E-002     3.90625642E-005
    -2.19643847E-002     4.00746851E-005
    -2.19135329E-002     4.11110647E-005
    -2.18626810E-002     4.21721605E-005
    -2.18118292E-002     4.32585936E-005
    -2.17609774E-002     4.43708256E-005
    -2.17101256E-002     4.55094295E-005
    -2.16592738E-002     4.66750288E-005
    -2.16084220E-002     4.78681104E-005
    -2.15575702E-002     4.90893585E-005
    -2.15067183E-002     5.03392968E-005
    -2.14558665E-002     5.16185297E-005
    -2.14050147E-002     5.29277557E-005
    -2.13541629E-002     5.42675092E-005
    -2.13033111E-002     5.56385257E-005
    -2.12524593E-002     5.70413936E-005
    -2.12016074E-002     5.84767653E-005
    -2.11507556E-002     5.99454200E-005
    -2.10999038E-002     6.14479285E-005
    -2.10490520E-002     6.29850848E-005
    -2.09982002E-002     6.45575638E-005
    -2.09473484E-002     6.61660567E-005
    -2.08964965E-002     6.78114175E-005
    -2.08456447E-002     6.94942688E-005
    -2.07947929E-002     7.12154703E-005
    -2.07439411E-002     7.29757847E-005
    -2.06930893E-002     7.47759418E-005
    -2.06422375E-002     7.66168844E-005
    -2.05913857E-002     7.84992923E-005
    -2.05405338E-002     8.04240845E-005
    -2.04896820E-002     8.23921225E-005
    -2.04388302E-002     8.44041775E-005
    -2.03879784E-002     8.64612835E-005
    -2.03371266E-002     8.85641880E-005
    -2.02862748E-002     9.07138672E-005
    -2.02354229E-002     9.29112885E-005
    -2.01845711E-002     9.51572740E-005
    -2.01337193E-002     9.74529500E-005
    -2.00828675E-002     9.97991433E-005
    -2.00320157E-002     1.02196886E-004
    -1.99811639E-002     1.04647254E-004
    -1.99303121E-002     1.07151128E-004
    -1.98794602E-002     1.09709728E-004
    -1.98286084E-002     1.12323969E-004
    -1.97777566E-002     1.14994936E-004
    -1.97269048E-002     1.17723826E-004
    -1.96760530E-002     1.20511592E-004
    -1.96252012E-002     1.23359541E-004
    -1.95743493E-002     1.26268682E-004
    -1.95234975E-002     1.29240163E-004
    -1.94726457E-002     1.32275312E-004
    -1.94217939E-002     1.35375148E-004
    -1.93709421E-002     1.38541057E-004
    -1.93200903E-002     1.41774171E-004
    -1.92692385E-002     1.45075706E-004
    -1.92183866E-002     1.48447115E-004
    -1.91675348E-002     1.51889488E-004
    -1.91166830E-002     1.55404307E-004
    -1.90658312E-002     1.58992834E-004
    -1.90149794E-002     1.62656344E-004
    -1.89641276E-002     1.66396424E-004
    -1.89132757E-002     1.70214242E-004
    -1.88624239E-002     1.74111372E-004
    -1.88115721E-002     1.78089221E-004
    -1.87607203E-002     1.82149132E-004
    -1.87098685E-002     1.86292830E-004
    -1.86590167E-002     1.90521573E-004
    -1.86081648E-002     1.94837013E-004
    -1.85573130E-002     1.99240721E-004
    -1.85064612E-002     2.03734108E-004
    -1.84556094E-002     2.08319038E-004
    -1.84047576E-002     2.12996866E-004
    -1.83539058E-002     2.17769329E-004
    -1.83030540E-002     2.22638181E-004
    -1.82522021E-002     2.27604902E-004
    -1.82013503E-002     2.32671478E-004
    -1.81504985E-002     2.37839394E-004
    -1.80996467E-002     2.43110477E-004
    -1.80487949E-002     2.48486636E-004
    -1.79979431E-002     2.53969434E-004
    -1.79470912E-002     2.59561000E-004
    -1.78962394E-002     2.65262963E-004
    -1.78453876E-002     2.71077222E-004
    -1.77945358E-002     2.77005864E-004
    -1.77436840E-002     2.83050553E-004
    -1.76928322E-002     2.89213535E-004
    -1.76419804E-002     2.95496589E-004
    -1.75911285E-002     3.01901696E-004
    -1.75402767E-002     3.08431130E-004
    -1.74894249E-002     3.15086653E-004
    -1.74385731E-002     3.21870644E-004
    -1.73877213E-002     3.28785052E-004
    -1.73368695E-002     3.35831932E-004
    -1.72860176E-002     3.43013746E-004
    -1.72351658E-002     3.50332366E-004
    -1.71843140E-002     3.57790275E-004
    -1.71334622E-002     3.65389611E-004
    -1.70826104E-002     3.73132526E-004
    -1.70317586E-002     3.81021677E-004
    -1.69809068E-002     3.89059034E-004
    -1.69300549E-002     3.97247193E-004
    -1.68792031E-002     4.05588514E-004
    -1.68283513E-002     4.14085220E-004
    -1.67774995E-002     4.22740145E-004
    -1.67266477E-002     4.31555389E-004
    -1.66757959E-002     4.40533653E-004
    -1.66249440E-002     4.49677532E-004
    -1.65740922E-002     4.58989337E-004
    -1.65232404E-002     4.68472083E-004
    -1.64723886E-002     4.78128000E-004
    -1.64215368E-002     4.87959885E-004
    -1.63706850E-002     4.97970564E-004
    -1.63198331E-002     5.08162442E-004
    -1.62689813E-002     5.18538696E-004
    -1.62181295E-002     5.29101737E-004
    -1.61672777E-002     5.39854459E-004
    -1.61164259E-002     5.50799914E-004
    -1.60655741E-002     5.61940607E-004
    -1.60147223E-002     5.73279867E-004
    -1.59638704E-002     5.84820287E-004
    -1.59130186E-002     5.96564854E-004
    -1.58621668E-002     6.08516847E-004
    -1.58113150E-002     6.20678890E-004
    -1.57604632E-002     6.33054461E-004
    -1.57096114E-002     6.45646362E-004
    -1.56587595E-002     6.58457653E-004
    -1.56079077E-002     6.71491836E-004
    -1.55570559E-002     6.84751658E-004
    -1.55062041E-002     6.98240736E-004
    -1.54553523E-002     7.11962087E-004
    -1.54045005E-002     7.25918861E-004
    -1.53536487E-002     7.40114795E-004
    -1.53027968E-002     7.54552752E-004
    -1.52519450E-002     7.69236460E-004
    -1.52010932E-002     7.84169183E-004
    -1.51502414E-002     7.99354152E-004
    -1.50993896E-002     8.14795323E-004
    -1.50485378E-002     8.30495680E-004
    -1.49976859E-002     8.46459068E-004
    -1.49468341E-002     8.62689019E-004
    -1.48959823E-002     8.79188835E-004
    -1.48451305E-002     8.95962676E-004
    -1.47942787E-002     9.13013665E-004
    -1.47434269E-002     9.30345738E-004
    -1.46925751E-002     9.47962702E-004
    -1.46417232E-002     9.65867937E-004
    -1.45908714E-002     9.84065794E-004
    -1.45400196E-002     1.00255956E-003
    -1.44891678E-002     1.02135324E-003
    -1.44383160E-002     1.04045091E-003
    -1.43874642E-002     1.05985604E-003
    -1.43366123E-002     1.07957314E-003
    -1.42857605E-002     1.09960569E-003
    -1.42349087E-002     1.11995776E-003
    -1.41840569E-002     1.14063369E-003
    -1.41332051E-002     1.16163703E-003
    -1.40823533E-002     1.18297243E-003
    -1.40315014E-002     1.20464358E-003
    -1.39806496E-002     1.22665462E-003
    -1.39297978E-002     1.24901010E-003
    -1.38789460E-002     1.27171371E-003
    -1.38280942E-002     1.29477020E-003
    -1.37772424E-002     1.31818348E-003
    -1.37263906E-002     1.34195774E-003
    -1.36755387E-002     1.36609776E-003
    -1.36246869E-002     1.39060733E-003
    -1.35738351E-002     1.41549131E-003
    -1.35229833E-002     1.44075382E-003
    -1.34721315E-002     1.46639911E-003
    -1.34212797E-002     1.49243218E-003
    -1.33704278E-002     1.51885690E-003
    -1.33195760E-002     1.54567821E-003
    -1.32687242E-002     1.57290048E-003
    -1.32178724E-002     1.60052801E-003
    -1.31670206E-002     1.62856598E-003
    -1.31161688E-002     1.65701835E-003
    -1.30653170E-002     1.68589011E-003
    -1.30144651E-002     1.71518592E-003
    -1.29636133E-002     1.74491008E-003
    -1.29127615E-002     1.77506792E-003
    -1.28619097E-002     1.80566355E-003
    -1.28110579E-002     1.83670198E-003
    -1.27602061E-002     1.86818809E-003
    -1.27093542E-002     1.90012622E-003
    -1.26585024E-002     1.93252185E-003
    -1.26076506E-002     1.96537920E-003
    -1.25567988E-002     1.99870328E-003
    -1.25059470E-002     2.03249921E-003
    -1.24550952E-002     2.06677137E-003
    -1.24042434E-002     2.10152531E-003
    -1.23533915E-002     2.13676541E-003
    -1.23025397E-002     2.17249667E-003
    -1.22516879E-002     2.20872440E-003
    -1.22008361E-002     2.24545302E-003
    -1.21499843E-002     2.28268813E-003
    -1.20991325E-002     2.32043425E-003
    -1.20482806E-002     2.35869639E-003
    -1.19974288E-002     2.39748001E-003
    -1.19465770E-002     2.43678956E-003
    -1.18957252E-002     2.47663067E-003
    -1.18448734E-002     2.51700801E-003
    -1.17940216E-002     2.55792656E-003
    -1.17431697E-002     2.59939190E-003
    -1.16923179E-002     2.64140852E-003
    -1.16414661E-002     2.68398203E-003
    -1.15906143E-002     2.72711728E-003
    -1.15397625E-002     2.77081918E-003
    -1.14889107E-002     2.81509342E-003
    -1.14380589E-002     2.85994450E-003
    -1.13872070E-002     2.90537799E-003
    -1.13363552E-002     2.95139889E-003
    -1.12855034E-002     2.99801205E-003
    -1.12346516E-002     3.04522323E-003
    -1.11837998E-002     3.09303694E-003
    -1.11329480E-002     3.14145867E-003
    -1.10820961E-002     3.19049356E-003
    -1.10312443E-002     3.24014638E-003
    -1.09803925E-002     3.29042293E-003
    -1.09295407E-002     3.34132772E-003
    -1.08786889E-002     3.39286614E-003
    -1.08278371E-002     3.44504344E-003
    -1.07769853E-002     3.49786430E-003
    -1.07261334E-002     3.55133450E-003
    -1.06752816E-002     3.60545856E-003
    -1.06244298E-002     3.66024174E-003
    -1.05735780E-002     3.71568937E-003
    -1.05227262E-002     3.77180606E-003
    -1.04718744E-002     3.82859747E-003
    -1.04210225E-002     3.88606816E-003
    -1.03701707E-002     3.94422323E-003
    -1.03193189E-002     4.00306804E-003
    -1.02684671E-002     4.06260711E-003
    -1.02176153E-002     4.12284598E-003
    -1.01667635E-002     4.18378920E-003
    -1.01159117E-002     4.24544172E-003
    -1.00650598E-002     4.30780886E-003
    -1.00142080E-002     4.37089504E-003
    -9.96335621E-003     4.43470563E-003
    -9.91250439E-003     4.49924519E-003
    -9.86165257E-003     4.56451847E-003
    -9.81080076E-003     4.63053072E-003
    -9.75994894E-003     4.69728622E-003
    -9.70909713E-003     4.76479016E-003
    -9.65824531E-003     4.83304707E-003
    -9.60739350E-003     4.90206148E-003
    -9.55654168E-003     4.97183852E-003
    -9.50568987E-003     5.04238235E-003
    -9.45483805E-003     5.11369790E-003
    -9.40398623E-003     5.18578965E-003
    -9.35313442E-003     5.25866189E-003
    -9.30228260E-003     5.33231961E-003
    -9.25143079E-003     5.40676679E-003
    -9.20057897E-003     5.48200809E-003
    -9.14972716E-003     5.55804791E-003
    -9.09887534E-003     5.63489028E-003
    -9.04802353E-003     5.71253997E-003
    -8.99717171E-003     5.79100080E-003
    -8.94631989E-003     5.87027711E-003
    -8.89546808E-003     5.95037316E-003
    -8.84461626E-003     6.03129274E-003
    -8.79376445E-003     6.11304033E-003
    -8.74291263E-003     6.19561957E-003
    -8.69206082E-003     6.27903446E-003
    -8.64120900E-003     6.36328905E-003
    -8.59035719E-003     6.44838690E-003
    -8.53950537E-003     6.53433213E-003
    -8.48865355E-003     6.62112816E-003
    -8.43780174E-003     6.70877867E-003
    -8.38694992E-003     6.79728745E-003
    -8.33609811E-003     6.88665774E-003
    -8.28524629E-003     6.97689332E-003
    -8.23439448E-003     7.06799736E-003
    -8.18354266E-003     7.15997316E-003
    -8.13269085E-003     7.25282420E-003
    -8.08183903E-003     7.34655342E-003
    -8.03098721E-003     7.44116418E-003
    -7.98013540E-003     7.53665938E-003
    -7.92928358E-003     7.63304192E-003
    -7.87843177E-003     7.73031491E-003
    -7.82757995E-003     7.82848097E-003
    -7.77672814E-003     7.92754299E-003
    -7.72587632E-003     8.02750356E-003
    -7.67502451E-003     8.12836518E-003
    -7.62417269E-003     8.23013054E-003
    -7.57332087E-003     8.33280188E-003
    -7.52246906E-003     8.43638163E-003
    -7.47161724E-003     8.54087199E-003
    -7.42076543E-003     8.64627505E-003
    -7.36991361E-003     8.75259302E-003
    -7.31906180E-003     8.85982777E-003
    -7.26820998E-003     8.96798119E-003
    -7.21735817E-003     9.07705508E-003
    -7.16650635E-003     9.18705108E-003
    -7.11565453E-003     9.29797088E-003
    -7.06480272E-003     9.40981592E-003
    -7.01395090E-003     9.52258759E-003
    -6.96309909E-003     9.63628717E-003
    -6.91224727E-003     9.75091587E-003
    -6.86139546E-003     9.86647479E-003
    -6.81054364E-003     9.98296494E-003
    -6.75969183E-003     1.01003871E-002
    -6.70884001E-003     1.02187422E-002
    -6.65798819E-003     1.03380307E-002
    -6.60713638E-003     1.04582533E-002
    -6.55628456E-003     1.05794104E-002
    -6.50543275E-003     1.07015023E-002
    -6.45458093E-003     1.08245292E-002
    -6.40372912E-003     1.09484912E-002
    -6.35287730E-003     1.10733883E-002
    -6.30202549E-003     1.11992204E-002
    -6.25117367E-003     1.13259872E-002
    -6.20032185E-003     1.14536883E-002
    -6.14947004E-003     1.15823232E-002
    -6.09861822E-003     1.17118913E-002
    -6.04776641E-003     1.18423918E-002
    -5.99691459E-003     1.19738240E-002
    -5.94606278E-003     1.21061865E-002
    -5.89521096E-003     1.22394786E-002
    -5.84435915E-003     1.23736988E-002
    -5.79350733E-003     1.25088457E-002
    -5.74265552E-003     1.26449180E-002
    -5.69180370E-003     1.27819137E-002
    -5.64095188E-003     1.29198313E-002
    -5.59010007E-003     1.30586687E-002
    -5.53924825E-003     1.31984238E-002
    -5.48839644E-003     1.33390947E-002
    -5.43754462E-003     1.34806786E-002
    -5.38669281E-003     1.36231734E-002
    -5.33584099E-003     1.37665764E-002
    -5.28498918E-003     1.39108846E-002
    -5.23413736E-003     1.40560955E-002
    -5.18328554E-003     1.42022055E-002
    -5.13243373E-003     1.43492120E-002
    -5.08158191E-003     1.44971114E-002
    -5.03073010E-003     1.46459000E-002
    -4.97987828E-003     1.47955745E-002
    -4.92902647E-003     1.49461308E-002
    -4.87817465E-003     1.50975653E-002
    -4.82732284E-003     1.52498738E-002
    -4.77647102E-003     1.54030518E-002
    -4.72561920E-003     1.55570954E-002
    -4.67476739E-003     1.57119995E-002
    -4.62391557E-003     1.58677599E-002
    -4.57306376E-003     1.60243716E-002
    -4.52221194E-003     1.61818292E-002
    -4.47136013E-003     1.63401283E-002
    -4.42050831E-003     1.64992628E-002
    -4.36965650E-003     1.66592277E-002
    -4.31880468E-003     1.68200174E-002
    -4.26795286E-003     1.69816257E-002
    -4.21710105E-003     1.71440472E-002
    -4.16624923E-003     1.73072752E-002
    -4.11539742E-003     1.74713038E-002
    -4.06454560E-003     1.76361268E-002
    -4.01369379E-003     1.78017368E-002
    -3.96284197E-003     1.79681279E-002
    -3.91199016E-003     1.81352927E-002
    -3.86113834E-003     1.83032241E-002
    -3.81028652E-003     1.84719154E-002
    -3.75943471E-003     1.86413582E-002
    -3.70858289E-003     1.88115460E-002
    -3.65773108E-003     1.89824704E-002
    -3.60687926E-003     1.91541235E-002
    -3.55602745E-003     1.93264978E-002
    -3.50517563E-003     1.94995842E-002
    -3.45432382E-003     1.96733752E-002
    -3.40347200E-003     1.98478617E-002
    -3.35262018E-003     2.00230348E-002
    -3.30176837E-003     2.01988863E-002
    -3.25091655E-003     2.03754062E-002
    -3.20006474E-003     2.05525863E-002
    -3.14921292E-003     2.07304166E-002
    -3.09836111E-003     2.09088874E-002
    -3.04750929E-003     2.10879896E-002
    -2.99665748E-003     2.12677124E-002
    -2.94580566E-003     2.14480467E-002
    -2.89495384E-003     2.16289819E-002
    -2.84410203E-003     2.18105071E-002
    -2.79325021E-003     2.19926128E-002
    -2.74239840E-003     2.21752870E-002
    -2.69154658E-003     2.23585199E-002
    -2.64069477E-003     2.25423002E-002
    -2.58984295E-003     2.27266160E-002
    -2.53899114E-003     2.29114571E-002
    -2.48813932E-003     2.30968107E-002
    -2.43728750E-003     2.32826659E-002
    -2.38643569E-003     2.34690110E-002
    -2.33558387E-003     2.36558329E-002
    -2.28473206E-003     2.38431207E-002
    -2.23388024E-003     2.40308611E-002
    -2.18302843E-003     2.42190419E-002
    -2.13217661E-003     2.44076508E-002
    -2.08132480E-003     2.45966740E-002
    -2.03047298E-003     2.47860997E-002
    -1.97962116E-003     2.49759139E-002
    -1.92876935E-003     2.51661034E-002
    -1.87791753E-003     2.53566553E-002
    -1.82706572E-003     2.55475548E-002
    -1.77621390E-003     2.57387895E-002
    -1.72536209E-003     2.59303446E-002
    -1.67451027E-003     2.61222060E-002
    -1.62365846E-003     2.63143601E-002
    -1.57280664E-003     2.65067914E-002
    -1.52195482E-003     2.66994867E-002
    -1.47110301E-003     2.68924305E-002
    -1.42025119E-003     2.70856077E-002
    -1.36939938E-003     2.72790043E-002
    -1.31854756E-003     2.74726037E-002
    -1.26769575E-003     2.76663921E-002
    -1.21684393E-003     2.78603535E-002
    -1.16599212E-003     2.80544717E-002
    -1.11514030E-003     2.82487322E-002
    -1.06428848E-003     2.84431177E-002
    -1.01343667E-003     2.86376134E-002
    -9.62584854E-004     2.88322030E-002
    -9.11733038E-004     2.90268694E-002
    -8.60881223E-004     2.92215974E-002
    -8.10029407E-004     2.94163692E-002
    -7.59177591E-004     2.96111691E-002
    -7.08325776E-004     2.98059802E-002
    -6.57473960E-004     3.00007846E-002
    -6.06622145E-004     3.01955667E-002
    -5.55770329E-004     3.03903080E-002
    -5.04918514E-004     3.05849920E-002
    -4.54066698E-004     3.07796014E-002
    -4.03214883E-004     3.09741175E-002
    -3.52363067E-004     3.11685241E-002
    -3.01511252E-004     3.13628023E-002
    -2.50659436E-004     3.15569346E-002
    -1.99807620E-004     3.17509035E-002
    -1.48955805E-004     3.19446895E-002
    -9.81039893E-005     3.21382760E-002
    -4.72521738E-005     3.23316434E-002
     3.59964178E-006     3.25247737E-002
     5.44514573E-005     3.27176488E-002
     1.05303273E-004     3.29102488E-002
     1.56155088E-004     3.31025564E-002
     2.07006904E-004     3.32945519E-002
     2.57858720E-004     3.34862161E-002
     3.08710535E-004     3.36775310E-002
     3.59562351E-004     3.38684760E-002
     4.10414166E-004     3.40590332E-002
     4.61265982E-004     3.42491828E-002
     5.12117797E-004     3.44389049E-002
     5.62969613E-004     3.46281810E-002
     6.13821428E-004     3.48169902E-002
     6.64673244E-004     3.50053142E-002
     7.15525059E-004     3.51931328E-002
     7.66376875E-004     3.53804255E-002
     8.17228691E-004     3.55671738E-002
     8.68080506E-004     3.57533562E-002
     9.18932322E-004     3.59389539E-002
     9.69784137E-004     3.61239466E-002
     1.02063595E-003     3.63083135E-002
     1.07148777E-003     3.64920355E-002
     1.12233958E-003     3.66750911E-002
     1.17319140E-003     3.68574610E-002
     1.22404321E-003     3.70391248E-002
     1.27489503E-003     3.72200611E-002
     1.32574685E-003     3.74002508E-002
     1.37659866E-003     3.75796723E-002
     1.42745048E-003     3.77583057E-002
     1.47830229E-003     3.79361307E-002
     1.52915411E-003     3.81131255E-002
     1.58000592E-003     3.82892709E-002
     1.63085774E-003     3.84645452E-002
     1.68170955E-003     3.86389282E-002
     1.73256137E-003     3.88123994E-002
     1.78341319E-003     3.89849370E-002
     1.83426500E-003     3.91565216E-002
     1.88511682E-003     3.93271316E-002
     1.93596863E-003     3.94967462E-002
     1.98682045E-003     3.96653454E-002
     2.03767226E-003     3.98329070E-002
     2.08852408E-003     3.99994117E-002
     2.13937589E-003     4.01648379E-002
     2.19022771E-003     4.03291646E-002
     2.24107953E-003     4.04923719E-002
     2.29193134E-003     4.06544376E-002
     2.34278316E-003     4.08153423E-002
     2.39363497E-003     4.09750647E-002
     2.44448679E-003     4.11335836E-002
     2.49533860E-003     4.12908792E-002
     2.54619042E-003     4.14469297E-002
     2.59704223E-003     4.16017154E-002
     2.64789405E-003     4.17552153E-002
     2.69874587E-003     4.19074083E-002
     2.74959768E-003     4.20582748E-002
     2.80044950E-003     4.22077930E-002
     2.85130131E-003     4.23559435E-002
     2.90215313E-003     4.25027055E-002
     2.95300494E-003     4.26480581E-002
     3.00385676E-003     4.27919817E-002
     3.05470857E-003     4.29344552E-002
     3.10556039E-003     4.30754590E-002
     3.15641221E-003     4.32149729E-002
     3.20726402E-003     4.33529760E-002
     3.25811584E-003     4.34894492E-002
     3.30896765E-003     4.36243716E-002
     3.35981947E-003     4.37577240E-002
     3.41067128E-003     4.38894865E-002
     3.46152310E-003     4.40196385E-002
     3.51237491E-003     4.41481614E-002
     3.56322673E-003     4.42750349E-002
     3.61407855E-003     4.44002397E-002
     3.66493036E-003     4.45237566E-002
     3.71578218E-003     4.46455655E-002
     3.76663399E-003     4.47656482E-002
     3.81748581E-003     4.48839849E-002
     3.86833762E-003     4.50005565E-002
     3.91918944E-003     4.51153448E-002
     3.97004125E-003     4.52283299E-002
     4.02089307E-003     4.53394941E-002
     4.07174489E-003     4.54488183E-002
     4.12259670E-003     4.55562840E-002
     4.17344852E-003     4.56618734E-002
     4.22430033E-003     4.57655674E-002
     4.27515215E-003     4.58673487E-002
     4.32600396E-003     4.59671991E-002
     4.37685578E-003     4.60651004E-002
     4.42770759E-003     4.61610356E-002
     4.47855941E-003     4.62549865E-002
     4.52941123E-003     4.63469362E-002
     4.58026304E-003     4.64368674E-002
     4.63111486E-003     4.65247625E-002
     4.68196667E-003     4.66106052E-002
     4.73281849E-003     4.66943782E-002
     4.78367030E-003     4.67760653E-002
     4.83452212E-003     4.68556499E-002
     4.88537393E-003     4.69331153E-002
     4.93622575E-003     4.70084460E-002
     4.98707757E-003     4.70816256E-002
     5.03792938E-003     4.71526385E-002
     5.08878120E-003     4.72214692E-002
     5.13963301E-003     4.72881018E-002
     5.19048483E-003     4.73525216E-002
     5.24133664E-003     4.74147132E-002
     5.29218846E-003     4.74746618E-002
     5.34304027E-003     4.75323530E-002
     5.39389209E-003     4.75877718E-002
     5.44474391E-003     4.76409043E-002
     5.49559572E-003     4.76917363E-002
     5.54644754E-003     4.77402538E-002
     5.59729935E-003     4.77864435E-002
     5.64815117E-003     4.78302914E-002
     5.69900298E-003     4.78717846E-002
     5.74985480E-003     4.79109099E-002
     5.80070661E-003     4.79476545E-002
     5.85155843E-003     4.79820060E-002
     5.90241025E-003     4.80139516E-002
     5.95326206E-003     4.80434795E-002
     6.00411388E-003     4.80705776E-002
     6.05496569E-003     4.80952341E-002
     6.10581751E-003     4.81174378E-002
     6.15666932E-003     4.81371771E-002
     6.20752114E-003     4.81544413E-002
     6.25837295E-003     4.81692195E-002
     6.30922477E-003     4.81815011E-002
     6.36007659E-003     4.81912761E-002
     6.41092840E-003     4.81985341E-002
     6.46178022E-003     4.82032655E-002
     6.51263203E-003     4.82054608E-002
     6.56348385E-003     4.82051106E-002
     6.61433566E-003     4.82022060E-002
     6.66518748E-003     4.81967381E-002
     6.71603929E-003     4.81886985E-002
     6.76689111E-003     4.81780790E-002
     6.81774293E-003     4.81648714E-002
     6.86859474E-003     4.81490681E-002
     6.91944656E-003     4.81306617E-002
     6.97029837E-003     4.81096450E-002
     7.02115019E-003     4.80860111E-002
     7.07200200E-003     4.80597533E-002
     7.12285382E-003     4.80308652E-002
     7.17370563E-003     4.79993408E-002
     7.22455745E-003     4.79651744E-002
     7.27540926E-003     4.79283604E-002
     7.32626108E-003     4.78888935E-002
     7.37711290E-003     4.78467687E-002
     7.42796471E-003     4.78019815E-002
     7.47881653E-003     4.77545275E-002
     7.52966834E-003     4.77044025E-002
     7.58052016E-003     4.76516029E-002
     7.63137197E-003     4.75961249E-002
     7.68222379E-003     4.75379654E-002
     7.73307560E-003     4.74771218E-002
     7.78392742E-003     4.74135911E-002
     7.83477924E-003     4.73473712E-002
     7.88563105E-003     4.72784599E-002
     7.93648287E-003     4.72068555E-002
     7.98733468E-003     4.71325569E-002
     8.03818650E-003     4.70555627E-002
     8.08903831E-003     4.69758722E-002
     8.13989013E-003     4.68934848E-002
     8.19074194E-003     4.68084003E-002
     8.24159376E-003     4.67206191E-002
     8.29244558E-003     4.66301413E-002
     8.34329739E-003     4.65369679E-002
     8.39414921E-003     4.64410997E-002
     8.44500102E-003     4.63425382E-002
     8.49585284E-003     4.62412852E-002
     8.54670465E-003     4.61373423E-002
     8.59755647E-003     4.60307122E-002
     8.64840828E-003     4.59213973E-002
     8.69926010E-003     4.58094006E-002
     8.75011192E-003     4.56947254E-002
     8.80096373E-003     4.55773751E-002
     8.85181555E-003     4.54573537E-002
     8.90266736E-003     4.53346655E-002
     8.95351918E-003     4.52093148E-002
     9.00437099E-003     4.50813068E-002
     9.05522281E-003     4.49506460E-002
     9.10607462E-003     4.48173385E-002
     9.15692644E-003     4.46813899E-002
     9.20777826E-003     4.45428062E-002
     9.25863007E-003     4.44015942E-002
     9.30948189E-003     4.42577600E-002
     9.36033370E-003     4.41113112E-002
     9.41118552E-003     4.39622551E-002
     9.46203733E-003     4.38105993E-002
     9.51288915E-003     4.36563522E-002
     9.56374096E-003     4.34995214E-002
     9.61459278E-003     4.33401161E-002
     9.66544460E-003     4.31781455E-002
     9.71629641E-003     4.30136185E-002
     9.76714823E-003     4.28465450E-002
     9.81800004E-003     4.26769345E-002
     9.86885186E-003     4.25047977E-002
     9.91970367E-003     4.23301452E-002
     9.97055549E-003     4.21529877E-002
     1.00214073E-002     4.19733366E-002
     1.00722591E-002     4.17912031E-002
     1.01231109E-002     4.16065993E-002
     1.01739628E-002     4.14195375E-002
     1.02248146E-002     4.12300298E-002
     1.02756664E-002     4.10380895E-002
     1.03265182E-002     4.08437291E-002
     1.03773700E-002     4.06469623E-002
     1.04282218E-002     4.04478031E-002
     1.04790736E-002     4.02462650E-002
     1.05299255E-002     4.00423628E-002
     1.05807773E-002     3.98361108E-002
     1.06316291E-002     3.96275241E-002
     1.06824809E-002     3.94166182E-002
     1.07333327E-002     3.92034080E-002
     1.07841845E-002     3.89879100E-002
     1.08350364E-002     3.87701401E-002
     1.08858882E-002     3.85501148E-002
     1.09367400E-002     3.83278510E-002
     1.09875918E-002     3.81033653E-002
     1.10384436E-002     3.78766755E-002
     1.10892954E-002     3.76477992E-002
     1.11401472E-002     3.74167540E-002
     1.11909991E-002     3.71835588E-002
     1.12418509E-002     3.69482312E-002
     1.12927027E-002     3.67107905E-002
     1.13435545E-002     3.64712560E-002
     1.13944063E-002     3.62296466E-002
     1.14452581E-002     3.59859826E-002
     1.14961100E-002     3.57402829E-002
     1.15469618E-002     3.54925684E-002
     1.15978136E-002     3.52428598E-002
     1.16486654E-002     3.49911772E-002
     1.16995172E-002     3.47375423E-002
     1.17503690E-002     3.44819757E-002
     1.18012208E-002     3.42244992E-002
     1.18520727E-002     3.39651350E-002
     1.19029245E-002     3.37039047E-002
     1.19537763E-002     3.34408310E-002
     1.20046281E-002     3.31759361E-002
     1.20554799E-002     3.29092430E-002
     1.21063317E-002     3.26407752E-002
     1.21571836E-002     3.23705554E-002
     1.22080354E-002     3.20986078E-002
     1.22588872E-002     3.18249558E-002
     1.23097390E-002     3.15496235E-002
     1.23605908E-002     3.12726357E-002
     1.24114426E-002     3.09940164E-002
     1.24622945E-002     3.07137908E-002
     1.25131463E-002     3.04319835E-002
     1.25639981E-002     3.01486200E-002
     1.26148499E-002     2.98637262E-002
     1.26657017E-002     2.95773269E-002
     1.27165535E-002     2.92894487E-002
     1.27674053E-002     2.90001174E-002
     1.28182572E-002     2.87093594E-002
     1.28691090E-002     2.84172017E-002
     1.29199608E-002     2.81236703E-002
     1.29708126E-002     2.78287926E-002
     1.30216644E-002     2.75325957E-002
     1.30725162E-002     2.72351070E-002
     1.31233681E-002     2.69363543E-002
     1.31742199E-002     2.66363646E-002
     1.32250717E-002     2.63351664E-002
     1.32759235E-002     2.60327878E-002
     1.33267753E-002     2.57292570E-002
     1.33776271E-002     2.54246027E-002
     1.34284789E-002     2.51188530E-002
     1.34793308E-002     2.48120370E-002
     1.35301826E-002     2.45041839E-002
     1.35810344E-002     2.41953226E-002
     1.36318862E-002     2.38854827E-002
     1.36827380E-002     2.35746931E-002
     1.37335898E-002     2.32629837E-002
     1.37844417E-002     2.29503846E-002
     1.38352935E-002     2.26369252E-002
     1.38861453E-002     2.23226360E-002
     1.39369971E-002     2.20075465E-002
     1.39878489E-002     2.16916875E-002
     1.40387007E-002     2.13750897E-002
     1.40895525E-002     2.10577831E-002
     1.41404044E-002     2.07397988E-002
     1.41912562E-002     2.04211673E-002
     1.42421080E-002     2.01019195E-002
     1.42929598E-002     1.97820870E-002
     1.43438116E-002     1.94617002E-002
     1.43946634E-002     1.91407909E-002
     1.44455153E-002     1.88193900E-002
     1.44963671E-002     1.84975290E-002
     1.45472189E-002     1.81752399E-002
     1.45980707E-002     1.78525537E-002
     1.46489225E-002     1.75295025E-002
     1.46997743E-002     1.72061177E-002
     1.47506262E-002     1.68824313E-002
     1.48014780E-002     1.65584756E-002
     1.48523298E-002     1.62342818E-002
     1.49031816E-002     1.59098825E-002
     1.49540334E-002     1.55853096E-002
     1.50048852E-002     1.52605952E-002
     1.50557370E-002     1.49357718E-002
     1.51065889E-002     1.46108710E-002
     1.51574407E-002     1.42859256E-002
     1.52082925E-002     1.39609678E-002
     1.52591443E-002     1.36360297E-002
     1.53099961E-002     1.33111442E-002
     1.53608479E-002     1.29863430E-002
     1.54116998E-002     1.26616588E-002
     1.54625516E-002     1.23371242E-002
     1.55134034E-002     1.20127714E-002
     1.55642552E-002     1.16886332E-002
     1.56151070E-002     1.13647413E-002
     1.56659588E-002     1.10411287E-002
     1.57168106E-002     1.07178278E-002
     1.57676625E-002     1.03948708E-002
     1.58185143E-002     1.00722903E-002
     1.58693661E-002     9.75011839E-003
     1.59202179E-002     9.42838750E-003
     1.59710697E-002     9.10713029E-003
     1.60219215E-002     8.78637863E-003
     1.60727734E-002     8.46616506E-003
     1.61236252E-002     8.14652141E-003
     1.61744770E-002     7.82747998E-003
     1.62253288E-002     7.50907323E-003
     1.62761806E-002     7.19133277E-003
     1.63270324E-002     6.87429084E-003
     1.63778842E-002     6.55797908E-003
     1.64287361E-002     6.24242944E-003
     1.64795879E-002     5.92767407E-003
     1.65304397E-002     5.61374421E-003
     1.65812915E-002     5.30067172E-003
     1.66321433E-002     4.98848794E-003
     1.66829951E-002     4.67722433E-003
     1.67338470E-002     4.36691264E-003
     1.67846988E-002     4.05758363E-003
     1.68355506E-002     3.74926867E-003
     1.68864024E-002     3.44199870E-003
     1.69372542E-002     3.13580461E-003
     1.69881060E-002     2.83071757E-003
     1.70389579E-002     2.52676780E-003
     1.70898097E-002     2.22398607E-003
     1.71406615E-002     1.92240283E-003
     1.71915133E-002     1.62204826E-003
     1.72423651E-002     1.32295285E-003
     1.72932169E-002     1.02514620E-003
     1.73440687E-002     7.28658356E-004
     1.73949206E-002     4.33519170E-004
     1.74457724E-002     1.39758013E-004
     1.74966242E-002    -1.52595399E-004
     1.75474760E-002    -4.43512204E-004
     1.75983278E-002    -7.32963167E-004
     1.76491796E-002    -1.02091917E-003
     1.77000315E-002    -1.30735171E-003
     1.77508833E-002    -1.59223198E-003
     1.78017351E-002    -1.87553194E-003
     1.78525869E-002    -2.15722326E-003
     1.79034387E-002    -2.43727768E-003
     1.79542905E-002    -2.71566765E-003
     1.80051423E-002    -2.99236536E-003
     1.80559942E-002    -3.26734371E-003
     1.81068460E-002    -3.54057536E-003
     1.81576978E-002    -3.81203302E-003
     1.82085496E-002    -4.08169018E-003
     1.82594014E-002    -4.34952013E-003
     1.83102532E-002    -4.61549676E-003
     1.83611051E-002    -4.87959388E-003
     1.84119569E-002    -5.14178524E-003
     1.84628087E-002    -5.40204546E-003
     1.85136605E-002    -5.66034901E-003
     1.85645123E-002    -5.91667088E-003
     1.86153641E-002    -6.17098608E-003
     1.86662159E-002    -6.42326955E-003
     1.87170678E-002    -6.67349711E-003
     1.87679196E-002    -6.92164450E-003
     1.88187714E-002    -7.16768787E-003
     1.88696232E-002    -7.41160352E-003
     1.89204750E-002    -7.65336770E-003
     1.89713268E-002    -7.89295752E-003
     1.90221787E-002    -8.13035003E-003
     1.90730305E-002    -8.36552263E-003
     1.91238823E-002    -8.59845301E-003
     1.91747341E-002    -8.82911881E-003
     1.92255859E-002    -9.05749851E-003
     1.92764377E-002    -9.28357055E-003
     1.93272895E-002    -9.50731365E-003
     1.93781414E-002    -9.72870696E-003
     1.94289932E-002    -9.94772962E-003
     1.94798450E-002    -1.01643615E-002
     1.95306968E-002    -1.03785826E-002
     1.95815486E-002    -1.05903729E-002
     1.96324004E-002    -1.07997132E-002
     1.96832523E-002    -1.10065842E-002
     1.97341041E-002    -1.12109672E-002
     1.97849559E-002    -1.14128438E-002
     1.98358077E-002    -1.16121954E-002
     1.98866595E-002    -1.18090044E-002
     1.99375113E-002    -1.20032531E-002
     1.99883632E-002    -1.21949245E-002
     2.00392150E-002    -1.23840015E-002
     2.00900668E-002    -1.25704675E-002
     2.01409186E-002    -1.27543062E-002
     2.01917704E-002    -1.29355016E-002
     2.02426222E-002    -1.31140385E-002
     2.02934740E-002    -1.32899014E-002
     2.03443259E-002    -1.34630752E-002
     2.03951777E-002    -1.36335454E-002
     2.04460295E-002    -1.38012978E-002
     2.04968813E-002    -1.39663186E-002
     2.05477331E-002    -1.41285944E-002
     2.05985849E-002    -1.42881114E-002
     2.06494368E-002    -1.44448572E-002
     2.07002886E-002    -1.45988191E-002
     2.07511404E-002    -1.47499852E-002
     2.08019922E-002    -1.48983436E-002
     2.08528440E-002    -1.50438826E-002
     2.09036958E-002    -1.51865913E-002
     2.09545476E-002    -1.53264590E-002
     2.10053995E-002    -1.54634754E-002
     2.10562513E-002    -1.55976305E-002
     2.11071031E-002    -1.57289144E-002
     2.11579549E-002    -1.58573180E-002
     2.12088067E-002    -1.59828324E-002
     2.12596585E-002    -1.61054490E-002
     2.13105104E-002    -1.62251598E-002
     2.13613622E-002    -1.63419567E-002
     2.14122140E-002    -1.64558325E-002
     2.14630658E-002    -1.65667800E-002
     2.15139176E-002    -1.66747926E-002
     2.15647694E-002    -1.67798640E-002
     2.16156212E-002    -1.68819880E-002
     2.16664731E-002    -1.69811593E-002
     2.17173249E-002    -1.70773728E-002
     2.17681767E-002    -1.71706234E-002
     2.18190285E-002    -1.72609067E-002
     2.18698803E-002    -1.73482187E-002
     2.19207321E-002    -1.74325558E-002
     2.19715840E-002    -1.75139146E-002
     2.20224358E-002    -1.75922922E-002
     2.20732876E-002    -1.76676859E-002
     2.21241394E-002    -1.77400937E-002
     2.21749912E-002    -1.78095139E-002
     2.22258430E-002    -1.78759450E-002
     2.22766949E-002    -1.79393858E-002
     2.23275467E-002    -1.79998357E-002
     2.23783985E-002    -1.80572945E-002
     2.24292503E-002    -1.81117624E-002
     2.24801021E-002    -1.81632399E-002
     2.25309539E-002    -1.82117277E-002
     2.25818057E-002    -1.82572270E-002
     2.26326576E-002    -1.82997395E-002
     2.26835094E-002    -1.83392675E-002
     2.27343612E-002    -1.83758131E-002
     2.27852130E-002    -1.84093791E-002
     2.28360648E-002    -1.84399685E-002
     2.28869166E-002    -1.84675850E-002
     2.29377685E-002    -1.84922326E-002
     2.29886203E-002    -1.85139155E-002
     2.30394721E-002    -1.85326382E-002
     2.30903239E-002    -1.85484057E-002
     2.31411757E-002    -1.85612236E-002
     2.31920275E-002    -1.85710977E-002
     2.32428793E-002    -1.85780340E-002
     2.32937312E-002    -1.85820390E-002
     2.33445830E-002    -1.85831196E-002
     2.33954348E-002    -1.85812832E-002
     2.34462866E-002    -1.85765373E-002
     2.34971384E-002    -1.85688900E-002
     2.35479902E-002    -1.85583495E-002
     2.35988421E-002    -1.85449246E-002
     2.36496939E-002    -1.85286245E-002
     2.37005457E-002    -1.85094585E-002
     2.37513975E-002    -1.84874364E-002
     2.38022493E-002    -1.84625685E-002
     2.38531011E-002    -1.84348653E-002
     2.39039529E-002    -1.84043378E-002
     2.39548048E-002    -1.83709970E-002
     2.40056566E-002    -1.83348546E-002
     2.40565084E-002    -1.82959225E-002
     2.41073602E-002    -1.82542132E-002
     2.41582120E-002    -1.82097393E-002
     2.42090638E-002    -1.81625137E-002
     2.42599157E-002    -1.81125496E-002
     2.43107675E-002    -1.80598609E-002
     2.43616193E-002    -1.80044617E-002
     2.44124711E-002    -1.79463663E-002
     2.44633229E-002    -1.78855893E-002
     2.45141747E-002    -1.78221457E-002
     2.45650266E-002    -1.77560510E-002
     2.46158784E-002    -1.76873209E-002
     2.46667302E-002    -1.76159715E-002
     2.47175820E-002    -1.75420190E-002
     2.47684338E-002    -1.74654801E-002
     2.48192856E-002    -1.73863719E-002
     2.48701374E-002    -1.73047117E-002
     2.49209893E-002    -1.72205172E-002
     2.49718411E-002    -1.71338062E-002
     2.50226929E-002    -1.70445970E-002
     2.50735447E-002    -1.69529082E-002
     2.51243965E-002    -1.68587589E-002
     2.51752483E-002    -1.67621680E-002
     2.52261002E-002    -1.66631551E-002
     2.52769520E-002    -1.65617400E-002
     2.53278038E-002    -1.64579427E-002
     2.53786556E-002    -1.63517838E-002
     2.54295074E-002    -1.62432838E-002
     2.54803592E-002    -1.61324636E-002
     2.55312110E-002    -1.60193445E-002
     2.55820629E-002    -1.59039482E-002
     2.56329147E-002    -1.57862963E-002
     2.56837665E-002    -1.56664109E-002
     2.57346183E-002    -1.55443144E-002
     2.57854701E-002    -1.54200295E-002
     2.58363219E-002    -1.52935790E-002
     2.58871738E-002    -1.51649860E-002
     2.59380256E-002    -1.50342740E-002
     2.59888774E-002    -1.49014667E-002
     2.60397292E-002    -1.47665880E-002
     2.60905810E-002    -1.46296620E-002
     2.61414328E-002    -1.44907132E-002
     2.61922846E-002    -1.43497663E-002
     2.62431365E-002    -1.42068460E-002
     2.62939883E-002    -1.40619778E-002
     2.63448401E-002    -1.39151868E-002
     2.63956919E-002    -1.37664987E-002
     2.64465437E-002    -1.36159393E-002
     2.64973955E-002    -1.34635347E-002
     2.65482474E-002    -1.33093112E-002
     2.65990992E-002    -1.31532954E-002
     2.66499510E-002    -1.29955137E-002
     2.67008028E-002    -1.28359932E-002
     2.67516546E-002    -1.26747610E-002
     2.68025064E-002    -1.25118445E-002
     2.68533583E-002    -1.23472712E-002
     2.69042101E-002    -1.21810687E-002
     2.69550619E-002    -1.20132649E-002
     2.70059137E-002    -1.18438880E-002
     2.70567655E-002    -1.16729663E-002
     2.71076173E-002    -1.15005283E-002
     2.71584691E-002    -1.13266024E-002
     2.72093210E-002    -1.11512175E-002
     2.72601728E-002    -1.09744026E-002
     2.73110246E-002    -1.07961868E-002
     2.73618764E-002    -1.06165995E-002
     2.74127282E-002    -1.04356700E-002
     2.74635800E-002    -1.02534280E-002
     2.75144319E-002    -1.00699031E-002
     2.75652837E-002    -9.88512532E-003
     2.76161355E-002    -9.69912467E-003
     2.76669873E-002    -9.51193127E-003
     2.77178391E-002    -9.32357541E-003
     2.77686909E-002    -9.13408753E-003
     2.78195427E-002    -8.94349816E-003
     2.78703946E-002    -8.75183799E-003
     2.79212464E-002    -8.55913776E-003
     2.79720982E-002    -8.36542836E-003
     2.80229500E-002    -8.17074078E-003
     2.80738018E-002    -7.97510612E-003
     2.81246536E-002    -7.77855559E-003
     2.81755055E-002    -7.58112044E-003
     2.82263573E-002    -7.38283205E-003
     2.82772091E-002    -7.18372189E-003
     2.83280609E-002    -6.98382151E-003
     2.83789127E-002    -6.78316251E-003
     2.84297645E-002    -6.58177657E-003
     2.84806163E-002    -6.37969547E-003
     2.85314682E-002    -6.17695103E-003
     2.85823200E-002    -5.97357512E-003
     2.86331718E-002    -5.76959967E-003
     2.86840236E-002    -5.56505666E-003
     2.87348754E-002    -5.35997815E-003
     2.87857272E-002    -5.15439623E-003
     2.88365791E-002    -4.94834299E-003
     2.88874309E-002    -4.74185055E-003
     2.89382827E-002    -4.53495110E-003
     2.89891345E-002    -4.32767688E-003
     2.90399863E-002    -4.12006013E-003
     2.90908381E-002    -3.91213304E-003
     2.91416900E-002    -3.70392786E-003
     2.91925418E-002    -3.49547685E-003
     2.92433936E-002    -3.28681232E-003
     2.92942454E-002    -3.07796654E-003
     2.93450972E-002    -2.86897175E-003
     2.93959490E-002    -2.65986014E-003
     2.94468008E-002    -2.45066398E-003
     2.94976527E-002    -2.24141553E-003
     2.95485045E-002    -2.03214700E-003
     2.95993563E-002    -1.82289051E-003
     2.96502081E-002    -1.61367817E-003
     2.97010599E-002    -1.40454209E-003
     2.97519117E-002    -1.19551439E-003
     2.98027636E-002    -9.86627107E-004
     2.98536154E-002    -7.77912152E-004
     2.99044672E-002    -5.69401409E-004
     2.99553190E-002    -3.61126773E-004
     3.00061708E-002    -1.53120092E-004
