    -4.17500000E-002    -2.21162556E-009
    -4.16250000E-002    -2.85115006E-009
    -4.15000000E-002    -3.61973610E-009
    -4.13750000E-002    -4.52679971E-009
    -4.12500000E-002    -5.57844478E-009
    -4.11250000E-002    -6.77727495E-009
    -4.10000000E-002    -8.12245843E-009
    -4.08750000E-002    -9.61067476E-009
    -4.07500000E-002    -1.12373075E-008
    -4.06250000E-002    -1.29983322E-008
    -4.05000000E-002    -1.48919231E-008
    -4.03750000E-002    -1.69200636E-008
    -4.02500000E-002    -1.90890953E-008
    -4.01250000E-002    -2.14097263E-008
    -4.00000000E-002    -2.38959167E-008
    -3.98750000E-002    -2.65639281E-008
    -3.97500000E-002    -2.94317251E-008
    -3.96250000E-002    -3.25205787E-008
    -3.95000000E-002    -3.58588250E-008
    -3.93750000E-002    -3.94886080E-008
    -3.92500000E-002    -4.34730742E-008
    -3.91250000E-002    -4.79023018E-008
    -3.90000000E-002    -5.28922549E-008
    -3.88750000E-002    -5.85750263E-008
    -3.87500000E-002    -6.50762586E-008
    -3.86250000E-002    -7.24860554E-008
    -3.85000000E-002    -8.08284918E-008
    -3.83750000E-002    -9.00479768E-008
    -3.82500000E-002    -1.00022519E-007
    -3.81250000E-002    -1.10616805E-007
    -3.80000000E-002    -1.21764055E-007
    -3.78750000E-002    -1.33555047E-007
    -3.77500000E-002    -1.46288450E-007
    -3.76250000E-002    -1.60445762E-007
    -3.75000000E-002    -1.76567475E-007
    -3.73750000E-002    -1.95068114E-007
    -3.72500000E-002    -2.16060724E-007
    -3.71250000E-002    -2.39309482E-007
    -3.70000000E-002    -2.64368859E-007
    -3.68750000E-002    -2.90900127E-007
    -3.67500000E-002    -3.19002683E-007
    -3.66250000E-002    -3.49359235E-007
    -3.65000000E-002    -3.83026238E-007
    -3.63750000E-002    -4.20946121E-007
    -3.62500000E-002    -4.63457072E-007
    -3.61250000E-002    -5.10218706E-007
    -3.60000000E-002    -5.60675391E-007
    -3.58750000E-002    -6.14788363E-007
    -3.57500000E-002    -6.73573946E-007
    -3.56250000E-002    -7.38567770E-007
    -3.55000000E-002    -8.10712147E-007
    -3.53750000E-002    -8.89884984E-007
    -3.52500000E-002    -9.75220140E-007
    -3.51250000E-002    -1.06675702E-006
    -3.50000000E-002    -1.16636084E-006
    -3.48750000E-002    -1.27683741E-006
    -3.47500000E-002    -1.39973843E-006
    -3.46250000E-002    -1.53422727E-006
    -3.45000000E-002    -1.67851621E-006
    -3.43750000E-002    -1.83298387E-006
    -3.42500000E-002    -2.00107778E-006
    -3.41250000E-002    -2.18703229E-006
    -3.40000000E-002    -2.39191979E-006
    -3.38750000E-002    -2.61362755E-006
    -3.37500000E-002    -2.85194199E-006
    -3.36250000E-002    -3.10972323E-006
    -3.35000000E-002    -3.39200186E-006
    -3.33750000E-002    -3.70145895E-006
    -3.32500000E-002    -4.03690981E-006
    -3.31250000E-002    -4.39878429E-006
    -3.30000000E-002    -4.79117669E-006
    -3.28750000E-002    -5.21909166E-006
    -3.27500000E-002    -5.68476429E-006
    -3.26250000E-002    -6.18881605E-006
    -3.25000000E-002    -6.73396128E-006
    -3.23750000E-002    -7.32530557E-006
    -3.22500000E-002    -7.96724383E-006
    -3.21250000E-002    -8.66265149E-006
    -3.20000000E-002    -9.41505056E-006
    -3.18750000E-002    -1.02294733E-005
    -3.17500000E-002    -1.11109476E-005
    -3.16250000E-002    -1.20645210E-005
    -3.15000000E-002    -1.30963624E-005
    -3.13750000E-002    -1.42128033E-005
    -3.12500000E-002    -1.54187859E-005
    -3.11250000E-002    -1.67202387E-005
    -3.10000000E-002    -1.81264029E-005
    -3.08750000E-002    -1.96469259E-005
    -3.07500000E-002    -2.12881644E-005
    -3.06250000E-002    -2.30567509E-005
    -3.05000000E-002    -2.49641305E-005
    -3.03750000E-002    -2.70235100E-005
    -3.02500000E-002    -2.92443496E-005
    -3.01250000E-002    -3.16354686E-005
    -3.00000000E-002    -3.42103382E-005
    -2.98750000E-002    -3.69851207E-005
    -2.97500000E-002    -3.99734516E-005
    -2.96250000E-002    -4.31885386E-005
    -2.95000000E-002    -4.66468127E-005
    -2.93750000E-002    -5.03670348E-005
    -2.92500000E-002    -5.43673683E-005
    -2.91250000E-002    -5.86669950E-005
    -2.90000000E-002    -6.32867814E-005
    -2.88750000E-002    -6.82490060E-005
    -2.87500000E-002    -7.35770148E-005
    -2.86250000E-002    -7.92967516E-005
    -2.85000000E-002    -8.54348648E-005
    -2.83750000E-002    -9.20191186E-005
    -2.82500000E-002    -9.90792629E-005
    -2.81250000E-002    -1.06648549E-004
    -2.80000000E-002    -1.14760796E-004
    -2.78750000E-002    -1.23451681E-004
    -2.77500000E-002    -1.32756578E-004
    -2.76250000E-002    -1.42706511E-004
    -2.75000000E-002    -1.53356520E-004
    -2.73750000E-002    -1.64761142E-004
    -2.72500000E-002    -1.76960521E-004
    -2.71250000E-002    -1.90017414E-004
    -2.70000000E-002    -2.03973898E-004
    -2.68750000E-002    -2.18884979E-004
    -2.67500000E-002    -2.34812172E-004
    -2.66250000E-002    -2.51820378E-004
    -2.65000000E-002    -2.69977270E-004
    -2.63750000E-002    -2.89356933E-004
    -2.62500000E-002    -3.10031409E-004
    -2.61250000E-002    -3.32088384E-004
    -2.60000000E-002    -3.55606881E-004
    -2.58750000E-002    -3.80692744E-004
    -2.57500000E-002    -4.07407211E-004
    -2.56250000E-002    -4.35766701E-004
    -2.55000000E-002    -4.65949553E-004
    -2.53750000E-002    -4.98035336E-004
    -2.52500000E-002    -5.32176346E-004
    -2.51250000E-002    -5.68561467E-004
    -2.50000000E-002    -6.07244078E-004
    -2.48750000E-002    -6.48356899E-004
    -2.47500000E-002    -6.92038074E-004
    -2.46250000E-002    -7.38431995E-004
    -2.45000000E-002    -7.87690094E-004
    -2.43750000E-002    -8.39973734E-004
    -2.42500000E-002    -8.95448698E-004
    -2.41250000E-002    -9.54290436E-004
    -2.40000000E-002    -1.01668284E-003
    -2.38750000E-002    -1.08281885E-003
    -2.37500000E-002    -1.15289690E-003
    -2.36250000E-002    -1.22712928E-003
    -2.35000000E-002    -1.30573605E-003
    -2.33750000E-002    -1.38894718E-003
    -2.32500000E-002    -1.47700105E-003
    -2.31250000E-002    -1.57015151E-003
    -2.30000000E-002    -1.66865819E-003
    -2.28750000E-002    -1.77279439E-003
    -2.27500000E-002    -1.88284407E-003
    -2.26250000E-002    -1.99910716E-003
    -2.25000000E-002    -2.12189003E-003
    -2.23750000E-002    -2.25151739E-003
    -2.22500000E-002    -2.38832291E-003
    -2.21250000E-002    -2.53265715E-003
    -2.20000000E-002    -2.68487965E-003
    -2.18750000E-002    -2.84537224E-003
    -2.17500000E-002    -3.01452386E-003
    -2.16250000E-002    -3.19274484E-003
    -2.15000000E-002    -3.38045492E-003
    -2.13750000E-002    -3.57809694E-003
    -2.12500000E-002    -3.78611966E-003
    -2.11250000E-002    -4.00500008E-003
    -2.10000000E-002    -4.23522342E-003
    -2.08750000E-002    -4.47730160E-003
    -2.07500000E-002    -4.73175178E-003
    -2.06250000E-002    -4.99912342E-003
    -2.05000000E-002    -5.27996903E-003
    -2.03750000E-002    -5.57487561E-003
    -2.02500000E-002    -5.88443432E-003
    -2.01250000E-002    -6.20927485E-003
    -2.00000000E-002    -6.55002425E-003
    -1.98750000E-002    -6.90735270E-003
    -1.97500000E-002    -7.28192528E-003
    -1.96250000E-002    -7.67445621E-003
    -1.95000000E-002    -8.08550927E-003
    -1.93750000E-002    -8.51532145E-003
    -1.92500000E-002    -8.96532878E-003
    -1.91250000E-002    -9.43673983E-003
    -1.90000000E-002    -9.93002604E-003
    -1.88750000E-002    -1.04465998E-002
    -1.87500000E-002    -1.09866199E-002
    -1.86250000E-002    -1.15508434E-002
    -1.85000000E-002    -1.21402978E-002
    -1.83750000E-002    -1.27559123E-002
    -1.82500000E-002    -1.33986314E-002
    -1.81250000E-002    -1.40695277E-002
    -1.80000000E-002    -1.47695196E-002
    -1.78750000E-002    -1.54998788E-002
    -1.77500000E-002    -1.62614830E-002
    -1.76250000E-002    -1.70560349E-002
    -1.75000000E-002    -1.78831771E-002
    -1.73750000E-002    -1.87406932E-002
    -1.72500000E-002    -1.96331109E-002
    -1.71250000E-002    -2.05608058E-002
    -1.70000000E-002    -2.15262787E-002
    -1.68750000E-002    -2.25332955E-002
    -1.67500000E-002    -2.35801775E-002
    -1.66250000E-002    -2.46681302E-002
    -1.65000000E-002    -2.57983619E-002
    -1.63750000E-002    -2.69721117E-002
    -1.62500000E-002    -2.81906163E-002
    -1.61250000E-002    -2.94551482E-002
    -1.60000000E-002    -3.07669724E-002
    -1.58750000E-002    -3.21273910E-002
    -1.57500000E-002    -3.35376919E-002
    -1.56250000E-002    -3.49992005E-002
    -1.55000000E-002    -3.65132229E-002
    -1.53750000E-002    -3.80811068E-002
    -1.52500000E-002    -3.97041739E-002
    -1.51250000E-002    -4.13837865E-002
    -1.50000000E-002    -4.31212743E-002
    -1.48750000E-002    -4.49180098E-002
    -1.47500000E-002    -4.67753260E-002
    -1.46250000E-002    -4.86946010E-002
    -1.45000000E-002    -5.06771647E-002
    -1.43750000E-002    -5.27243926E-002
    -1.42500000E-002    -5.48376034E-002
    -1.41250000E-002    -5.70181649E-002
    -1.40000000E-002    -5.92673782E-002
    -1.38750000E-002    -6.15865960E-002
    -1.37500000E-002    -6.39770933E-002
    -1.36250000E-002    -6.64401995E-002
    -1.35000000E-002    -6.89771539E-002
    -1.33750000E-002    -7.15892563E-002
    -1.32500000E-002    -7.42777030E-002
    -1.31250000E-002    -7.70437545E-002
    -1.30000000E-002    -7.98885524E-002
    -1.28750000E-002    -8.28133109E-002
    -1.27500000E-002    -8.58191075E-002
    -1.26250000E-002    -8.89071020E-002
    -1.25000000E-002    -9.20782968E-002
    -1.23750000E-002    -9.53337884E-002
    -1.22500000E-002    -9.86744924E-002
    -1.21250000E-002    -1.02101435E-001
    -1.20000000E-002    -1.05615433E-001
    -1.18750000E-002    -1.09217434E-001
    -1.17500000E-002    -1.12908144E-001
    -1.16250000E-002    -1.16688428E-001
    -1.15000000E-002    -1.20558863E-001
    -1.13750000E-002    -1.24520228E-001
    -1.12500000E-002    -1.28570633E-001
    -1.11250000E-002    -1.32704068E-001
    -1.10000000E-002    -1.36930750E-001
    -1.08750000E-002    -1.41255896E-001
    -1.07500000E-002    -1.45676260E-001
    -1.06250000E-002    -1.50199534E-001
    -1.05000000E-002    -1.54815976E-001
    -1.03750000E-002    -1.59524038E-001
    -1.02500000E-002    -1.64325667E-001
    -1.01250000E-002    -1.69220645E-001
    -1.00000000E-002    -1.74209186E-001
    -9.87500000E-003    -1.79291875E-001
    -9.75000000E-003    -1.84467964E-001
    -9.62500000E-003    -1.89739311E-001
    -9.50000000E-003    -1.95104229E-001
    -9.37500000E-003    -2.00567951E-001
    -9.25000000E-003    -2.06112977E-001
    -9.12500000E-003    -2.11704082E-001
    -9.00000000E-003    -2.17380261E-001
    -8.87500000E-003    -2.23136346E-001
    -8.75000000E-003    -2.28983226E-001
    -8.62500000E-003    -2.34944715E-001
    -8.50000000E-003    -2.40989189E-001
    -8.37500000E-003    -2.47115124E-001
    -8.25000000E-003    -2.53320915E-001
    -8.12500000E-003    -2.59604826E-001
    -8.00000000E-003    -2.65965013E-001
    -7.87500000E-003    -2.72399520E-001
    -7.75000000E-003    -2.78906264E-001
    -7.62500000E-003    -2.85483070E-001
    -7.50000000E-003    -2.92127613E-001
    -7.37500000E-003    -2.98837493E-001
    -7.25000000E-003    -3.05610148E-001
    -7.12500000E-003    -3.12442953E-001
    -7.00000000E-003    -3.19333108E-001
    -6.87500000E-003    -3.26277764E-001
    -6.75000000E-003    -3.33273887E-001
    -6.62500000E-003    -3.40318406E-001
    -6.50000000E-003    -3.47408055E-001
    -6.37500000E-003    -3.54539546E-001
    -6.25000000E-003    -3.61709386E-001
    -6.12500000E-003    -3.68914077E-001
    -6.00000000E-003    -3.76149902E-001
    -5.87500000E-003    -3.83413158E-001
    -5.75000000E-003    -3.90699917E-001
    -5.62500000E-003    -3.98006278E-001
    -5.50000000E-003    -4.05328106E-001
    -5.37500000E-003    -4.12661314E-001
    -5.25000000E-003    -4.20001569E-001
    -5.12500000E-003    -4.27344612E-001
    -5.00000000E-003    -4.34685923E-001
    -4.87500000E-003    -4.42021079E-001
    -4.75000000E-003    -4.49345385E-001
    -4.62500000E-003    -4.56654274E-001
    -4.50000000E-003    -4.63942883E-001
    -4.37500000E-003    -4.71206519E-001
    -4.25000000E-003    -4.78440164E-001
    -4.12500000E-003    -4.85639017E-001
    -4.00000000E-003    -4.92797919E-001
    -3.87500000E-003    -4.99911980E-001
    -3.75000000E-003    -5.06975912E-001
    -3.62500000E-003    -5.13984764E-001
    -3.50000000E-003    -5.20933128E-001
    -3.37500000E-003    -5.27816020E-001
    -3.25000000E-003    -5.34627920E-001
    -3.12500000E-003    -5.41363849E-001
    -3.00000000E-003    -5.48008031E-001
    -2.87500000E-003    -5.54532749E-001
    -2.75000000E-003    -5.60969958E-001
    -2.62500000E-003    -5.67327546E-001
    -2.50000000E-003    -5.73592897E-001
    -2.37500000E-003    -5.79786983E-001
    -2.25000000E-003    -5.85865090E-001
    -2.12500000E-003    -5.91816286E-001
    -2.00000000E-003    -5.97642493E-001
    -1.87500000E-003    -6.03337329E-001
    -1.75000000E-003    -6.08897547E-001
    -1.62500000E-003    -6.14319529E-001
    -1.50000000E-003    -6.19597761E-001
    -1.37500000E-003    -6.24732400E-001
    -1.25000000E-003    -6.29716219E-001
    -1.12500000E-003    -6.34558234E-001
    -1.00000000E-003    -6.39199277E-001
    -8.75000000E-004    -6.43537730E-001
    -7.50000000E-004    -6.47697014E-001
    -6.25000000E-004    -6.51670885E-001
    -5.00000000E-004    -6.55481043E-001
    -3.75000000E-004    -6.59188292E-001
    -2.50000000E-004    -6.62700323E-001
    -1.25000000E-004    -6.66012436E-001
     0.00000000E+000    -6.69120374E-001
     1.25000000E-004    -6.72019658E-001
     2.50000000E-004    -6.74706183E-001
     3.75000000E-004    -6.77175695E-001
     5.00000000E-004    -6.79424268E-001
     6.25000000E-004    -6.81447878E-001
     7.50000000E-004    -6.83242802E-001
     8.75000000E-004    -6.84805257E-001
     1.00000000E-003    -6.86131737E-001
     1.12500000E-003    -6.87218708E-001
     1.25000000E-003    -6.88062892E-001
     1.37500000E-003    -6.88661018E-001
     1.50000000E-003    -6.89010054E-001
     1.62500000E-003    -6.89106995E-001
     1.75000000E-003    -6.88949059E-001
     1.87500000E-003    -6.88533517E-001
     2.00000000E-003    -6.87857852E-001
     2.12500000E-003    -6.86919617E-001
     2.25000000E-003    -6.85716566E-001
     2.37500000E-003    -6.84246537E-001
     2.50000000E-003    -6.82507559E-001
     2.62500000E-003    -6.80497763E-001
     2.75000000E-003    -6.78215457E-001
     2.87500000E-003    -6.75659073E-001
     3.00000000E-003    -6.72827198E-001
     3.12500000E-003    -6.69718561E-001
     3.25000000E-003    -6.66332034E-001
     3.37500000E-003    -6.62666649E-001
     3.50000000E-003    -6.58721563E-001
     3.62500000E-003    -6.54496108E-001
     3.75000000E-003    -6.49989724E-001
     3.87500000E-003    -6.45202050E-001
     4.00000000E-003    -6.40132802E-001
     4.12500000E-003    -6.34781928E-001
     4.25000000E-003    -6.29149416E-001
     4.37500000E-003    -6.23235521E-001
     4.50000000E-003    -6.17040499E-001
     4.62500000E-003    -6.10564916E-001
     4.75000000E-003    -6.03809290E-001
     4.87500000E-003    -5.96774497E-001
     5.00000000E-003    -5.89461299E-001
     5.12500000E-003    -5.81870898E-001
     5.25000000E-003    -5.73987913E-001
     5.37500000E-003    -5.65784747E-001
     5.50000000E-003    -5.57310786E-001
     5.62500000E-003    -5.48572590E-001
     5.75000000E-003    -5.39584907E-001
     5.87500000E-003    -5.30389797E-001
     6.00000000E-003    -5.20924111E-001
     6.12500000E-003    -5.11183673E-001
     6.25000000E-003    -5.01179434E-001
     6.37500000E-003    -4.90911969E-001
     6.50000000E-003    -4.80386688E-001
     6.62500000E-003    -4.69606849E-001
     6.75000000E-003    -4.58575739E-001
     6.87500000E-003    -4.47299759E-001
     7.00000000E-003    -4.35781037E-001
     7.12500000E-003    -4.24032652E-001
     7.25000000E-003    -4.12004035E-001
     7.37500000E-003    -3.99616449E-001
     7.50000000E-003    -3.86999685E-001
     7.62500000E-003    -3.74164219E-001
     7.75000000E-003    -3.61127956E-001
     7.87500000E-003    -3.47946171E-001
     8.00000000E-003    -3.34544611E-001
     8.12500000E-003    -3.20926910E-001
     8.25000000E-003    -3.07097173E-001
     8.37500000E-003    -2.93059251E-001
     8.50000000E-003    -2.78817390E-001
     8.62500000E-003    -2.64375643E-001
     8.75000000E-003    -2.49738401E-001
     8.87500000E-003    -2.34909910E-001
     9.00000000E-003    -2.19894707E-001
     9.12500000E-003    -2.04697211E-001
     9.25000000E-003    -1.89322103E-001
     9.37500000E-003    -1.73773971E-001
     9.50000000E-003    -1.58057637E-001
     9.62500000E-003    -1.42177846E-001
     9.75000000E-003    -1.26139556E-001
     9.87500000E-003    -1.09947662E-001
     1.00000000E-002    -9.36072521E-002
     1.01250000E-002    -7.71233617E-002
     1.02500000E-002    -6.05012045E-002
     1.03750000E-002    -4.37459521E-002
     1.05000000E-002    -2.68629357E-002
     1.06250000E-002    -9.85745247E-003
     1.07500000E-002     7.26505314E-003
     1.08750000E-002     2.44991638E-002
     1.10000000E-002     4.18393283E-002
     1.11250000E-002     5.92800184E-002
     1.12500000E-002     7.68155824E-002
     1.13750000E-002     9.44403870E-002
     1.15000000E-002     1.12148688E-001
     1.16250000E-002     1.29934755E-001
     1.17500000E-002     1.47792757E-001
     1.18750000E-002     1.65716873E-001
     1.20000000E-002     1.83701192E-001
     1.21250000E-002     2.01739814E-001
     1.22500000E-002     2.19826755E-001
     1.23750000E-002     2.37956038E-001
     1.25000000E-002     2.56121616E-001
     1.26250000E-002     2.74317445E-001
     1.27500000E-002     2.92537421E-001
     1.28750000E-002     3.10775442E-001
     1.30000000E-002     3.29025355E-001
     1.31250000E-002     3.47281005E-001
     1.32500000E-002     3.65536204E-001
     1.33750000E-002     3.83784749E-001
     1.35000000E-002     4.02043747E-001
     1.36250000E-002     4.20340543E-001
     1.37500000E-002     4.38619221E-001
     1.38750000E-002     4.56883383E-001
     1.40000000E-002     4.75072210E-001
     1.41250000E-002     4.93123386E-001
     1.42500000E-002     5.11128296E-001
     1.43750000E-002     5.29086808E-001
     1.45000000E-002     5.46984053E-001
     1.46250000E-002     5.64816289E-001
     1.47500000E-002     5.82573791E-001
     1.48750000E-002     6.00251393E-001
     1.50000000E-002     6.17841313E-001
     1.51250000E-002     6.35337625E-001
     1.52500000E-002     6.52733406E-001
     1.53750000E-002     6.70021918E-001
     1.55000000E-002     6.87204619E-001
     1.56250000E-002     7.04282988E-001
     1.57500000E-002     7.21231797E-001
     1.58750000E-002     7.38044569E-001
     1.60000000E-002     7.54713314E-001
     1.61250000E-002     7.71227484E-001
     1.62500000E-002     7.87592197E-001
     1.63750000E-002     8.03801606E-001
     1.65000000E-002     8.19849665E-001
     1.66250000E-002     8.35730586E-001
     1.67500000E-002     8.51438441E-001
     1.68750000E-002     8.66967516E-001
     1.70000000E-002     8.82311999E-001
     1.71250000E-002     8.97466267E-001
     1.72500000E-002     9.12424632E-001
     1.73750000E-002     9.27181571E-001
     1.75000000E-002     9.41731522E-001
     1.76250000E-002     9.56069074E-001
     1.77500000E-002     9.70188799E-001
     1.78750000E-002     9.84085408E-001
     1.80000000E-002     9.97753614E-001
     1.81250000E-002     1.01118826E+000
     1.82500000E-002     1.02438420E+000
     1.83750000E-002     1.03733643E+000
     1.85000000E-002     1.05003995E+000
     1.86250000E-002     1.06248989E+000
     1.87500000E-002     1.07468143E+000
     1.88750000E-002     1.08660986E+000
     1.90000000E-002     1.09827052E+000
     1.91250000E-002     1.10965885E+000
     1.92500000E-002     1.12077038E+000
     1.93750000E-002     1.13160072E+000
     1.95000000E-002     1.14214556E+000
     1.96250000E-002     1.15240072E+000
     1.97500000E-002     1.16236205E+000
     1.98750000E-002     1.17202556E+000
     2.00000000E-002     1.18138729E+000
     2.01250000E-002     1.19044343E+000
     2.02500000E-002     1.19919024E+000
     2.03750000E-002     1.20762409E+000
     2.05000000E-002     1.21574143E+000
     2.06250000E-002     1.22353884E+000
     2.07500000E-002     1.23101298E+000
     2.08750000E-002     1.23816063E+000
     2.10000000E-002     1.24497865E+000
     2.11250000E-002     1.25146405E+000
     2.12500000E-002     1.25761388E+000
     2.13750000E-002     1.26342538E+000
     2.15000000E-002     1.26889581E+000
     2.16250000E-002     1.27402265E+000
     2.17500000E-002     1.27882629E+000
     2.18750000E-002     1.28332963E+000
     2.20000000E-002     1.28748897E+000
     2.21250000E-002     1.29131126E+000
     2.22500000E-002     1.29473735E+000
     2.23750000E-002     1.29772241E+000
     2.25000000E-002     1.30035324E+000
     2.26250000E-002     1.30263295E+000
     2.27500000E-002     1.30455273E+000
     2.28750000E-002     1.30611359E+000
     2.30000000E-002     1.30731107E+000
     2.31250000E-002     1.30814589E+000
     2.32500000E-002     1.30861536E+000
     2.33750000E-002     1.30872112E+000
     2.35000000E-002     1.30846153E+000
     2.36250000E-002     1.30784121E+000
     2.37500000E-002     1.30681682E+000
     2.38750000E-002     1.30533779E+000
     2.40000000E-002     1.30349227E+000
     2.41250000E-002     1.30129111E+000
     2.42500000E-002     1.29873608E+000
     2.43750000E-002     1.29585647E+000
     2.45000000E-002     1.29260496E+000
     2.46250000E-002     1.28898183E+000
     2.47500000E-002     1.28498732E+000
     2.48750000E-002     1.28062194E+000
     2.50000000E-002     1.27588617E+000
     2.51250000E-002     1.27078077E+000
     2.52500000E-002     1.26530649E+000
     2.53750000E-002     1.25946433E+000
     2.55000000E-002     1.25325530E+000
     2.56250000E-002     1.24668062E+000
     2.57500000E-002     1.23974160E+000
     2.58750000E-002     1.23243969E+000
     2.60000000E-002     1.22477643E+000
     2.61250000E-002     1.21675355E+000
     2.62500000E-002     1.20837285E+000
     2.63750000E-002     1.19963629E+000
     2.65000000E-002     1.19054593E+000
     2.66250000E-002     1.18110399E+000
     2.67500000E-002     1.17131279E+000
     2.68750000E-002     1.16117478E+000
     2.70000000E-002     1.15069253E+000
     2.71250000E-002     1.13986878E+000
     2.72500000E-002     1.12870633E+000
     2.73750000E-002     1.11720817E+000
     2.75000000E-002     1.10537735E+000
     2.76250000E-002     1.09321710E+000
     2.77500000E-002     1.08073075E+000
     2.78750000E-002     1.06792177E+000
     2.80000000E-002     1.05479371E+000
     2.81250000E-002     1.04135031E+000
     2.82500000E-002     1.02759537E+000
     2.83750000E-002     1.01353285E+000
     2.85000000E-002     9.99166813E-001
     2.86250000E-002     9.84501457E-001
     2.87500000E-002     9.69541068E-001
     2.88750000E-002     9.54290094E-001
     2.90000000E-002     9.38753047E-001
     2.91250000E-002     9.22934612E-001
     2.92500000E-002     9.06839524E-001
     2.93750000E-002     8.90472700E-001
     2.95000000E-002     8.73839089E-001
     2.96250000E-002     8.56943838E-001
     2.97500000E-002     8.39792106E-001
     2.98750000E-002     8.22389263E-001
     3.00000000E-002     8.04738739E-001
     3.01250000E-002     7.86842460E-001