    -4.20000000E-002     0.00000000E+000
    -4.18728451E-002    -1.51734774E-011
    -4.17456902E-002    -3.09697176E-011
    -4.16185353E-002    -5.62057525E-011
    -4.14913804E-002    -8.94939097E-011
    -4.13642255E-002    -1.22389180E-010
    -4.12370706E-002    -1.51166649E-010
    -4.11099157E-002    -1.78242144E-010
    -4.09827608E-002    -2.09624863E-010
    -4.08556059E-002    -2.49453220E-010
    -4.07284510E-002    -2.96876297E-010
    -4.06012961E-002    -3.47856038E-010
    -4.04741412E-002    -3.99848658E-010
    -4.03469863E-002    -4.54833924E-010
    -4.02198314E-002    -5.17950961E-010
    -4.00926765E-002    -5.93339808E-010
    -3.99655217E-002    -6.81259068E-010
    -3.98383668E-002    -7.79096078E-010
    -3.97112119E-002    -8.84887946E-010
    -3.95840570E-002    -9.99695886E-010
    -3.94569021E-002    -1.12648235E-009
    -3.93297472E-002    -1.26690142E-009
    -3.92025923E-002    -1.41947002E-009
    -3.90754374E-002    -1.58132678E-009
    -3.89482825E-002    -1.75212261E-009
    -3.88211276E-002    -1.93660816E-009
    -3.86939727E-002    -2.14355008E-009
    -3.85668178E-002    -2.38203848E-009
    -3.84396629E-002    -2.65809892E-009
    -3.83125080E-002    -2.97377999E-009
    -3.81853531E-002    -3.32809037E-009
    -3.80581982E-002    -3.71803098E-009
    -3.79310433E-002    -4.13898785E-009
    -3.78038884E-002    -4.58611831E-009
    -3.76767335E-002    -5.05831325E-009
    -3.75495786E-002    -5.56375173E-009
    -3.74224237E-002    -6.12254513E-009
    -3.72952688E-002    -6.76198979E-009
    -3.71681139E-002    -7.50434418E-009
    -3.70409590E-002    -8.35371680E-009
    -3.69138041E-002    -9.29197357E-009
    -3.67866492E-002    -1.02898985E-008
    -3.66594943E-002    -1.13300967E-008
    -3.65323394E-002    -1.24278215E-008
    -3.64051845E-002    -1.36335851E-008
    -3.62780296E-002    -1.50103676E-008
    -3.61508748E-002    -1.65969328E-008
    -3.60237199E-002    -1.83828902E-008
    -3.58965650E-002    -2.03196803E-008
    -3.57694101E-002    -2.23661078E-008
    -3.56422552E-002    -2.45367464E-008
    -3.55151003E-002    -2.69091507E-008
    -3.53879454E-002    -2.95763023E-008
    -3.52607905E-002    -3.25803204E-008
    -3.51336356E-002    -3.58919742E-008
    -3.50064807E-002    -3.94620863E-008
    -3.48793258E-002    -4.32987893E-008
    -3.47521709E-002    -4.74862588E-008
    -3.46250160E-002    -5.21203051E-008
    -3.44978611E-002    -5.72321559E-008
    -3.43707062E-002    -6.27977175E-008
    -3.42435513E-002    -6.88252735E-008
    -3.41163964E-002    -7.54081530E-008
    -3.39892415E-002    -8.26604015E-008
    -3.38620866E-002    -9.06171766E-008
    -3.37349317E-002    -9.92464977E-008
    -3.36077768E-002    -1.08576144E-007
    -3.34806219E-002    -1.18756670E-007
    -3.33534670E-002    -1.29953580E-007
    -3.32263121E-002    -1.42211260E-007
    -3.30991572E-002    -1.55498645E-007
    -3.29720023E-002    -1.69880888E-007
    -3.28448474E-002    -1.85559129E-007
    -3.27176925E-002    -2.02712747E-007
    -3.25905376E-002    -2.21393673E-007
    -3.24633827E-002    -2.41640190E-007
    -3.23362278E-002    -2.63618880E-007
    -3.22090730E-002    -2.87563175E-007
    -3.20819181E-002    -3.13624644E-007
    -3.19547632E-002    -3.41895311E-007
    -3.18276083E-002    -3.72547498E-007
    -3.17004534E-002    -4.05845905E-007
    -3.15732985E-002    -4.42023432E-007
    -3.14461436E-002    -4.81255003E-007
    -3.13189887E-002    -5.23758014E-007
    -3.11918338E-002    -5.69839433E-007
    -3.10646789E-002    -6.19815223E-007
    -3.09375240E-002    -6.73963974E-007
    -3.08103691E-002    -7.32573212E-007
    -3.06832142E-002    -7.96002692E-007
    -3.05560593E-002    -8.64668384E-007
    -3.04289044E-002    -9.38995295E-007
    -3.03017495E-002    -1.01938591E-006
    -3.01745946E-002    -1.10626662E-006
    -3.00474397E-002    -1.20014506E-006
    -2.99202848E-002    -1.30160344E-006
    -2.97931299E-002    -1.41121599E-006
    -2.96659750E-002    -1.52955502E-006
    -2.95388201E-002    -1.65726625E-006
    -2.94116652E-002    -1.79508597E-006
    -2.92845103E-002    -1.94376170E-006
    -2.91573554E-002    -2.10405906E-006
    -2.90302005E-002    -2.27682705E-006
    -2.89030456E-002    -2.46301017E-006
    -2.87758907E-002    -2.66359499E-006
    -2.86487358E-002    -2.87961213E-006
    -2.85215809E-002    -3.11214561E-006
    -2.83944261E-002    -3.36234801E-006
    -2.82672712E-002    -3.63148596E-006
    -2.81401163E-002    -3.92095733E-006
    -2.80129614E-002    -4.23220606E-006
    -2.78858065E-002    -4.56669154E-006
    -2.77586516E-002    -4.92600091E-006
    -2.76314967E-002    -5.31189152E-006
    -2.75043418E-002    -5.72621190E-006
    -2.73771869E-002    -6.17087797E-006
    -2.72500320E-002    -6.64797068E-006
    -2.71228771E-002    -7.15970293E-006
    -2.69957222E-002    -7.70837612E-006
    -2.68685673E-002    -8.29641220E-006
    -2.67414124E-002    -8.92646664E-006
    -2.66142575E-002    -9.60135355E-006
    -2.64871026E-002    -1.03240272E-005
    -2.63599477E-002    -1.10975641E-005
    -2.62327928E-002    -1.19252506E-005
    -2.61056379E-002    -1.28105747E-005
    -2.59784830E-002    -1.37572950E-005
    -2.58513281E-002    -1.47693416E-005
    -2.57241732E-002    -1.58508225E-005
    -2.55970183E-002    -1.70060527E-005
    -2.54698634E-002    -1.82396992E-005
    -2.53427085E-002    -1.95566792E-005
    -2.52155536E-002    -2.09621512E-005
    -2.50883987E-002    -2.24615045E-005
    -2.49612438E-002    -2.40604805E-005
    -2.48340889E-002    -2.57651253E-005
    -2.47069340E-002    -2.75818453E-005
    -2.45797792E-002    -2.95173581E-005
    -2.44526243E-002    -3.15787327E-005
    -2.43254694E-002    -3.37733749E-005
    -2.41983145E-002    -3.61091332E-005
    -2.40711596E-002    -3.85942710E-005
    -2.39440047E-002    -4.12374639E-005
    -2.38168498E-002    -4.40477870E-005
    -2.36896949E-002    -4.70347896E-005
    -2.35625400E-002    -5.02085306E-005
    -2.34353851E-002    -5.35795688E-005
    -2.33082302E-002    -5.71589632E-005
    -2.31810753E-002    -6.09582694E-005
    -2.30539204E-002    -6.49896560E-005
    -2.29267655E-002    -6.92658732E-005
    -2.27996106E-002    -7.38003014E-005
    -2.26724557E-002    -7.86068377E-005
    -2.25453008E-002    -8.37001092E-005
    -2.24181459E-002    -8.90953922E-005
    -2.22909910E-002    -9.48087573E-005
    -2.21638361E-002    -1.00856822E-004
    -2.20366812E-002    -1.07257054E-004
    -2.19095263E-002    -1.14027627E-004
    -2.17823714E-002    -1.21187669E-004
    -2.16552165E-002    -1.28756937E-004
    -2.15280616E-002    -1.36756147E-004
    -2.14009067E-002    -1.45206793E-004
    -2.12737518E-002    -1.54131442E-004
    -2.11465969E-002    -1.63553420E-004
    -2.10194420E-002    -1.73497127E-004
    -2.08922871E-002    -1.83987813E-004
    -2.07651322E-002    -1.95051907E-004
    -2.06379774E-002    -2.06716738E-004
    -2.05108225E-002    -2.19010819E-004
    -2.03836676E-002    -2.31963621E-004
    -2.02565127E-002    -2.45605880E-004
    -2.01293578E-002    -2.59969364E-004
    -2.00022029E-002    -2.75087113E-004
    -1.98750480E-002    -2.90993287E-004
    -1.97478931E-002    -3.07723371E-004
    -1.96207382E-002    -3.25314019E-004
    -1.94935833E-002    -3.43803220E-004
    -1.93664284E-002    -3.63230254E-004
    -1.92392735E-002    -3.83635758E-004
    -1.91121186E-002    -4.05061721E-004
    -1.89849637E-002    -4.27551485E-004
    -1.88578088E-002    -4.51149855E-004
    -1.87306539E-002    -4.75902990E-004
    -1.86034990E-002    -5.01858603E-004
    -1.84763441E-002    -5.29065735E-004
    -1.83491892E-002    -5.57575092E-004
    -1.82220343E-002    -5.87438669E-004
    -1.80948794E-002    -6.18710242E-004
    -1.79677245E-002    -6.51444824E-004
    -1.78405696E-002    -6.85699320E-004
    -1.77134147E-002    -7.21531812E-004
    -1.75862598E-002    -7.59002373E-004
    -1.74591049E-002    -7.98172207E-004
    -1.73319500E-002    -8.39104576E-004
    -1.72047951E-002    -8.81863837E-004
    -1.70776402E-002    -9.26516432E-004
    -1.69504853E-002    -9.73129922E-004
    -1.68233305E-002    -1.02177392E-003
    -1.66961756E-002    -1.07251914E-003
    -1.65690207E-002    -1.12543835E-003
    -1.64418658E-002    -1.18060544E-003
    -1.63147109E-002    -1.23809623E-003
    -1.61875560E-002    -1.29798773E-003
    -1.60604011E-002    -1.36035883E-003
    -1.59332462E-002    -1.42528953E-003
    -1.58060913E-002    -1.49286159E-003
    -1.56789364E-002    -1.56315799E-003
    -1.55517815E-002    -1.63626334E-003
    -1.54246266E-002    -1.71226337E-003
    -1.52974717E-002    -1.79124532E-003
    -1.51703168E-002    -1.87329759E-003
    -1.50431619E-002    -1.95850992E-003
    -1.49160070E-002    -2.04697315E-003
    -1.47888521E-002    -2.13877925E-003
    -1.46616972E-002    -2.23402134E-003
    -1.45345423E-002    -2.33279342E-003
    -1.44073874E-002    -2.43519058E-003
    -1.42802325E-002    -2.54130855E-003
    -1.41530776E-002    -2.65124415E-003
    -1.40259227E-002    -2.76509452E-003
    -1.38987678E-002    -2.88295788E-003
    -1.37716129E-002    -3.00493248E-003
    -1.36444580E-002    -3.13111755E-003
    -1.35173031E-002    -3.26161200E-003
    -1.33901482E-002    -3.39651576E-003
    -1.32629933E-002    -3.53592809E-003
    -1.31358384E-002    -3.67994903E-003
    -1.30086835E-002    -3.82867770E-003
    -1.28815287E-002    -3.98221393E-003
    -1.27543738E-002    -4.14065627E-003
    -1.26272189E-002    -4.30410365E-003
    -1.25000640E-002    -4.47265359E-003
    -1.23729091E-002    -4.64640371E-003
    -1.22457542E-002    -4.82544992E-003
    -1.21185993E-002    -5.00988784E-003
    -1.19914444E-002    -5.19981127E-003
    -1.18642895E-002    -5.39531330E-003
    -1.17371346E-002    -5.59648497E-003
    -1.16099797E-002    -5.80341616E-003
    -1.14828248E-002    -6.01619457E-003
    -1.13556699E-002    -6.23490625E-003
    -1.12285150E-002    -6.45963482E-003
    -1.11013601E-002    -6.69046187E-003
    -1.09742052E-002    -6.92746635E-003
    -1.08470503E-002    -7.17072459E-003
    -1.07198954E-002    -7.42031012E-003
    -1.05927405E-002    -7.67629342E-003
    -1.04655856E-002    -7.93874193E-003
    -1.03384307E-002    -8.20771947E-003
    -1.02112758E-002    -8.48328660E-003
    -1.00841209E-002    -8.76549989E-003
    -9.95696603E-003    -9.05441233E-003
    -9.82981113E-003    -9.35007238E-003
    -9.70265623E-003    -9.65252471E-003
    -9.57550134E-003    -9.96180905E-003
    -9.44834644E-003    -1.02779610E-002
    -9.32119154E-003    -1.06010108E-002
    -9.19403665E-003    -1.09309843E-002
    -9.06688175E-003    -1.12679015E-002
    -8.93972685E-003    -1.16117777E-002
    -8.81257196E-003    -1.19626222E-002
    -8.68541706E-003    -1.23204391E-002
    -8.55826216E-003    -1.26852261E-002
    -8.43110727E-003    -1.30569755E-002
    -8.30395237E-003    -1.34356728E-002
    -8.17679747E-003    -1.38212977E-002
    -8.04964258E-003    -1.42138232E-002
    -7.92248768E-003    -1.46132158E-002
    -7.79533278E-003    -1.50194352E-002
    -7.66817789E-003    -1.54324343E-002
    -7.54102299E-003    -1.58521589E-002
    -7.41386809E-003    -1.62785479E-002
    -7.28671320E-003    -1.67115329E-002
    -7.15955830E-003    -1.71510380E-002
    -7.03240340E-003    -1.75969803E-002
    -6.90524851E-003    -1.80492688E-002
    -6.77809361E-003    -1.85078056E-002
    -6.65093871E-003    -1.89724846E-002
    -6.52378382E-003    -1.94431925E-002
    -6.39662892E-003    -1.99198078E-002
    -6.26947402E-003    -2.04022014E-002
    -6.14231913E-003    -2.08902364E-002
    -6.01516423E-003    -2.13837681E-002
    -5.88800933E-003    -2.18826437E-002
    -5.76085444E-003    -2.23867029E-002
    -5.63369954E-003    -2.28957771E-002
    -5.50654464E-003    -2.34096904E-002
    -5.37938975E-003    -2.39282587E-002
    -5.25223485E-003    -2.44512903E-002
    -5.12507995E-003    -2.49785857E-002
    -4.99792506E-003    -2.55099380E-002
    -4.87077016E-003    -2.60451325E-002
    -4.74361526E-003    -2.65839471E-002
    -4.61646037E-003    -2.71261523E-002
    -4.48930547E-003    -2.76715114E-002
    -4.36215057E-003    -2.82197808E-002
    -4.23499568E-003    -2.87707093E-002
    -4.10784078E-003    -2.93240395E-002
    -3.98068588E-003    -2.98795066E-002
    -3.85353099E-003    -3.04368401E-002
    -3.72637609E-003    -3.09957623E-002
    -3.59922119E-003    -3.15559903E-002
    -3.47206630E-003    -3.21172340E-002
    -3.34491140E-003    -3.26791989E-002
    -3.21775650E-003    -3.32415838E-002
    -3.09060161E-003    -3.38040831E-002
    -2.96344671E-003    -3.43663854E-002
    -2.83629181E-003    -3.49281754E-002
    -2.70913692E-003    -3.54891320E-002
    -2.58198202E-003    -3.60489312E-002
    -2.45482712E-003    -3.66072439E-002
    -2.32767223E-003    -3.71637380E-002
    -2.20051733E-003    -3.77180774E-002
    -2.07336243E-003    -3.82699237E-002
    -1.94620753E-003    -3.88189346E-002
    -1.81905264E-003    -3.93647664E-002
    -1.69189774E-003    -3.99070722E-002
    -1.56474284E-003    -4.04455043E-002
    -1.43758795E-003    -4.09797126E-002
    -1.31043305E-003    -4.15093462E-002
    -1.18327815E-003    -4.20340535E-002
    -1.05612326E-003    -4.25534819E-002
    -9.28968361E-004    -4.30672792E-002
    -8.01813464E-004    -4.35750930E-002
    -6.74658568E-004    -4.40765718E-002
    -5.47503671E-004    -4.45713645E-002
    -4.20348774E-004    -4.50591217E-002
    -2.93193878E-004    -4.55394952E-002
    -1.66038981E-004    -4.60121393E-002
    -3.88840842E-005    -4.64767097E-002
     8.82708125E-005    -4.69328659E-002
     2.15425709E-004    -4.73802691E-002
     3.42580606E-004    -4.78185854E-002
     4.69735503E-004    -4.82474827E-002
     5.96890399E-004    -4.86666348E-002
     7.24045296E-004    -4.90757181E-002
     8.51200193E-004    -4.94744155E-002
     9.78355090E-004    -4.98624129E-002
     1.10550999E-003    -5.02394034E-002
     1.23266488E-003    -5.06050841E-002
     1.35981978E-003    -5.09591595E-002
     1.48697468E-003    -5.13013389E-002
     1.61412957E-003    -5.16313394E-002
     1.74128447E-003    -5.19488838E-002
     1.86843937E-003    -5.22537029E-002
     1.99559426E-003    -5.25455339E-002
     2.12274916E-003    -5.28241226E-002
     2.24990406E-003    -5.30892215E-002
     2.37705895E-003    -5.33405920E-002
     2.50421385E-003    -5.35780034E-002
     2.63136875E-003    -5.38012336E-002
     2.75852364E-003    -5.40100690E-002
     2.88567854E-003    -5.42043052E-002
     3.01283344E-003    -5.43837465E-002
     3.13998833E-003    -5.45482067E-002
     3.26714323E-003    -5.46975090E-002
     3.39429813E-003    -5.48314856E-002
     3.52145302E-003    -5.49499791E-002
     3.64860792E-003    -5.50528410E-002
     3.77576282E-003    -5.51399336E-002
     3.90291771E-003    -5.52111280E-002
     4.03007261E-003    -5.52663067E-002
     4.15722751E-003    -5.53053610E-002
     4.28438240E-003    -5.53281934E-002
     4.41153730E-003    -5.53347158E-002
     4.53869220E-003    -5.53248512E-002
     4.66584709E-003    -5.52985317E-002
     4.79300199E-003    -5.52557008E-002
     4.92015689E-003    -5.51963113E-002
     5.04731178E-003    -5.51203272E-002
     5.17446668E-003    -5.50277215E-002
     5.30162158E-003    -5.49184786E-002
     5.42877647E-003    -5.47925921E-002
     5.55593137E-003    -5.46500663E-002
     5.68308627E-003    -5.44909151E-002
     5.81024116E-003    -5.43151626E-002
     5.93739606E-003    -5.41228422E-002
     6.06455096E-003    -5.39139975E-002
     6.19170585E-003    -5.36886814E-002
     6.31886075E-003    -5.34469564E-002
     6.44601565E-003    -5.31888945E-002
     6.57317054E-003    -5.29145765E-002
     6.70032544E-003    -5.26240928E-002
     6.82748034E-003    -5.23175423E-002
     6.95463524E-003    -5.19950330E-002
     7.08179013E-003    -5.16566813E-002
     7.20894503E-003    -5.13026121E-002
     7.33609993E-003    -5.09329586E-002
     7.46325482E-003    -5.05478620E-002
     7.59040972E-003    -5.01474713E-002
     7.71756462E-003    -4.97319435E-002
     7.84471951E-003    -4.93014429E-002
     7.97187441E-003    -4.88561414E-002
     8.09902931E-003    -4.83962177E-002
     8.22618420E-003    -4.79218578E-002
     8.35333910E-003    -4.74332541E-002
     8.48049400E-003    -4.69306056E-002
     8.60764889E-003    -4.64141178E-002
     8.73480379E-003    -4.58840020E-002
     8.86195869E-003    -4.53404758E-002
     8.98911358E-003    -4.47837621E-002
     9.11626848E-003    -4.42140899E-002
     9.24342338E-003    -4.36316929E-002
     9.37057827E-003    -4.30368105E-002
     9.49773317E-003    -4.24296864E-002
     9.62488807E-003    -4.18105696E-002
     9.75204296E-003    -4.11797132E-002
     9.87919786E-003    -4.05373751E-002
     1.00063528E-002    -3.98838165E-002
     1.01335077E-002    -3.92193035E-002
     1.02606625E-002    -3.85441053E-002
     1.03878174E-002    -3.78584952E-002
     1.05149723E-002    -3.71627494E-002
     1.06421272E-002    -3.64571482E-002
     1.07692821E-002    -3.57419741E-002
     1.08964370E-002    -3.50175132E-002
     1.10235919E-002    -3.42840539E-002
     1.11507468E-002    -3.35418875E-002
     1.12779017E-002    -3.27913076E-002
     1.14050566E-002    -3.20326103E-002
     1.15322115E-002    -3.12660937E-002
     1.16593664E-002    -3.04920583E-002
     1.17865213E-002    -2.97108063E-002
     1.19136762E-002    -2.89226420E-002
     1.20408311E-002    -2.81278712E-002
     1.21679860E-002    -2.73268014E-002
     1.22951409E-002    -2.65197415E-002
     1.24222958E-002    -2.57070019E-002
     1.25494507E-002    -2.48888943E-002
     1.26766056E-002    -2.40657313E-002
     1.28037605E-002    -2.32378270E-002
     1.29309154E-002    -2.24054964E-002
     1.30580703E-002    -2.15690557E-002
     1.31852252E-002    -2.07288216E-002
     1.33123801E-002    -1.98851121E-002
     1.34395350E-002    -1.90382455E-002
     1.35666899E-002    -1.81885413E-002
     1.36938448E-002    -1.73363192E-002
     1.38209997E-002    -1.64818997E-002
     1.39481546E-002    -1.56256034E-002
     1.40753095E-002    -1.47677522E-002
     1.42024643E-002    -1.39086674E-002
     1.43296192E-002    -1.30486718E-002
     1.44567741E-002    -1.21880876E-002
     1.45839290E-002    -1.13272383E-002
     1.47110839E-002    -1.04664465E-002
     1.48382388E-002    -9.60603615E-003
     1.49653937E-002    -8.74633035E-003
     1.50925486E-002    -7.88765308E-003
     1.52197035E-002    -7.03032771E-003
     1.53468584E-002    -6.17467832E-003
     1.54740133E-002    -5.32102848E-003
     1.56011682E-002    -4.46970229E-003
     1.57283231E-002    -3.62102329E-003
     1.58554780E-002    -2.77531526E-003
     1.59826329E-002    -1.93290159E-003
     1.61097878E-002    -1.09410569E-003
     1.62369427E-002    -2.59250395E-004
     1.63640976E-002     5.71341706E-004
     1.64912525E-002     1.39734852E-003
     1.66184074E-002     2.21844829E-003
     1.67455623E-002     3.03431968E-003
     1.68727172E-002     3.84464203E-003
     1.69998721E-002     4.64909522E-003
     1.71270270E-002     5.44735997E-003
     1.72541819E-002     6.23911756E-003
     1.73813368E-002     7.02405034E-003
     1.75084917E-002     7.80184152E-003
     1.76356466E-002     8.57217571E-003
     1.77628015E-002     9.33473841E-003
     1.78899564E-002     1.00892166E-002
     1.80171112E-002     1.08352984E-002
     1.81442661E-002     1.15726735E-002
     1.82714210E-002     1.23010330E-002
     1.83985759E-002     1.30200700E-002
     1.85257308E-002     1.37294790E-002
     1.86528857E-002     1.44289570E-002
     1.87800406E-002     1.51182026E-002
     1.89071955E-002     1.57969173E-002
     1.90343504E-002     1.64648046E-002
     1.91615053E-002     1.71215708E-002
     1.92886602E-002     1.77669247E-002
     1.94158151E-002     1.84005780E-002
     1.95429700E-002     1.90222455E-002
     1.96701249E-002     1.96316451E-002
     1.97972798E-002     2.02284981E-002
     1.99244347E-002     2.08125293E-002
     2.00515896E-002     2.13834671E-002
     2.01787445E-002     2.19410445E-002
     2.03058994E-002     2.24849981E-002
     2.04330543E-002     2.30150692E-002
     2.05602092E-002     2.35310031E-002
     2.06873641E-002     2.40325501E-002
     2.08145190E-002     2.45194654E-002
     2.09416739E-002     2.49915094E-002
     2.10688288E-002     2.54484474E-002
     2.11959837E-002     2.58900505E-002
     2.13231386E-002     2.63160953E-002
     2.14502935E-002     2.67263648E-002
     2.15774484E-002     2.71206482E-002
     2.17046033E-002     2.74987408E-002
     2.18317582E-002     2.78604444E-002
     2.19589130E-002     2.82055677E-002
     2.20860679E-002     2.85339263E-002
     2.22132228E-002     2.88453433E-002
     2.23403777E-002     2.91396487E-002
     2.24675326E-002     2.94166802E-002
     2.25946875E-002     2.96762833E-002
     2.27218424E-002     2.99183120E-002
     2.28489973E-002     3.01426282E-002
     2.29761522E-002     3.03491023E-002
     2.31033071E-002     3.05376132E-002
     2.32304620E-002     3.07080485E-002
     2.33576169E-002     3.08603049E-002
     2.34847718E-002     3.09942883E-002
     2.36119267E-002     3.11099135E-002
     2.37390816E-002     3.12071051E-002
     2.38662365E-002     3.12857969E-002
     2.39933914E-002     3.13459332E-002
     2.41205463E-002     3.13874679E-002
     2.42477012E-002     3.14103650E-002
     2.43748561E-002     3.14145987E-002
     2.45020110E-002     3.14001534E-002
     2.46291659E-002     3.13670242E-002
     2.47563208E-002     3.13152166E-002
     2.48834757E-002     3.12447468E-002
     2.50106306E-002     3.11556415E-002
     2.51377855E-002     3.10479382E-002
     2.52649404E-002     3.09216858E-002
     2.53920953E-002     3.07769440E-002
     2.55192502E-002     3.06137837E-002
     2.56464051E-002     3.04322865E-002
     2.57735599E-002     3.02325452E-002
     2.59007148E-002     3.00146641E-002
     2.60278697E-002     2.97787584E-002
     2.61550246E-002     2.95249546E-002
     2.62821795E-002     2.92533900E-002
     2.64093344E-002     2.89642133E-002
     2.65364893E-002     2.86575843E-002
     2.66636442E-002     2.83336742E-002
     2.67907991E-002     2.79926652E-002
     2.69179540E-002     2.76347501E-002
     2.70451089E-002     2.72601330E-002
     2.71722638E-002     2.68690287E-002
     2.72994187E-002     2.64616632E-002
     2.74265736E-002     2.60382728E-002
     2.75537285E-002     2.55991042E-002
     2.76808834E-002     2.51444147E-002
     2.78080383E-002     2.46744722E-002
     2.79351932E-002     2.41895546E-002
     2.80623481E-002     2.36899501E-002
     2.81895030E-002     2.31759565E-002
     2.83166579E-002     2.26478813E-002
     2.84438128E-002     2.21060417E-002
     2.85709677E-002     2.15507646E-002
     2.86981226E-002     2.09823858E-002
     2.88252775E-002     2.04012498E-002
     2.89524324E-002     1.98077100E-002
     2.90795873E-002     1.92021283E-002
     2.92067422E-002     1.85848752E-002
     2.93338971E-002     1.79563293E-002
     2.94610520E-002     1.73168766E-002
     2.95882069E-002     1.66669107E-002
     2.97153617E-002     1.60068330E-002
     2.98425166E-002     1.53370516E-002
