    -4.14912840E-002     0.00000000E+000
    -4.12369260E-002    -6.17410842E-012
    -4.09825680E-002    -1.92546159E-011
    -4.07282100E-002    -3.74294480E-011
    -4.04738520E-002    -5.85633358E-011
    -4.02194940E-002    -8.28103295E-011
    -3.99651361E-002    -1.14200729E-010
    -3.97107781E-002    -1.59382823E-010
    -3.94564201E-002    -2.24525617E-010
    -3.92020621E-002    -3.12414490E-010
    -3.89477041E-002    -4.21525549E-010
    -3.86933461E-002    -5.47155574E-010
    -3.84389881E-002    -6.83211816E-010
    -3.81846301E-002    -8.23517451E-010
    -3.79302721E-002    -9.63252407E-010
    -3.76759141E-002    -1.10250733E-009
    -3.74215561E-002    -1.25291948E-009
    -3.71671981E-002    -1.44491010E-009
    -3.69128401E-002    -1.72947350E-009
    -3.66584821E-002    -2.16811805E-009
    -3.64041242E-002    -2.80954182E-009
    -3.61497662E-002    -3.66111473E-009
    -3.58954082E-002    -4.67287991E-009
    -3.56410502E-002    -5.75434561E-009
    -3.53866922E-002    -6.83241220E-009
    -3.51323342E-002    -7.93087889E-009
    -3.48779762E-002    -9.22053322E-009
    -3.46236182E-002    -1.09819050E-008
    -3.43692602E-002    -1.34677365E-008
    -3.41149022E-002    -1.67413546E-008
    -3.38605442E-002    -2.06336367E-008
    -3.36061862E-002    -2.49124765E-008
    -3.33518282E-002    -2.95766736E-008
    -3.30974702E-002    -3.50112110E-008
    -3.28431123E-002    -4.17959664E-008
    -3.25887543E-002    -5.02954460E-008
    -3.23343963E-002    -6.04667774E-008
    -3.20800383E-002    -7.21756592E-008
    -3.18256803E-002    -8.57211453E-008
    -3.15713223E-002    -1.01911124E-007
    -3.13169643E-002    -1.21505620E-007
    -3.10626063E-002    -1.44716024E-007
    -3.08082483E-002    -1.71514120E-007
    -3.05538903E-002    -2.02454563E-007
    -3.02995323E-002    -2.38910376E-007
    -3.00451743E-002    -2.82344739E-007
    -2.97908163E-002    -3.33600064E-007
    -2.95364583E-002    -3.93178173E-007
    -2.92821004E-002    -4.62090272E-007
    -2.90277424E-002    -5.42167209E-007
    -2.87733844E-002    -6.35631682E-007
    -2.85190264E-002    -7.44655556E-007
    -2.82646684E-002    -8.71337472E-007
    -2.80103104E-002    -1.01793920E-006
    -2.77559524E-002    -1.18719972E-006
    -2.75015944E-002    -1.38258533E-006
    -2.72472364E-002    -1.60821136E-006
    -2.69928784E-002    -1.86848622E-006
    -2.67385204E-002    -2.16798436E-006
    -2.64841624E-002    -2.51178159E-006
    -2.62298044E-002    -2.90588730E-006
    -2.59754464E-002    -3.35736891E-006
    -2.57210885E-002    -3.87410926E-006
    -2.54667305E-002    -4.46450524E-006
    -2.52123725E-002    -5.13765468E-006
    -2.49580145E-002    -5.90403421E-006
    -2.47036565E-002    -6.77575001E-006
    -2.44492985E-002    -7.76601212E-006
    -2.41949405E-002    -8.88894268E-006
    -2.39405825E-002    -1.01602800E-005
    -2.36862245E-002    -1.15978400E-005
    -2.34318665E-002    -1.32211771E-005
    -2.31775085E-002    -1.50514777E-005
    -2.29231505E-002    -1.71120382E-005
    -2.26687925E-002    -1.94285236E-005
    -2.24144345E-002    -2.20289698E-005
    -2.21600766E-002    -2.49439863E-005
    -2.19057186E-002    -2.82068853E-005
    -2.16513606E-002    -3.18537257E-005
    -2.13970026E-002    -3.59237213E-005
    -2.11426446E-002    -4.04595449E-005
    -2.08882866E-002    -4.55070976E-005
    -2.06339286E-002    -5.11156177E-005
    -2.03795706E-002    -5.73383399E-005
    -2.01252126E-002    -6.42326094E-005
    -1.98708546E-002    -7.18595592E-005
    -1.96164966E-002    -8.02844027E-005
    -1.93621386E-002    -8.95769261E-005
    -1.91077806E-002    -9.98114003E-005
    -1.88534226E-002    -1.11066472E-004
    -1.85990647E-002    -1.23425400E-004
    -1.83447067E-002    -1.36976181E-004
    -1.80903487E-002    -1.51811516E-004
    -1.78359907E-002    -1.68028831E-004
    -1.75816327E-002    -1.85730153E-004
    -1.73272747E-002    -2.05022023E-004
    -1.70729167E-002    -2.26015536E-004
    -1.68185587E-002    -2.48826123E-004
    -1.65642007E-002    -2.73573209E-004
    -1.63098427E-002    -3.00380114E-004
    -1.60554847E-002    -3.29373783E-004
    -1.58011267E-002    -3.60684274E-004
    -1.55467687E-002    -3.94444427E-004
    -1.52924107E-002    -4.30789405E-004
    -1.50380528E-002    -4.69855968E-004
    -1.47836948E-002    -5.11782079E-004
    -1.45293368E-002    -5.56706436E-004
    -1.42749788E-002    -6.04767343E-004
    -1.40206208E-002    -6.56101870E-004
    -1.37662628E-002    -7.10845485E-004
    -1.35119048E-002    -7.69130944E-004
    -1.32575468E-002    -8.31086921E-004
    -1.30031888E-002    -8.96837447E-004
    -1.27488308E-002    -9.66501038E-004
    -1.24944728E-002    -1.04018901E-003
    -1.22401148E-002    -1.11800439E-003
    -1.19857568E-002    -1.20004107E-003
    -1.17313988E-002    -1.28638241E-003
    -1.14770409E-002    -1.37709985E-003
    -1.12226829E-002    -1.47225208E-003
    -1.09683249E-002    -1.57188365E-003
    -1.07139669E-002    -1.67602327E-003
    -1.04596089E-002    -1.78468295E-003
    -1.02052509E-002    -1.89785696E-003
    -9.95089289E-003    -2.01552044E-003
    -9.69653490E-003    -2.13762853E-003
    -9.44217691E-003    -2.26411536E-003
    -9.18781891E-003    -2.39489273E-003
    -8.93346092E-003    -2.52984937E-003
    -8.67910293E-003    -2.66885055E-003
    -8.42474494E-003    -2.81173737E-003
    -8.17038694E-003    -2.95832617E-003
    -7.91602895E-003    -3.10840821E-003
    -7.66167096E-003    -3.26174928E-003
    -7.40731296E-003    -3.41808953E-003
    -7.15295497E-003    -3.57714410E-003
    -6.89859698E-003    -3.73860352E-003
    -6.64423899E-003    -3.90213379E-003
    -6.38988099E-003    -4.06737685E-003
    -6.13552300E-003    -4.23395163E-003
    -5.88116501E-003    -4.40145517E-003
    -5.62680701E-003    -4.56946409E-003
    -5.37244902E-003    -4.73753598E-003
    -5.11809103E-003    -4.90521070E-003
    -4.86373304E-003    -5.07201211E-003
    -4.60937504E-003    -5.23745033E-003
    -4.35501705E-003    -5.40102392E-003
    -4.10065906E-003    -5.56222212E-003
    -3.84630106E-003    -5.72052723E-003
    -3.59194307E-003    -5.87541693E-003
    -3.33758508E-003    -6.02636682E-003
    -3.08322708E-003    -6.17285364E-003
    -2.82886909E-003    -6.31435808E-003
    -2.57451110E-003    -6.45036741E-003
    -2.32015311E-003    -6.58037820E-003
    -2.06579511E-003    -6.70389954E-003
    -1.81143712E-003    -6.82045583E-003
    -1.55707913E-003    -6.92958949E-003
    -1.30272113E-003    -7.03086380E-003
    -1.04836314E-003    -7.12386574E-003
    -7.94005149E-004    -7.20820842E-003
    -5.39647156E-004    -7.28353356E-003
    -2.85289163E-004    -7.34951380E-003
    -3.09311698E-005    -7.40585491E-003
     2.23426823E-004    -7.45229776E-003
     4.77784816E-004    -7.48862001E-003
     7.32142809E-004    -7.51463748E-003
     9.86500802E-004    -7.53020547E-003
     1.24085879E-003    -7.53522008E-003
     1.49521679E-003    -7.52961892E-003
     1.74957478E-003    -7.51338142E-003
     2.00393277E-003    -7.48652907E-003
     2.25829077E-003    -7.44912560E-003
     2.51264876E-003    -7.40127681E-003
     2.76700675E-003    -7.34312985E-003
     3.02136475E-003    -7.27487226E-003
     3.27572274E-003    -7.19673102E-003
     3.53008073E-003    -7.10897144E-003
     3.78443872E-003    -7.01189546E-003
     4.03879672E-003    -6.90583957E-003
     4.29315471E-003    -6.79117286E-003
     4.54751270E-003    -6.66829521E-003
     4.80187070E-003    -6.53763475E-003
     5.05622869E-003    -6.39964511E-003
     5.31058668E-003    -6.25480291E-003
     5.56494467E-003    -6.10360521E-003
     5.81930267E-003    -5.94656661E-003
     6.07366066E-003    -5.78421620E-003
     6.32801865E-003    -5.61709458E-003
     6.58237665E-003    -5.44575080E-003
     6.83673464E-003    -5.27073949E-003
     7.09109263E-003    -5.09261792E-003
     7.34545062E-003    -4.91194293E-003
     7.59980862E-003    -4.72926813E-003
     7.85416661E-003    -4.54514122E-003
     8.10852460E-003    -4.36010134E-003
     8.36288260E-003    -4.17467634E-003
     8.61724059E-003    -3.98938041E-003
     8.87159858E-003    -3.80471176E-003
     9.12595657E-003    -3.62115063E-003
     9.38031457E-003    -3.43915730E-003
     9.63467256E-003    -3.25917020E-003
     9.88903055E-003    -3.08160437E-003
     1.01433885E-002    -2.90685026E-003
     1.03977465E-002    -2.73527241E-003
     1.06521045E-002    -2.56720833E-003
     1.09064625E-002    -2.40296781E-003
     1.11608205E-002    -2.24283239E-003
     1.14151785E-002    -2.08705482E-003
     1.16695365E-002    -1.93585891E-003
     1.19238945E-002    -1.78943948E-003
     1.21782525E-002    -1.64796254E-003
     1.24326105E-002    -1.51156564E-003
     1.26869685E-002    -1.38035823E-003
     1.29413265E-002    -1.25442222E-003
     1.31956845E-002    -1.13381289E-003
     1.34500425E-002    -1.01855994E-003
     1.37044004E-002    -9.08668361E-004
     1.39587584E-002    -8.04119625E-004
     1.42131164E-002    -7.04872955E-004
     1.44674744E-002    -6.10866612E-004
     1.47218324E-002    -5.22019355E-004
     1.49761904E-002    -4.38231960E-004
     1.52305484E-002    -3.59388473E-004
     1.54849064E-002    -2.85357677E-004
     1.57392644E-002    -2.15994940E-004
     1.59936224E-002    -1.51143864E-004
     1.62479804E-002    -9.06377824E-005
     1.65023384E-002    -3.43014130E-005
     1.67566964E-002     1.80476327E-005
     1.70110544E-002     6.65975066E-005
     1.72654123E-002     1.11540505E-004
     1.75197703E-002     1.53071368E-004
     1.77741283E-002     1.91385915E-004
     1.80284863E-002     2.26679882E-004
     1.82828443E-002     2.59147683E-004
     1.85372023E-002     2.88981058E-004
     1.87915603E-002     3.16367752E-004
     1.90459183E-002     3.41490439E-004
     1.93002763E-002     3.64525877E-004
     1.95546343E-002     3.85644100E-004
     1.98089923E-002     4.05007640E-004
     2.00633503E-002     4.22770630E-004
     2.03177083E-002     4.39077871E-004
     2.05720663E-002     4.54064433E-004
     2.08264242E-002     4.67855593E-004
     2.10807822E-002     4.80566411E-004
     2.13351402E-002     4.92301206E-004
     2.15894982E-002     5.03153356E-004
     2.18438562E-002     5.13205114E-004
     2.20982142E-002     5.22527612E-004
     2.23525722E-002     5.31181321E-004
     2.26069302E-002     5.39216188E-004
     2.28612882E-002     5.46671342E-004
     2.31156462E-002     5.53575478E-004
     2.33700042E-002     5.59947729E-004
     2.36243622E-002     5.65797986E-004
     2.38787202E-002     5.71127014E-004
     2.41330782E-002     5.75927063E-004
     2.43874361E-002     5.80182647E-004
     2.46417941E-002     5.83871173E-004
     2.48961521E-002     5.86963600E-004
     2.51505101E-002     5.89425124E-004
     2.54048681E-002     5.91215884E-004
     2.56592261E-002     5.92291756E-004
     2.59135841E-002     5.92605183E-004
     2.61679421E-002     5.92105958E-004
     2.64223001E-002     5.90741929E-004
     2.66766581E-002     5.88459733E-004
     2.69310161E-002     5.85205682E-004
     2.71853741E-002     5.80926585E-004
     2.74397321E-002     5.75570336E-004
     2.76940901E-002     5.69086660E-004
     2.79484481E-002     5.61428004E-004
     2.82028060E-002     5.52550115E-004
     2.84571640E-002     5.42412500E-004
     2.87115220E-002     5.30979144E-004
     2.89658800E-002     5.18219221E-004
     2.92202380E-002     5.04107548E-004
     2.94745960E-002     4.88624983E-004
     2.97289540E-002     4.71758783E-004
     2.99833120E-002     4.53502930E-004
     3.02376700E-002     4.33858498E-004
     3.04920280E-002     4.12833939E-004
     3.07463860E-002     3.90445257E-004
     3.10007440E-002     3.66716166E-004
     3.12551020E-002     3.41678145E-004
     3.15094600E-002     3.15370491E-004
     3.17638179E-002     2.87840380E-004
     3.20181759E-002     2.59142584E-004
     3.22725339E-002     2.29339164E-004
     3.25268919E-002     1.98499630E-004
     3.27812499E-002     1.66700870E-004
     3.30356079E-002     1.34026376E-004
     3.32899659E-002     1.00565784E-004
     3.35443239E-002     6.64149288E-005
     3.37986819E-002     3.16755162E-005
     3.40530399E-002    -3.54556147E-006
     3.43073979E-002    -3.91367796E-005
     3.45617559E-002    -7.49825381E-005
     3.48161139E-002    -1.10963663E-004
     3.50704719E-002    -1.46957890E-004
     3.53248298E-002    -1.82840777E-004
     3.55791878E-002    -2.18486591E-004
     3.58335458E-002    -2.53768527E-004
     3.60879038E-002    -2.88559040E-004
     3.63422618E-002    -3.22730924E-004
     3.65966198E-002    -3.56158228E-004
     3.68509778E-002    -3.88716514E-004
     3.71053358E-002    -4.20283310E-004
     3.73596938E-002    -4.50739121E-004
     3.76140518E-002    -4.79968389E-004
     3.78684098E-002    -5.07860046E-004
     3.81227678E-002    -5.34308035E-004
     3.83771258E-002    -5.59211914E-004
     3.86314838E-002    -5.82477341E-004
     3.88858417E-002    -6.04016475E-004
     3.91401997E-002    -6.23748522E-004
     3.93945577E-002    -6.41600171E-004
     3.96489157E-002    -6.57505895E-004
     3.99032737E-002    -6.71408508E-004
     4.01576317E-002    -6.83259706E-004
     4.04119897E-002    -6.93020274E-004
     4.06663477E-002    -7.00660374E-004
     4.09207057E-002    -7.06159955E-004
     4.11750637E-002    -7.09508707E-004
     4.14294217E-002    -7.10705744E-004
     4.16837797E-002    -7.09759537E-004
     4.19381377E-002    -7.06687923E-004
     4.21924957E-002    -7.01518129E-004
     4.24468536E-002    -6.94286803E-004
     4.27012116E-002    -6.85039684E-004
     4.29555696E-002    -6.73831263E-004
     4.32099276E-002    -6.60724860E-004
     4.34642856E-002    -6.45792463E-004
     4.37186436E-002    -6.29114009E-004
     4.39730016E-002    -6.10776745E-004
     4.42273596E-002    -5.90874615E-004
     4.44817176E-002    -5.69507437E-004
     4.47360756E-002    -5.46780376E-004
     4.49904336E-002    -5.22803587E-004
     4.52447916E-002    -4.97691453E-004
     4.54991496E-002    -4.71561943E-004
     4.57535076E-002    -4.44536301E-004
     4.60078655E-002    -4.16738365E-004
     4.62622235E-002    -3.88293664E-004
     4.65165815E-002    -3.59328787E-004
     4.67709395E-002    -3.29970457E-004
     4.70252975E-002    -3.00344270E-004
     4.72796555E-002    -2.70574003E-004
     4.75340135E-002    -2.40781303E-004
     4.77883715E-002    -2.11084974E-004
     4.80427295E-002    -1.81600207E-004
     4.82970875E-002    -1.52438153E-004
     4.85514455E-002    -1.23705595E-004
     4.88058035E-002    -9.55045214E-005
     4.90601615E-002    -6.79314529E-005
     4.93145195E-002    -4.10765525E-005
     4.95688774E-002    -1.50230410E-005
     4.98232354E-002     1.01529079E-005
     5.00775934E-002     3.43824246E-005
     5.03319514E-002     5.76045297E-005
     5.05863094E-002     7.97665104E-005
     5.08406674E-002     1.00823924E-004
     5.10950254E-002     1.20740330E-004
     5.13493834E-002     1.39486729E-004
     5.16037414E-002     1.57041257E-004
     5.18580994E-002     1.73389799E-004
     5.21124574E-002     1.88526780E-004
     5.23668154E-002     2.02454933E-004
     5.26211734E-002     2.15184318E-004
     5.28755314E-002     2.26731782E-004
     5.31298893E-002     2.37121135E-004
     5.33842473E-002     2.46383305E-004
     5.36386053E-002     2.54555677E-004
     5.38929633E-002     2.61680583E-004
     5.41473213E-002     2.67804182E-004
     5.44016793E-002     2.72976653E-004
     5.46560373E-002     2.77252697E-004
     5.49103953E-002     2.80691076E-004
     5.51647533E-002     2.83353510E-004
     5.54191113E-002     2.85303747E-004
     5.56734693E-002     2.86606996E-004
     5.59278273E-002     2.87329642E-004
     5.61821853E-002     2.87538734E-004
     5.64365433E-002     2.87300939E-004
     5.66909012E-002     2.86681634E-004
     5.69452592E-002     2.85744539E-004
     5.71996172E-002     2.84551330E-004
     5.74539752E-002     2.83161222E-004
     5.77083332E-002     2.81630754E-004
     5.79626912E-002     2.80013330E-004
     5.82170492E-002     2.78358510E-004
     5.84714072E-002     2.76711577E-004
     5.87257652E-002     2.75113131E-004
     5.89801232E-002     2.73598533E-004
     5.92344812E-002     2.72197707E-004
     5.94888392E-002     2.70935057E-004
     5.97431972E-002     2.69829238E-004
     5.99975552E-002     2.68893298E-004
     6.02519131E-002     2.68134863E-004
     6.05062711E-002     2.67555682E-004
     6.07606291E-002     2.67151471E-004
     6.10149871E-002     2.66912534E-004
     6.12693451E-002     2.66823798E-004
     6.15237031E-002     2.66864197E-004
     6.17780611E-002     2.67006830E-004
     6.20324191E-002     2.67219968E-004
     6.22867771E-002     2.67467907E-004
     6.25411351E-002     2.67711333E-004
     6.27954931E-002     2.67907209E-004
     6.30498511E-002     2.68008726E-004
     6.33042091E-002     2.67966189E-004
     6.35585671E-002     2.67728083E-004
     6.38129251E-002     2.67241001E-004
     6.40672830E-002     2.66449195E-004
     6.43216410E-002     2.65295314E-004
     6.45759990E-002     2.63722005E-004
     6.48303570E-002     2.61673121E-004
     6.50847150E-002     2.59094142E-004
     6.53390730E-002     2.55932245E-004
     6.55934310E-002     2.52136696E-004
     6.58477890E-002     2.47659546E-004
     6.61021470E-002     2.42456044E-004
     6.63565050E-002     2.36484658E-004
     6.66108630E-002     2.29707214E-004
     6.68652210E-002     2.22089327E-004
     6.71195790E-002     2.13601192E-004
     6.73739370E-002     2.04218976E-004
     6.76282949E-002     1.93925967E-004
     6.78826529E-002     1.82712347E-004
     6.81370109E-002     1.70574468E-004
     6.83913689E-002     1.57515117E-004
     6.86457269E-002     1.43544011E-004
     6.89000849E-002     1.28677278E-004
     6.91544429E-002     1.12936650E-004
     6.94088009E-002     9.63493737E-005
     6.96631589E-002     7.89487887E-005
     6.99175169E-002     6.07755201E-005
     7.01718749E-002     4.18783511E-005
     7.04262329E-002     2.23133861E-005
     7.06805909E-002     2.14268237E-006
     7.09349489E-002    -1.85657096E-005
     7.11893068E-002    -3.97377709E-005
     7.14436648E-002    -6.12952337E-005
     7.16980228E-002    -8.31571395E-005
     7.19523808E-002    -1.05239936E-004
     7.22067388E-002    -1.27457248E-004
     7.24610968E-002    -1.49719497E-004
     7.27154548E-002    -1.71933321E-004
     7.29698128E-002    -1.94002142E-004
     7.32241708E-002    -2.15827674E-004
     7.34785288E-002    -2.37310777E-004
     7.37328868E-002    -2.58352077E-004
     7.39872448E-002    -2.78853320E-004
     7.42416028E-002    -2.98718888E-004
     7.44959608E-002    -3.17856919E-004
     7.47503187E-002    -3.36179644E-004
     7.50046767E-002    -3.53602422E-004
     7.52590347E-002    -3.70042851E-004
     7.55133927E-002    -3.85421463E-004
     7.57677507E-002    -3.99662897E-004
     7.60221087E-002    -4.12696490E-004
     7.62764667E-002    -4.24457078E-004
     7.65308247E-002    -4.34886178E-004
     7.67851827E-002    -4.43933013E-004
     7.70395407E-002    -4.51555428E-004
     7.72938987E-002    -4.57720098E-004
     7.75482567E-002    -4.62401489E-004
     7.78026147E-002    -4.65580769E-004
     7.80569727E-002    -4.67245668E-004
     7.83113306E-002    -4.67390722E-004
     7.85656886E-002    -4.66017607E-004
     7.88200466E-002    -4.63135632E-004
     7.90744046E-002    -4.58762199E-004
     7.93287626E-002    -4.52923356E-004
     7.95831206E-002    -4.45654355E-004
     7.98374786E-002    -4.36999212E-004
     8.00918366E-002    -4.27009301E-004
     8.03461946E-002    -4.15742160E-004
     8.06005526E-002    -4.03260772E-004
     8.08549106E-002    -3.89632962E-004
     8.11092686E-002    -3.74931067E-004
     8.13636266E-002    -3.59231957E-004
     8.16179846E-002    -3.42617052E-004
     8.18723425E-002    -3.25172315E-004
     8.21267005E-002    -3.06988264E-004
     8.23810585E-002    -2.88159523E-004
     8.26354165E-002    -2.68783527E-004
     8.28897745E-002    -2.48958893E-004
     8.31441325E-002    -2.28784272E-004
     8.33984905E-002    -2.08357705E-004
     8.36528485E-002    -1.87776069E-004
     8.39072065E-002    -1.67134708E-004
     8.41615645E-002    -1.46527408E-004
     8.44159225E-002    -1.26046323E-004
     8.46702805E-002    -1.05781655E-004
     8.49246385E-002    -8.58212586E-005
     8.51789965E-002    -6.62499794E-005
     8.54333544E-002    -4.71486623E-005
     8.56877124E-002    -2.85930855E-005
     8.59420704E-002    -1.06529344E-005
     8.61964284E-002     6.60882009E-006
     8.64507864E-002     2.31355579E-005
     8.67051444E-002     3.88762535E-005
     8.69595024E-002     5.37855468E-005
     8.72138604E-002     6.78244290E-005
     8.74682184E-002     8.09603579E-005
     8.77225764E-002     9.31666160E-005
     8.79769344E-002     1.04422021E-004
     8.82312924E-002     1.14711988E-004
     8.84856504E-002     1.24030180E-004
     8.87400084E-002     1.32378638E-004
     8.89943663E-002     1.39766078E-004
     8.92487243E-002     1.46206548E-004
     8.95030823E-002     1.51719661E-004
     8.97574403E-002     1.56331028E-004
     9.00117983E-002     1.60071570E-004