-0.035 0
-0.03497 -8.81617e-11
-0.03494 -1.8126e-10
-0.0349101 -2.8036e-10
-0.0348801 -3.89569e-10
-0.0348501 -5.12084e-10
-0.0348201 -6.48713e-10
-0.0347901 -7.98931e-10
-0.0347602 -9.62079e-10
-0.0347302 -1.13844e-09
-0.0347002 -1.32958e-09
-0.0346702 -1.53789e-09
-0.0346402 -1.76575e-09
-0.0346103 -2.01486e-09
-0.0345803 -2.28613e-09
-0.0345503 -2.58005e-09
-0.0345203 -2.89723e-09
-0.0344904 -3.23879e-09
-0.0344604 -3.60641e-09
-0.0344304 -4.00204e-09
-0.0344004 -4.42757e-09
-0.0343704 -4.88455e-09
-0.0343405 -5.37422e-09
-0.0343105 -5.89778e-09
-0.0342805 -6.45662e-09
-0.0342505 -7.05249e-09
-0.0342205 -7.68725e-09
-0.0341906 -8.36252e-09
-0.0341606 -9.07937e-09
-0.0341306 -9.83833e-09
-0.0341006 -1.06397e-08
-0.0340706 -1.1484e-08
-0.0340407 -1.2372e-08
-0.0340107 -1.33049e-08
-0.0339807 -1.42837e-08
-0.0339507 -1.53087e-08
-0.0339207 -1.63796e-08
-0.0338908 -1.74958e-08
-0.0338608 -1.86563e-08
-0.0338308 -1.98604e-08
-0.0338008 -2.11078e-08
-0.0337709 -2.23979e-08
-0.0337409 -2.37303e-08
-0.0337109 -2.51037e-08
-0.0336809 -2.65166e-08
-0.0336509 -2.7967e-08
-0.033621 -2.94525e-08
-0.033591 -3.09711e-08
-0.033561 -3.25209e-08
-0.033531 -3.41001e-08
-0.033501 -3.57072e-08
-0.0334711 -3.73402e-08
-0.0334411 -3.89966e-08
-0.0334111 -4.06738e-08
-0.0333811 -4.2369e-08
-0.0333511 -4.408e-08
-0.0333212 -4.58049e-08
-0.0332912 -4.75422e-08
-0.0332612 -4.92908e-08
-0.0332312 -5.10491e-08
-0.0332012 -5.28156e-08
-0.0331713 -5.45888e-08
-0.0331413 -5.63677e-08
-0.0331113 -5.81518e-08
-0.0330813 -5.9941e-08
-0.0330513 -6.1736e-08
-0.0330214 -6.35375e-08
-0.0329914 -6.53464e-08
-0.0329614 -6.71639e-08
-0.0329314 -6.89918e-08
-0.0329015 -7.0832e-08
-0.0328715 -7.26874e-08
-0.0328415 -7.4561e-08
-0.0328115 -7.64564e-08
-0.0327815 -7.83773e-08
-0.0327516 -8.03278e-08
-0.0327216 -8.23122e-08
-0.0326916 -8.43349e-08
-0.0326616 -8.6401e-08
-0.0326316 -8.85154e-08
-0.0326017 -9.06836e-08
-0.0325717 -9.29112e-08
-0.0325417 -9.52037e-08
-0.0325117 -9.75669e-08
-0.0324817 -1.00006e-07
-0.0324518 -1.02527e-07
-0.0324218 -1.05135e-07
-0.0323918 -1.07835e-07
-0.0323618 -1.10631e-07
-0.0323318 -1.13529e-07
-0.0323019 -1.16532e-07
-0.0322719 -1.19645e-07
-0.0322419 -1.22871e-07
-0.0322119 -1.26213e-07
-0.032182 -1.29673e-07
-0.032152 -1.33253e-07
-0.032122 -1.36955e-07
-0.032092 -1.40779e-07
-0.032062 -1.44726e-07
-0.0320321 -1.48794e-07
-0.0320021 -1.52984e-07
-0.0319721 -1.57294e-07
-0.0319421 -1.61723e-07
-0.0319121 -1.66267e-07
-0.0318822 -1.70924e-07
-0.0318522 -1.7569e-07
-0.0318222 -1.80562e-07
-0.0317922 -1.85535e-07
-0.0317622 -1.90607e-07
-0.0317323 -1.95773e-07
-0.0317023 -2.01028e-07
-0.0316723 -2.06369e-07
-0.0316423 -2.11791e-07
-0.0316123 -2.1729e-07
-0.0315824 -2.22863e-07
-0.0315524 -2.28506e-07
-0.0315224 -2.34216e-07
-0.0314924 -2.39991e-07
-0.0314624 -2.45829e-07
-0.0314325 -2.5173e-07
-0.0314025 -2.57691e-07
-0.0313725 -2.63715e-07
-0.0313425 -2.698e-07
-0.0313126 -2.7595e-07
-0.0312826 -2.82167e-07
-0.0312526 -2.88454e-07
-0.0312226 -2.94815e-07
-0.0311926 -3.01256e-07
-0.0311627 -3.07782e-07
-0.0311327 -3.14399e-07
-0.0311027 -3.21116e-07
-0.0310727 -3.27938e-07
-0.0310427 -3.34875e-07
-0.0310128 -3.41936e-07
-0.0309828 -3.49129e-07
-0.0309528 -3.56465e-07
-0.0309228 -3.63953e-07
-0.0308928 -3.71602e-07
-0.0308629 -3.79422e-07
-0.0308329 -3.87423e-07
-0.0308029 -3.95613e-07
-0.0307729 -4.04003e-07
-0.0307429 -4.126e-07
-0.030713 -4.21412e-07
-0.030683 -4.30449e-07
-0.030653 -4.39715e-07
-0.030623 -4.49217e-07
-0.0305931 -4.58961e-07
-0.0305631 -4.68951e-07
-0.0305331 -4.79191e-07
-0.0305031 -4.89685e-07
-0.0304731 -5.00434e-07
-0.0304432 -5.11441e-07
-0.0304132 -5.22705e-07
-0.0303832 -5.34226e-07
-0.0303532 -5.46005e-07
-0.0303232 -5.5804e-07
-0.0302933 -5.70328e-07
-0.0302633 -5.8287e-07
-0.0302333 -5.95661e-07
-0.0302033 -6.08699e-07
-0.0301733 -6.21983e-07
-0.0301434 -6.35508e-07
-0.0301134 -6.49274e-07
-0.0300834 -6.63277e-07
-0.0300534 -6.77516e-07
-0.0300234 -6.91989e-07
-0.0299935 -7.06696e-07
-0.0299635 -7.21636e-07
-0.0299335 -7.36809e-07
-0.0299035 -7.52218e-07
-0.0298735 -7.67863e-07
-0.0298436 -7.83748e-07
-0.0298136 -7.99876e-07
-0.0297836 -8.16253e-07
-0.0297536 -8.32883e-07
-0.0297237 -8.49773e-07
-0.0296937 -8.66931e-07
-0.0296637 -8.84365e-07
-0.0296337 -9.02083e-07
-0.0296037 -9.20095e-07
-0.0295738 -9.38412e-07
-0.0295438 -9.57044e-07
-0.0295138 -9.76003e-07
-0.0294838 -9.95301e-07
-0.0294538 -1.01495e-06
-0.0294239 -1.03496e-06
-0.0293939 -1.05535e-06
-0.0293639 -1.07612e-06
-0.0293339 -1.0973e-06
-0.0293039 -1.11889e-06
-0.029274 -1.1409e-06
-0.029244 -1.16335e-06
-0.029214 -1.18624e-06
-0.029184 -1.2096e-06
-0.029154 -1.23342e-06
-0.0291241 -1.25773e-06
-0.0290941 -1.28252e-06
-0.0290641 -1.30781e-06
-0.0290341 -1.33361e-06
-0.0290042 -1.35992e-06
-0.0289742 -1.38676e-06
-0.0289442 -1.41412e-06
-0.0289142 -1.44202e-06
-0.0288842 -1.47046e-06
-0.0288543 -1.49944e-06
-0.0288243 -1.52898e-06
-0.0287943 -1.55908e-06
-0.0287643 -1.58974e-06
-0.0287343 -1.62096e-06
-0.0287044 -1.65276e-06
-0.0286744 -1.68513e-06
-0.0286444 -1.71809e-06
-0.0286144 -1.75163e-06
-0.0285844 -1.78576e-06
-0.0285545 -1.82049e-06
-0.0285245 -1.85582e-06
-0.0284945 -1.89177e-06
-0.0284645 -1.92833e-06
-0.0284345 -1.96552e-06
-0.0284046 -2.00334e-06
-0.0283746 -2.0418e-06
-0.0283446 -2.08092e-06
-0.0283146 -2.1207e-06
-0.0282846 -2.16115e-06
-0.0282547 -2.20229e-06
-0.0282247 -2.24413e-06
-0.0281947 -2.28668e-06
-0.0281647 -2.32996e-06
-0.0281348 -2.37397e-06
-0.0281048 -2.41874e-06
-0.0280748 -2.46428e-06
-0.0280448 -2.51061e-06
-0.0280148 -2.55774e-06
-0.0279849 -2.60569e-06
-0.0279549 -2.65448e-06
-0.0279249 -2.70413e-06
-0.0278949 -2.75464e-06
-0.0278649 -2.80605e-06
-0.027835 -2.85836e-06
-0.027805 -2.9116e-06
-0.027775 -2.96579e-06
-0.027745 -3.02093e-06
-0.027715 -3.07706e-06
-0.0276851 -3.13418e-06
-0.0276551 -3.19233e-06
-0.0276251 -3.2515e-06
-0.0275951 -3.31173e-06
-0.0275651 -3.37302e-06
-0.0275352 -3.4354e-06
-0.0275052 -3.49889e-06
-0.0274752 -3.56349e-06
-0.0274452 -3.62923e-06
-0.0274153 -3.69612e-06
-0.0273853 -3.76419e-06
-0.0273553 -3.83344e-06
-0.0273253 -3.9039e-06
-0.0272953 -3.97558e-06
-0.0272654 -4.0485e-06
-0.0272354 -4.12267e-06
-0.0272054 -4.19812e-06
-0.0271754 -4.27486e-06
-0.0271454 -4.3529e-06
-0.0271155 -4.43228e-06
-0.0270855 -4.513e-06
-0.0270555 -4.59509e-06
-0.0270255 -4.67857e-06
-0.0269955 -4.76345e-06
-0.0269656 -4.84975e-06
-0.0269356 -4.93751e-06
-0.0269056 -5.02673e-06
-0.0268756 -5.11745e-06
-0.0268456 -5.20968e-06
-0.0268157 -5.30345e-06
-0.0267857 -5.39878e-06
-0.0267557 -5.4957e-06
-0.0267257 -5.59423e-06
-0.0266957 -5.6944e-06
-0.0266658 -5.79624e-06
-0.0266358 -5.89977e-06
-0.0266058 -6.00502e-06
-0.0265758 -6.11202e-06
-0.0265459 -6.2208e-06
-0.0265159 -6.33139e-06
-0.0264859 -6.44381e-06
-0.0264559 -6.5581e-06
-0.0264259 -6.6743e-06
-0.026396 -6.79242e-06
-0.026366 -6.9125e-06
-0.026336 -7.03458e-06
-0.026306 -7.15868e-06
-0.026276 -7.28484e-06
-0.0262461 -7.4131e-06
-0.0262161 -7.54348e-06
-0.0261861 -7.67602e-06
-0.0261561 -7.81075e-06
-0.0261261 -7.94771e-06
-0.0260962 -8.08693e-06
-0.0260662 -8.22845e-06
-0.0260362 -8.3723e-06
-0.0260062 -8.51851e-06
-0.0259762 -8.66713e-06
-0.0259463 -8.81818e-06
-0.0259163 -8.97171e-06
-0.0258863 -9.12774e-06
-0.0258563 -9.28632e-06
-0.0258264 -9.44749e-06
-0.0257964 -9.61128e-06
-0.0257664 -9.77773e-06
-0.0257364 -9.94687e-06
-0.0257064 -1.01188e-05
-0.0256765 -1.02934e-05
-0.0256465 -1.04709e-05
-0.0256165 -1.06512e-05
-0.0255865 -1.08345e-05
-0.0255565 -1.10207e-05
-0.0255266 -1.12098e-05
-0.0254966 -1.1402e-05
-0.0254666 -1.15973e-05
-0.0254366 -1.17957e-05
-0.0254066 -1.19973e-05
-0.0253767 -1.22021e-05
-0.0253467 -1.24101e-05
-0.0253167 -1.26215e-05
-0.0252867 -1.28362e-05
-0.0252567 -1.30543e-05
-0.0252268 -1.32759e-05
-0.0251968 -1.3501e-05
-0.0251668 -1.37296e-05
-0.0251368 -1.39619e-05
-0.0251068 -1.41978e-05
-0.0250769 -1.44375e-05
-0.0250469 -1.4681e-05
-0.0250169 -1.49283e-05
-0.0249869 -1.51795e-05
-0.024957 -1.54346e-05
-0.024927 -1.56937e-05
-0.024897 -1.5957e-05
-0.024867 -1.62243e-05
-0.024837 -1.64958e-05
-0.0248071 -1.67716e-05
-0.0247771 -1.70517e-05
-0.0247471 -1.73361e-05
-0.0247171 -1.7625e-05
-0.0246871 -1.79184e-05
-0.0246572 -1.82163e-05
-0.0246272 -1.85189e-05
-0.0245972 -1.88262e-05
-0.0245672 -1.91382e-05
-0.0245372 -1.94551e-05
-0.0245073 -1.97768e-05
-0.0244773 -2.01036e-05
-0.0244473 -2.04353e-05
-0.0244173 -2.07722e-05
-0.0243873 -2.11142e-05
-0.0243574 -2.14616e-05
-0.0243274 -2.18142e-05
-0.0242974 -2.21723e-05
-0.0242674 -2.25358e-05
-0.0242375 -2.29049e-05
-0.0242075 -2.32796e-05
-0.0241775 -2.366e-05
-0.0241475 -2.40463e-05
-0.0241175 -2.44384e-05
-0.0240876 -2.48365e-05
-0.0240576 -2.52406e-05
-0.0240276 -2.56509e-05
-0.0239976 -2.60673e-05
-0.0239676 -2.64901e-05
-0.0239377 -2.69193e-05
-0.0239077 -2.73549e-05
-0.0238777 -2.77971e-05
-0.0238477 -2.82459e-05
-0.0238177 -2.87015e-05
-0.0237878 -2.9164e-05
-0.0237578 -2.96333e-05
-0.0237278 -3.01097e-05
-0.0236978 -3.05932e-05
-0.0236678 -3.1084e-05
-0.0236379 -3.1582e-05
-0.0236079 -3.20875e-05
-0.0235779 -3.26005e-05
-0.0235479 -3.31211e-05
-0.0235179 -3.36494e-05
-0.023488 -3.41856e-05
-0.023458 -3.47297e-05
-0.023428 -3.52818e-05
-0.023398 -3.5842e-05
-0.0233681 -3.64105e-05
-0.0233381 -3.69874e-05
-0.0233081 -3.75728e-05
-0.0232781 -3.81667e-05
-0.0232481 -3.87694e-05
-0.0232182 -3.93809e-05
-0.0231882 -4.00013e-05
-0.0231582 -4.06308e-05
-0.0231282 -4.12694e-05
-0.0230982 -4.19174e-05
-0.0230683 -4.25748e-05
-0.0230383 -4.32418e-05
-0.0230083 -4.39184e-05
-0.0229783 -4.46049e-05
-0.0229483 -4.53013e-05
-0.0229184 -4.60078e-05
-0.0228884 -4.67245e-05
-0.0228584 -4.74516e-05
-0.0228284 -4.81891e-05
-0.0227984 -4.89373e-05
-0.0227685 -4.96963e-05
-0.0227385 -5.04662e-05
-0.0227085 -5.12471e-05
-0.0226785 -5.20392e-05
-0.0226486 -5.28427e-05
-0.0226186 -5.36577e-05
-0.0225886 -5.44843e-05
-0.0225586 -5.53227e-05
-0.0225286 -5.61731e-05
-0.0224987 -5.70356e-05
-0.0224687 -5.79103e-05
-0.0224387 -5.87974e-05
-0.0224087 -5.96971e-05
-0.0223787 -6.06096e-05
-0.0223488 -6.15349e-05
-0.0223188 -6.24733e-05
-0.0222888 -6.3425e-05
-0.0222588 -6.439e-05
-0.0222288 -6.53685e-05
-0.0221989 -6.63608e-05
-0.0221689 -6.7367e-05
-0.0221389 -6.83873e-05
-0.0221089 -6.94218e-05
-0.0220789 -7.04708e-05
-0.022049 -7.15343e-05
-0.022019 -7.26126e-05
-0.021989 -7.3706e-05
-0.021959 -7.48145e-05
-0.021929 -7.59383e-05
-0.0218991 -7.70777e-05
-0.0218691 -7.82328e-05
-0.0218391 -7.94039e-05
-0.0218091 -8.05911e-05
-0.0217792 -8.17947e-05
-0.0217492 -8.30148e-05
-0.0217192 -8.42516e-05
-0.0216892 -8.55055e-05
-0.0216592 -8.67765e-05
-0.0216293 -8.80649e-05
-0.0215993 -8.93709e-05
-0.0215693 -9.06947e-05
-0.0215393 -9.20366e-05
-0.0215093 -9.33967e-05
-0.0214794 -9.47753e-05
-0.0214494 -9.61727e-05
-0.0214194 -9.7589e-05
-0.0213894 -9.90244e-05
-0.0213594 -0.000100479
-0.0213295 -0.000101954
-0.0212995 -0.000103448
-0.0212695 -0.000104963
-0.0212395 -0.000106498
-0.0212095 -0.000108053
-0.0211796 -0.00010963
-0.0211496 -0.000111227
-0.0211196 -0.000112846
-0.0210896 -0.000114486
-0.0210597 -0.000116149
-0.0210297 -0.000117833
-0.0209997 -0.00011954
-0.0209697 -0.00012127
-0.0209397 -0.000123022
-0.0209098 -0.000124798
-0.0208798 -0.000126597
-0.0208498 -0.00012842
-0.0208198 -0.000130267
-0.0207898 -0.000132138
-0.0207599 -0.000134034
-0.0207299 -0.000135955
-0.0206999 -0.0001379
-0.0206699 -0.000139872
-0.0206399 -0.000141869
-0.02061 -0.000143892
-0.02058 -0.000145942
-0.02055 -0.000148018
-0.02052 -0.000150121
-0.02049 -0.000152252
-0.0204601 -0.00015441
-0.0204301 -0.000156596
-0.0204001 -0.00015881
-0.0203701 -0.000161053
-0.0203401 -0.000163325
-0.0203102 -0.000165626
-0.0202802 -0.000167957
-0.0202502 -0.000170317
-0.0202202 -0.000172708
-0.0201903 -0.00017513
-0.0201603 -0.000177582
-0.0201303 -0.000180066
-0.0201003 -0.000182581
-0.0200703 -0.000185128
-0.0200404 -0.000187708
-0.0200104 -0.00019032
-0.0199804 -0.000192966
-0.0199504 -0.000195645
-0.0199204 -0.000198358
-0.0198905 -0.000201105
-0.0198605 -0.000203886
-0.0198305 -0.000206703
-0.0198005 -0.000209555
-0.0197705 -0.000212442
-0.0197406 -0.000215366
-0.0197106 -0.000218327
-0.0196806 -0.000221324
-0.0196506 -0.000224359
-0.0196206 -0.000227431
-0.0195907 -0.000230542
-0.0195607 -0.000233691
-0.0195307 -0.000236879
-0.0195007 -0.000240107
-0.0194708 -0.000243375
-0.0194408 -0.000246683
-0.0194108 -0.000250031
-0.0193808 -0.000253421
-0.0193508 -0.000256853
-0.0193209 -0.000260326
-0.0192909 -0.000263842
-0.0192609 -0.000267402
-0.0192309 -0.000271004
-0.0192009 -0.000274651
-0.019171 -0.000278342
-0.019141 -0.000282077
-0.019111 -0.000285858
-0.019081 -0.000289685
-0.019051 -0.000293559
-0.0190211 -0.000297479
-0.0189911 -0.000301446
-0.0189611 -0.000305461
-0.0189311 -0.000309524
-0.0189011 -0.000313636
-0.0188712 -0.000317798
-0.0188412 -0.000322009
-0.0188112 -0.000326271
-0.0187812 -0.000330583
-0.0187512 -0.000334947
-0.0187213 -0.000339362
-0.0186913 -0.00034383
-0.0186613 -0.000348351
-0.0186313 -0.000352926
-0.0186014 -0.000357554
-0.0185714 -0.000362238
-0.0185414 -0.000366976
-0.0185114 -0.00037177
-0.0184814 -0.000376621
-0.0184515 -0.000381528
-0.0184215 -0.000386493
-0.0183915 -0.000391516
-0.0183615 -0.000396597
-0.0183315 -0.000401738
-0.0183016 -0.000406938
-0.0182716 -0.000412199
-0.0182416 -0.000417521
-0.0182116 -0.000422904
-0.0181816 -0.00042835
-0.0181517 -0.000433859
-0.0181217 -0.000439431
-0.0180917 -0.000445067
-0.0180617 -0.000450768
-0.0180317 -0.000456534
-0.0180018 -0.000462367
-0.0179718 -0.000468266
-0.0179418 -0.000474232
-0.0179118 -0.000480267
-0.0178819 -0.00048637
-0.0178519 -0.000492542
-0.0178219 -0.000498784
-0.0177919 -0.000505098
-0.0177619 -0.000511482
-0.017732 -0.000517938
-0.017702 -0.000524468
-0.017672 -0.00053107
-0.017642 -0.000537747
-0.017612 -0.000544499
-0.0175821 -0.000551326
-0.0175521 -0.00055823
-0.0175221 -0.00056521
-0.0174921 -0.000572269
-0.0174621 -0.000579406
-0.0174322 -0.000586622
-0.0174022 -0.000593918
-0.0173722 -0.000601294
-0.0173422 -0.000608753
-0.0173122 -0.000616293
-0.0172823 -0.000623916
-0.0172523 -0.000631624
-0.0172223 -0.000639415
-0.0171923 -0.000647292
-0.0171623 -0.000655256
-0.0171324 -0.000663306
-0.0171024 -0.000671444
-0.0170724 -0.00067967
-0.0170424 -0.000687986
-0.0170125 -0.000696391
-0.0169825 -0.000704888
-0.0169525 -0.000713477
-0.0169225 -0.000722158
-0.0168925 -0.000730933
-0.0168626 -0.000739802
-0.0168326 -0.000748766
-0.0168026 -0.000757827
-0.0167726 -0.000766984
-0.0167426 -0.000776239
-0.0167127 -0.000785592
-0.0166827 -0.000795045
-0.0166527 -0.000804599
-0.0166227 -0.000814254
-0.0165927 -0.00082401
-0.0165628 -0.000833871
-0.0165328 -0.000843835
-0.0165028 -0.000853903
-0.0164728 -0.000864078
-0.0164428 -0.00087436
-0.0164129 -0.000884749
-0.0163829 -0.000895247
-0.0163529 -0.000905854
-0.0163229 -0.000916572
-0.016293 -0.000927401
-0.016263 -0.000938343
-0.016233 -0.000949398
-0.016203 -0.000960567
-0.016173 -0.000971852
-0.0161431 -0.000983253
-0.0161131 -0.000994771
-0.0160831 -0.00100641
-0.0160531 -0.00101816
-0.0160231 -0.00103004
-0.0159932 -0.00104204
-0.0159632 -0.00105416
-0.0159332 -0.0010664
-0.0159032 -0.00107877
-0.0158732 -0.00109126
-0.0158433 -0.00110388
-0.0158133 -0.00111663
-0.0157833 -0.0011295
-0.0157533 -0.00114251
-0.0157233 -0.00115564
-0.0156934 -0.00116891
-0.0156634 -0.00118231
-0.0156334 -0.00119584
-0.0156034 -0.00120951
-0.0155734 -0.00122332
-0.0155435 -0.00123726
-0.0155135 -0.00125134
-0.0154835 -0.00126556
-0.0154535 -0.00127992
-0.0154236 -0.00129442
-0.0153936 -0.00130907
-0.0153636 -0.00132385
-0.0153336 -0.00133879
-0.0153036 -0.00135387
-0.0152737 -0.00136909
-0.0152437 -0.00138447
-0.0152137 -0.00139999
-0.0151837 -0.00141567
-0.0151537 -0.0014315
-0.0151238 -0.00144748
-0.0150938 -0.00146361
-0.0150638 -0.0014799
-0.0150338 -0.00149635
-0.0150038 -0.00151296
-0.0149739 -0.00152972
-0.0149439 -0.00154665
-0.0149139 -0.00156373
-0.0148839 -0.00158098
-0.0148539 -0.0015984
-0.014824 -0.00161597
-0.014794 -0.00163372
-0.014764 -0.00165163
-0.014734 -0.00166971
-0.0147041 -0.00168797
-0.0146741 -0.00170639
-0.0146441 -0.00172499
-0.0146141 -0.00174376
-0.0145841 -0.0017627
-0.0145542 -0.00178183
-0.0145242 -0.00180113
-0.0144942 -0.00182061
-0.0144642 -0.00184027
-0.0144342 -0.00186011
-0.0144043 -0.00188013
-0.0143743 -0.00190034
-0.0143443 -0.00192074
-0.0143143 -0.00194132
-0.0142843 -0.00196209
-0.0142544 -0.00198305
-0.0142244 -0.00200421
-0.0141944 -0.00202555
-0.0141644 -0.00204709
-0.0141344 -0.00206882
-0.0141045 -0.00209075
-0.0140745 -0.00211288
-0.0140445 -0.00213521
-0.0140145 -0.00215774
-0.0139845 -0.00218047
-0.0139546 -0.0022034
-0.0139246 -0.00222654
-0.0138946 -0.00224988
-0.0138646 -0.00227343
-0.0138347 -0.0022972
-0.0138047 -0.00232117
-0.0137747 -0.00234535
-0.0137447 -0.00236975
-0.0137147 -0.00239436
-0.0136848 -0.00241919
-0.0136548 -0.00244424
-0.0136248 -0.0024695
-0.0135948 -0.00249499
-0.0135648 -0.00252069
-0.0135349 -0.00254662
-0.0135049 -0.00257278
-0.0134749 -0.00259916
-0.0134449 -0.00262577
-0.0134149 -0.00265261
-0.013385 -0.00267968
-0.013355 -0.00270698
-0.013325 -0.00273452
-0.013295 -0.00276229
-0.013265 -0.0027903
-0.0132351 -0.00281854
-0.0132051 -0.00284703
-0.0131751 -0.00287576
-0.0131451 -0.00290473
-0.0131152 -0.00293394
-0.0130852 -0.0029634
-0.0130552 -0.00299311
-0.0130252 -0.00302306
-0.0129952 -0.00305327
-0.0129653 -0.00308373
-0.0129353 -0.00311444
-0.0129053 -0.0031454
-0.0128753 -0.00317662
-0.0128453 -0.0032081
-0.0128154 -0.00323984
-0.0127854 -0.00327185
-0.0127554 -0.00330411
-0.0127254 -0.00333664
-0.0126954 -0.00336943
-0.0126655 -0.00340249
-0.0126355 -0.00343582
-0.0126055 -0.00346942
-0.0125755 -0.00350329
-0.0125455 -0.00353744
-0.0125156 -0.00357186
-0.0124856 -0.00360655
-0.0124556 -0.00364153
-0.0124256 -0.00367678
-0.0123956 -0.00371232
-0.0123657 -0.00374814
-0.0123357 -0.00378424
-0.0123057 -0.00382063
-0.0122757 -0.00385731
-0.0122458 -0.00389428
-0.0122158 -0.00393153
-0.0121858 -0.00396908
-0.0121558 -0.00400693
-0.0121258 -0.00404507
-0.0120959 -0.00408351
-0.0120659 -0.00412224
-0.0120359 -0.00416128
-0.0120059 -0.00420062
-0.0119759 -0.00424026
-0.011946 -0.00428021
-0.011916 -0.00432046
-0.011886 -0.00436102
-0.011856 -0.00440189
-0.011826 -0.00444308
-0.0117961 -0.00448457
-0.0117661 -0.00452639
-0.0117361 -0.00456852
-0.0117061 -0.00461096
-0.0116761 -0.00465373
-0.0116462 -0.00469682
-0.0116162 -0.00474023
-0.0115862 -0.00478396
-0.0115562 -0.00482802
-0.0115263 -0.00487241
-0.0114963 -0.00491713
-0.0114663 -0.00496217
-0.0114363 -0.00500755
-0.0114063 -0.00505327
-0.0113764 -0.00509932
-0.0113464 -0.00514571
-0.0113164 -0.00519243
-0.0112864 -0.0052395
-0.0112564 -0.00528691
-0.0112265 -0.00533466
-0.0111965 -0.00538276
-0.0111665 -0.0054312
-0.0111365 -0.00548
-0.0111065 -0.00552914
-0.0110766 -0.00557863
-0.0110466 -0.00562848
-0.0110166 -0.00567868
-0.0109866 -0.00572924
-0.0109566 -0.00578016
-0.0109267 -0.00583143
-0.0108967 -0.00588307
-0.0108667 -0.00593507
-0.0108367 -0.00598743
-0.0108067 -0.00604016
-0.0107768 -0.00609325
-0.0107468 -0.00614672
-0.0107168 -0.00620055
-0.0106868 -0.00625476
-0.0106569 -0.00630934
-0.0106269 -0.00636429
-0.0105969 -0.00641962
-0.0105669 -0.00647533
-0.0105369 -0.00653142
-0.010507 -0.00658789
-0.010477 -0.00664474
-0.010447 -0.00670197
-0.010417 -0.0067596
-0.010387 -0.0068176
-0.0103571 -0.006876
-0.0103271 -0.00693479
-0.0102971 -0.00699396
-0.0102671 -0.00705353
-0.0102371 -0.0071135
-0.0102072 -0.00717386
-0.0101772 -0.00723462
-0.0101472 -0.00729578
-0.0101172 -0.00735733
-0.0100872 -0.00741929
-0.0100573 -0.00748165
-0.0100273 -0.00754442
-0.00999731 -0.00760759
-0.00996733 -0.00767117
-0.00993735 -0.00773516
-0.00990737 -0.00779956
-0.00987739 -0.00786437
-0.00984741 -0.0079296
-0.00981743 -0.00799523
-0.00978745 -0.00806129
-0.00975748 -0.00812776
-0.0097275 -0.00819465
-0.00969752 -0.00826196
-0.00966754 -0.00832969
-0.00963756 -0.00839784
-0.00960758 -0.00846642
-0.0095776 -0.00853542
-0.00954762 -0.00860485
-0.00951764 -0.0086747
-0.00948766 -0.00874499
-0.00945768 -0.0088157
-0.0094277 -0.00888685
-0.00939772 -0.00895843
-0.00936774 -0.00903045
-0.00933777 -0.0091029
-0.00930779 -0.00917578
-0.00927781 -0.00924911
-0.00924783 -0.00932287
-0.00921785 -0.00939707
-0.00918787 -0.00947172
-0.00915789 -0.0095468
-0.00912791 -0.00962234
-0.00909793 -0.00969831
-0.00906795 -0.00977473
-0.00903797 -0.0098516
-0.00900799 -0.00992892
-0.00897801 -0.0100067
-0.00894804 -0.0100849
-0.00891806 -0.0101636
-0.00888808 -0.0102427
-0.0088581 -0.0103223
-0.00882812 -0.0104023
-0.00879814 -0.0104828
-0.00876816 -0.0105637
-0.00873818 -0.0106451
-0.0087082 -0.010727
-0.00867822 -0.0108093
-0.00864824 -0.0108921
-0.00861826 -0.0109754
-0.00858828 -0.0110591
-0.00855831 -0.0111432
-0.00852833 -0.0112279
-0.00849835 -0.011313
-0.00846837 -0.0113985
-0.00843839 -0.0114846
-0.00840841 -0.0115711
-0.00837843 -0.0116581
-0.00834845 -0.0117455
-0.00831847 -0.0118334
-0.00828849 -0.0119218
-0.00825851 -0.0120107
-0.00822853 -0.0121
-0.00819855 -0.0121898
-0.00816858 -0.0122801
-0.0081386 -0.0123708
-0.00810862 -0.0124621
-0.00807864 -0.0125538
-0.00804866 -0.012646
-0.00801868 -0.0127386
-0.0079887 -0.0128318
-0.00795872 -0.0129254
-0.00792874 -0.0130195
-0.00789876 -0.0131141
-0.00786878 -0.0132092
-0.0078388 -0.0133047
-0.00780882 -0.0134007
-0.00777884 -0.0134973
-0.00774887 -0.0135943
-0.00771889 -0.0136917
-0.00768891 -0.0137897
-0.00765893 -0.0138882
-0.00762895 -0.0139871
-0.00759897 -0.0140865
-0.00756899 -0.0141864
-0.00753901 -0.0142868
-0.00750903 -0.0143877
-0.00747905 -0.0144891
-0.00744907 -0.014591
-0.00741909 -0.0146933
-0.00738911 -0.0147961
-0.00735914 -0.0148995
-0.00732916 -0.0150033
-0.00729918 -0.0151076
-0.0072692 -0.0152124
-0.00723922 -0.0153177
-0.00720924 -0.0154234
-0.00717926 -0.0155297
-0.00714928 -0.0156365
-0.0071193 -0.0157437
-0.00708932 -0.0158514
-0.00705934 -0.0159597
-0.00702936 -0.0160684
-0.00699938 -0.0161776
-0.00696941 -0.0162873
-0.00693943 -0.0163975
-0.00690945 -0.0165082
-0.00687947 -0.0166193
-0.00684949 -0.016731
-0.00681951 -0.0168431
-0.00678953 -0.0169558
-0.00675955 -0.0170689
-0.00672957 -0.0171825
-0.00669959 -0.0172966
-0.00666961 -0.0174112
-0.00663963 -0.0175263
-0.00660965 -0.0176419
-0.00657967 -0.017758
-0.0065497 -0.0178745
-0.00651972 -0.0179916
-0.00648974 -0.0181091
-0.00645976 -0.0182271
-0.00642978 -0.0183456
-0.0063998 -0.0184646
-0.00636982 -0.0185841
-0.00633984 -0.018704
-0.00630986 -0.0188245
-0.00627988 -0.0189454
-0.0062499 -0.0190669
-0.00621992 -0.0191888
-0.00618994 -0.0193111
-0.00615997 -0.019434
-0.00612999 -0.0195574
-0.00610001 -0.0196812
-0.00607003 -0.0198055
-0.00604005 -0.0199303
-0.00601007 -0.0200556
-0.00598009 -0.0201813
-0.00595011 -0.0203075
-0.00592013 -0.0204342
-0.00589015 -0.0205614
-0.00586017 -0.0206891
-0.00583019 -0.0208172
-0.00580021 -0.0209458
-0.00577024 -0.0210749
-0.00574026 -0.0212044
-0.00571028 -0.0213344
-0.0056803 -0.0214649
-0.00565032 -0.0215959
-0.00562034 -0.0217273
-0.00559036 -0.0218592
-0.00556038 -0.0219915
-0.0055304 -0.0221243
-0.00550042 -0.0222576
-0.00547044 -0.0223914
-0.00544046 -0.0225255
-0.00541048 -0.0226602
-0.00538051 -0.0227953
-0.00535053 -0.0229309
-0.00532055 -0.0230669
-0.00529057 -0.0232034
-0.00526059 -0.0233403
-0.00523061 -0.0234777
-0.00520063 -0.0236156
-0.00517065 -0.0237538
-0.00514067 -0.0238926
-0.00511069 -0.0240317
-0.00508071 -0.0241713
-0.00505073 -0.0243114
-0.00502075 -0.0244519
-0.00499077 -0.0245928
-0.0049608 -0.0247342
-0.00493082 -0.024876
-0.00490084 -0.0250183
-0.00487086 -0.0251609
-0.00484088 -0.025304
-0.0048109 -0.0254476
-0.00478092 -0.0255915
-0.00475094 -0.0257359
-0.00472096 -0.0258807
-0.00469098 -0.0260259
-0.004661 -0.0261716
-0.00463102 -0.0263176
-0.00460104 -0.0264641
-0.00457107 -0.026611
-0.00454109 -0.0267583
-0.00451111 -0.026906
-0.00448113 -0.0270541
-0.00445115 -0.0272026
-0.00442117 -0.0273515
-0.00439119 -0.0275009
-0.00436121 -0.0276506
-0.00433123 -0.0278007
-0.00430125 -0.0279512
-0.00427127 -0.0281021
-0.00424129 -0.0282534
-0.00421131 -0.028405
-0.00418134 -0.0285571
-0.00415136 -0.0287095
-0.00412138 -0.0288623
-0.0040914 -0.0290155
-0.00406142 -0.0291691
-0.00403144 -0.029323
-0.00400146 -0.0294773
-0.00397148 -0.0296319
-0.0039415 -0.029787
-0.00391152 -0.0299424
-0.00388154 -0.0300981
-0.00385156 -0.0302542
-0.00382158 -0.0304106
-0.00379161 -0.0305674
-0.00376163 -0.0307246
-0.00373165 -0.0308821
-0.00370167 -0.0310399
-0.00367169 -0.0311981
-0.00364171 -0.0313566
-0.00361173 -0.0315154
-0.00358175 -0.0316746
-0.00355177 -0.0318341
-0.00352179 -0.0319939
-0.00349181 -0.032154
-0.00346183 -0.0323145
-0.00343185 -0.0324752
-0.00340187 -0.0326363
-0.0033719 -0.0327977
-0.00334192 -0.0329594
-0.00331194 -0.0331214
-0.00328196 -0.0332837
-0.00325198 -0.0334462
-0.003222 -0.0336091
-0.00319202 -0.0337723
-0.00316204 -0.0339357
-0.00313206 -0.0340994
-0.00310208 -0.0342634
-0.0030721 -0.0344277
-0.00304212 -0.0345922
-0.00301214 -0.034757
-0.00298217 -0.0349221
-0.00295219 -0.0350874
-0.00292221 -0.035253
-0.00289223 -0.0354188
-0.00286225 -0.0355849
-0.00283227 -0.0357513
-0.00280229 -0.0359178
-0.00277231 -0.0360846
-0.00274233 -0.0362517
-0.00271235 -0.036419
-0.00268237 -0.0365865
-0.00265239 -0.0367542
-0.00262241 -0.0369221
-0.00259244 -0.0370903
-0.00256246 -0.0372586
-0.00253248 -0.0374272
-0.0025025 -0.037596
-0.00247252 -0.0377649
-0.00244254 -0.0379341
-0.00241256 -0.0381035
-0.00238258 -0.038273
-0.0023526 -0.0384427
-0.00232262 -0.0386126
-0.00229264 -0.0387827
-0.00226266 -0.0389529
-0.00223268 -0.0391233
-0.00220271 -0.0392939
-0.00217273 -0.0394646
-0.00214275 -0.0396355
-0.00211277 -0.0398065
-0.00208279 -0.0399777
-0.00205281 -0.040149
-0.00202283 -0.0403204
-0.00199285 -0.040492
-0.00196287 -0.0406637
-0.00193289 -0.0408355
-0.00190291 -0.0410075
-0.00187293 -0.0411795
-0.00184295 -0.0413517
-0.00181297 -0.0415239
-0.001783 -0.0416963
-0.00175302 -0.0418687
-0.00172304 -0.0420413
-0.00169306 -0.0422139
-0.00166308 -0.0423866
-0.0016331 -0.0425594
-0.00160312 -0.0427322
-0.00157314 -0.0429051
-0.00154316 -0.0430781
-0.00151318 -0.0432511
-0.0014832 -0.0434242
-0.00145322 -0.0435973
-0.00142324 -0.0437705
-0.00139327 -0.0439437
-0.00136329 -0.044117
-0.00133331 -0.0442902
-0.00130333 -0.0444635
-0.00127335 -0.0446368
-0.00124337 -0.0448101
-0.00121339 -0.0449834
-0.00118341 -0.0451568
-0.00115343 -0.0453301
-0.00112345 -0.0455034
-0.00109347 -0.0456767
-0.00106349 -0.04585
-0.00103351 -0.0460232
-0.00100354 -0.0461965
-0.000973556 -0.0463697
-0.000943577 -0.0465428
-0.000913598 -0.0467159
-0.000883618 -0.046889
-0.000853639 -0.047062
-0.00082366 -0.0472349
-0.000793681 -0.0474078
-0.000763701 -0.0475806
-0.000733722 -0.0477533
-0.000703743 -0.047926
-0.000673764 -0.0480985
-0.000643784 -0.048271
-0.000613805 -0.0484434
-0.000583826 -0.0486157
-0.000553847 -0.0487878
-0.000523867 -0.0489599
-0.000493888 -0.0491318
-0.000463909 -0.0493036
-0.00043393 -0.0494753
-0.00040395 -0.0496468
-0.000373971 -0.0498182
-0.000343992 -0.0499894
-0.000314013 -0.0501605
-0.000284033 -0.0503315
-0.000254054 -0.0505022
-0.000224075 -0.0506728
-0.000194096 -0.0508433
-0.000164116 -0.0510135
-0.000134137 -0.0511836
-0.000104158 -0.0513534
-7.41786e-05 -0.0515231
-4.41994e-05 -0.0516926
-1.42202e-05 -0.0518618
1.57591e-05 -0.0520309
4.57383e-05 -0.0521997
7.57176e-05 -0.0523683
0.000105697 -0.0525367
0.000135676 -0.0527048
0.000165655 -0.0528727
0.000195635 -0.0530403
0.000225614 -0.0532077
0.000255593 -0.0533748
0.000285572 -0.0535417
0.000315552 -0.0537082
0.000345531 -0.0538745
0.00037551 -0.0540406
0.000405489 -0.0542063
0.000435469 -0.0543717
0.000465448 -0.0545369
0.000495427 -0.0547017
0.000525406 -0.0548662
0.000555386 -0.0550304
0.000585365 -0.0551943
0.000615344 -0.0553578
0.000645323 -0.055521
0.000675302 -0.0556839
0.000705282 -0.0558464
0.000735261 -0.0560086
0.00076524 -0.0561704
0.000795219 -0.0563318
0.000825199 -0.0564929
0.000855178 -0.0566535
0.000885157 -0.0568138
0.000915136 -0.0569738
0.000945116 -0.0571333
0.000975095 -0.0572924
0.00100507 -0.0574511
0.00103505 -0.0576094
0.00106503 -0.0577673
0.00109501 -0.0579247
0.00112499 -0.0580817
0.00115497 -0.0582383
0.00118495 -0.0583945
0.00121493 -0.0585502
0.00124491 -0.0587054
0.00127489 -0.0588602
0.00130487 -0.0590145
0.00133485 -0.0591683
0.00136483 -0.0593217
0.0013948 -0.0594745
0.00142478 -0.0596269
0.00145476 -0.0597788
0.00148474 -0.0599302
0.00151472 -0.0600811
0.0015447 -0.0602314
0.00157468 -0.0603812
0.00160466 -0.0605306
0.00163464 -0.0606793
0.00166462 -0.0608276
0.0016946 -0.0609753
0.00172458 -0.0611224
0.00175456 -0.061269
0.00178453 -0.061415
0.00181451 -0.0615605
0.00184449 -0.0617054
0.00187447 -0.0618497
0.00190445 -0.0619934
0.00193443 -0.0621366
0.00196441 -0.0622791
0.00199439 -0.062421
0.00202437 -0.0625623
0.00205435 -0.062703
0.00208433 -0.0628431
0.00211431 -0.0629826
0.00214429 -0.0631214
0.00217426 -0.0632596
0.00220424 -0.0633971
0.00223422 -0.063534
0.0022642 -0.0636703
0.00229418 -0.0638059
0.00232416 -0.0639408
0.00235414 -0.064075
0.00238412 -0.0642085
0.0024141 -0.0643414
0.00244408 -0.0644736
0.00247406 -0.0646051
0.00250404 -0.0647359
0.00253402 -0.0648659
0.00256399 -0.0649953
0.00259397 -0.0651239
0.00262395 -0.0652518
0.00265393 -0.065379
0.00268391 -0.0655055
0.00271389 -0.0656312
0.00274387 -0.0657561
0.00277385 -0.0658803
0.00280383 -0.0660038
0.00283381 -0.0661265
0.00286379 -0.0662484
0.00289377 -0.0663695
0.00292375 -0.0664899
0.00295373 -0.0666094
0.0029837 -0.0667282
0.00301368 -0.0668462
0.00304366 -0.0669634
0.00307364 -0.0670797
0.00310362 -0.0671953
0.0031336 -0.06731
0.00316358 -0.0674239
0.00319356 -0.067537
0.00322354 -0.0676492
0.00325352 -0.0677606
0.0032835 -0.0678712
0.00331348 -0.0679809
0.00334346 -0.0680897
0.00337343 -0.0681977
0.00340341 -0.0683048
0.00343339 -0.0684111
0.00346337 -0.0685164
0.00349335 -0.0686209
0.00352333 -0.0687245
0.00355331 -0.0688272
0.00358329 -0.068929
0.00361327 -0.0690299
0.00364325 -0.0691298
0.00367323 -0.0692289
0.00370321 -0.0693271
0.00373319 -0.0694243
0.00376316 -0.0695206
0.00379314 -0.0696159
0.00382312 -0.0697103
0.0038531 -0.0698038
0.00388308 -0.0698963
0.00391306 -0.0699879
0.00394304 -0.0700785
0.00397302 -0.0701681
0.004003 -0.0702568
0.00403298 -0.0703445
0.00406296 -0.0704312
0.00409294 -0.070517
0.00412292 -0.0706017
0.0041529 -0.0706855
0.00418287 -0.0707682
0.00421285 -0.07085
0.00424283 -0.0709307
0.00427281 -0.0710104
0.00430279 -0.0710892
0.00433277 -0.0711669
0.00436275 -0.0712435
0.00439273 -0.0713192
0.00442271 -0.0713938
0.00445269 -0.0714673
0.00448267 -0.0715399
0.00451265 -0.0716113
0.00454263 -0.0716818
0.0045726 -0.0717511
0.00460258 -0.0718194
0.00463256 -0.0718867
0.00466254 -0.0719529
0.00469252 -0.0720179
0.0047225 -0.072082
0.00475248 -0.0721449
0.00478246 -0.0722068
0.00481244 -0.0722675
0.00484242 -0.0723272
0.0048724 -0.0723857
0.00490238 -0.0724432
0.00493236 -0.0724996
0.00496233 -0.0725548
0.00499231 -0.072609
0.00502229 -0.072662
0.00505227 -0.0727139
0.00508225 -0.0727646
0.00511223 -0.0728143
0.00514221 -0.0728628
0.00517219 -0.0729101
0.00520217 -0.0729564
0.00523215 -0.0730014
0.00526213 -0.0730454
0.00529211 -0.0730881
0.00532209 -0.0731298
0.00535206 -0.0731702
0.00538204 -0.0732095
0.00541202 -0.0732477
0.005442 -0.0732846
0.00547198 -0.0733204
0.00550196 -0.073355
0.00553194 -0.0733885
0.00556192 -0.0734207
0.0055919 -0.0734518
0.00562188 -0.0734817
0.00565186 -0.0735104
0.00568184 -0.0735379
0.00571182 -0.0735641
0.0057418 -0.0735892
0.00577177 -0.0736131
0.00580175 -0.0736358
0.00583173 -0.0736573
0.00586171 -0.0736775
0.00589169 -0.0736965
0.00592167 -0.0737144
0.00595165 -0.073731
0.00598163 -0.0737463
0.00601161 -0.0737605
0.00604159 -0.0737734
0.00607157 -0.073785
0.00610155 -0.0737955
0.00613153 -0.0738047
0.0061615 -0.0738126
0.00619148 -0.0738193
0.00622146 -0.0738248
0.00625144 -0.073829
0.00628142 -0.073832
0.0063114 -0.0738337
0.00634138 -0.0738342
0.00637136 -0.0738334
0.00640134 -0.0738313
0.00643132 -0.073828
0.0064613 -0.0738234
0.00649128 -0.0738175
0.00652126 -0.0738104
0.00655123 -0.073802
0.00658121 -0.0737923
0.00661119 -0.0737814
0.00664117 -0.0737692
0.00667115 -0.0737557
0.00670113 -0.0737409
0.00673111 -0.0737248
0.00676109 -0.0737075
0.00679107 -0.0736888
0.00682105 -0.0736689
0.00685103 -0.0736477
0.00688101 -0.0736252
0.00691099 -0.0736014
0.00694096 -0.0735763
0.00697094 -0.0735499
0.00700092 -0.0735222
0.0070309 -0.0734932
0.00706088 -0.0734629
0.00709086 -0.0734313
0.00712084 -0.0733984
0.00715082 -0.0733642
0.0071808 -0.0733287
0.00721078 -0.0732919
0.00724076 -0.0732538
0.00727074 -0.0732143
0.00730072 -0.0731736
0.0073307 -0.0731316
0.00736067 -0.0730882
0.00739065 -0.0730435
0.00742063 -0.0729975
0.00745061 -0.0729502
0.00748059 -0.0729016
0.00751057 -0.0728517
0.00754055 -0.0728004
0.00757053 -0.0727478
0.00760051 -0.072694
0.00763049 -0.0726387
0.00766047 -0.0725822
0.00769045 -0.0725244
0.00772043 -0.0724652
0.0077504 -0.0724047
0.00778038 -0.0723429
0.00781036 -0.0722798
0.00784034 -0.0722153
0.00787032 -0.0721495
0.0079003 -0.0720824
0.00793028 -0.072014
0.00796026 -0.0719443
0.00799024 -0.0718732
0.00802022 -0.0718008
0.0080502 -0.0717271
0.00808018 -0.071652
0.00811016 -0.0715757
0.00814013 -0.071498
0.00817011 -0.071419
0.00820009 -0.0713387
0.00823007 -0.071257
0.00826005 -0.071174
0.00829003 -0.0710897
0.00832001 -0.0710041
0.00834999 -0.0709172
0.00837997 -0.0708289
0.00840995 -0.0707393
0.00843993 -0.0706484
0.00846991 -0.0705562
0.00849989 -0.0704627
0.00852986 -0.0703678
0.00855984 -0.0702717
0.00858982 -0.0701742
0.0086198 -0.0700754
0.00864978 -0.0699753
0.00867976 -0.0698738
0.00870974 -0.0697711
0.00873972 -0.069667
0.0087697 -0.0695617
0.00879968 -0.069455
0.00882966 -0.069347
0.00885964 -0.0692377
0.00888962 -0.0691271
0.0089196 -0.0690152
0.00894957 -0.068902
0.00897955 -0.0687875
0.00900953 -0.0686717
0.00903951 -0.0685546
0.00906949 -0.0684362
0.00909947 -0.0683165
0.00912945 -0.0681955
0.00915943 -0.0680732
0.00918941 -0.0679496
0.00921939 -0.0678247
0.00924937 -0.0676985
0.00927935 -0.0675711
0.00930933 -0.0674423
0.0093393 -0.0673123
0.00936928 -0.067181
0.00939926 -0.0670484
0.00942924 -0.0669145
0.00945922 -0.0667794
0.0094892 -0.066643
0.00951918 -0.0665053
0.00954916 -0.0663663
0.00957914 -0.0662261
0.00960912 -0.0660846
0.0096391 -0.0659418
0.00966908 -0.0657978
0.00969906 -0.0656525
0.00972903 -0.065506
0.00975901 -0.0653582
0.00978899 -0.0652092
0.00981897 -0.0650589
0.00984895 -0.0649073
0.00987893 -0.0647546
0.00990891 -0.0646005
0.00993889 -0.0644453
0.00996887 -0.0642888
0.00999885 -0.064131
0.0100288 -0.063972
0.0100588 -0.0638118
0.0100888 -0.0636504
0.0101188 -0.0634878
0.0101487 -0.0633239
0.0101787 -0.0631588
0.0102087 -0.0629925
0.0102387 -0.062825
0.0102687 -0.0626563
0.0102986 -0.0624864
0.0103286 -0.0623152
0.0103586 -0.0621429
0.0103886 -0.0619694
0.0104186 -0.0617947
0.0104485 -0.0616188
0.0104785 -0.0614417
0.0105085 -0.0612634
0.0105385 -0.061084
0.0105685 -0.0609033
0.0105984 -0.0607215
0.0106284 -0.0605386
0.0106584 -0.0603544
0.0106884 -0.0601691
0.0107183 -0.0599827
0.0107483 -0.0597951
0.0107783 -0.0596063
0.0108083 -0.0594164
0.0108383 -0.0592253
0.0108682 -0.0590331
0.0108982 -0.0588398
0.0109282 -0.0586453
0.0109582 -0.0584498
0.0109882 -0.058253
0.0110181 -0.0580552
0.0110481 -0.0578563
0.0110781 -0.0576562
0.0111081 -0.057455
0.0111381 -0.0572528
0.011168 -0.0570494
0.011198 -0.0568449
0.011228 -0.0566394
0.011258 -0.0564327
0.011288 -0.056225
0.0113179 -0.0560162
0.0113479 -0.0558063
0.0113779 -0.0555953
0.0114079 -0.0553833
0.0114379 -0.0551702
0.0114678 -0.0549561
0.0114978 -0.0547409
0.0115278 -0.0545247
0.0115578 -0.0543074
0.0115877 -0.0540891
0.0116177 -0.0538697
0.0116477 -0.0536493
0.0116777 -0.0534279
0.0117077 -0.0532055
0.0117376 -0.052982
0.0117676 -0.0527576
0.0117976 -0.0525321
0.0118276 -0.0523057
0.0118576 -0.0520782
0.0118875 -0.0518498
0.0119175 -0.0516204
0.0119475 -0.05139
0.0119775 -0.0511586
0.0120075 -0.0509262
0.0120374 -0.0506929
0.0120674 -0.0504586
0.0120974 -0.0502234
0.0121274 -0.0499872
0.0121574 -0.0497501
0.0121873 -0.049512
0.0122173 -0.049273
0.0122473 -0.0490331
0.0122773 -0.0487923
0.0123072 -0.0485505
0.0123372 -0.0483078
0.0123672 -0.0480642
0.0123972 -0.0478197
0.0124272 -0.0475743
0.0124571 -0.0473281
0.0124871 -0.0470809
0.0125171 -0.0468329
0.0125471 -0.046584
0.0125771 -0.0463342
0.012607 -0.0460835
0.012637 -0.045832
0.012667 -0.0455797
0.012697 -0.0453265
0.012727 -0.0450724
0.0127569 -0.0448176
0.0127869 -0.0445619
0.0128169 -0.0443054
0.0128469 -0.044048
0.0128769 -0.0437899
0.0129068 -0.0435309
0.0129368 -0.0432712
0.0129668 -0.0430106
0.0129968 -0.0427493
0.0130268 -0.0424872
0.0130567 -0.0422243
0.0130867 -0.0419607
0.0131167 -0.0416963
0.0131467 -0.0414311
0.0131766 -0.0411652
0.0132066 -0.0408985
0.0132366 -0.0406311
0.0132666 -0.040363
0.0132966 -0.0400941
0.0133265 -0.0398245
0.0133565 -0.0395543
0.0133865 -0.0392833
0.0134165 -0.0390116
0.0134465 -0.0387392
0.0134764 -0.0384661
0.0135064 -0.0381924
0.0135364 -0.0379179
0.0135664 -0.0376428
0.0135964 -0.0373671
0.0136263 -0.0370907
0.0136563 -0.0368136
0.0136863 -0.0365359
0.0137163 -0.0362576
0.0137463 -0.0359786
0.0137762 -0.035699
0.0138062 -0.0354188
0.0138362 -0.035138
0.0138662 -0.0348566
0.0138961 -0.0345746
0.0139261 -0.034292
0.0139561 -0.0340088
0.0139861 -0.0337251
0.0140161 -0.0334408
0.014046 -0.0331559
0.014076 -0.0328705
0.014106 -0.0325845
0.014136 -0.0322979
0.014166 -0.0320109
0.0141959 -0.0317233
0.0142259 -0.0314352
0.0142559 -0.0311466
0.0142859 -0.0308575
0.0143159 -0.0305678
0.0143458 -0.0302777
0.0143758 -0.0299871
0.0144058 -0.029696
0.0144358 -0.0294045
0.0144658 -0.0291125
0.0144957 -0.02882
0.0145257 -0.0285271
0.0145557 -0.0282337
0.0145857 -0.0279399
0.0146157 -0.0276457
0.0146456 -0.027351
0.0146756 -0.0270559
0.0147056 -0.0267605
0.0147356 -0.0264646
0.0147655 -0.0261683
0.0147955 -0.0258717
0.0148255 -0.0255746
0.0148555 -0.0252772
0.0148855 -0.0249794
0.0149154 -0.0246813
0.0149454 -0.0243828
0.0149754 -0.024084
0.0150054 -0.0237849
0.0150354 -0.0234854
0.0150653 -0.0231856
0.0150953 -0.0228854
0.0151253 -0.022585
0.0151553 -0.0222843
0.0151853 -0.0219833
0.0152152 -0.021682
0.0152452 -0.0213804
0.0152752 -0.0210785
0.0153052 -0.0207764
0.0153352 -0.0204741
0.0153651 -0.0201715
0.0153951 -0.0198686
0.0154251 -0.0195655
0.0154551 -0.0192622
0.015485 -0.0189587
0.015515 -0.018655
0.015545 -0.018351
0.015575 -0.0180469
0.015605 -0.0177426
0.0156349 -0.0174381
0.0156649 -0.0171334
0.0156949 -0.0168286
0.0157249 -0.0165236
0.0157549 -0.0162184
0.0157848 -0.0159132
0.0158148 -0.0156077
0.0158448 -0.0153022
0.0158748 -0.0149965
0.0159048 -0.0146907
0.0159347 -0.0143849
0.0159647 -0.0140789
0.0159947 -0.0137728
0.0160247 -0.0134667
0.0160547 -0.0131604
0.0160846 -0.0128541
0.0161146 -0.0125478
0.0161446 -0.0122414
0.0161746 -0.011935
0.0162046 -0.0116285
0.0162345 -0.011322
0.0162645 -0.0110154
0.0162945 -0.0107089
0.0163245 -0.0104023
0.0163544 -0.0100958
0.0163844 -0.00978927
0.0164144 -0.00948275
0.0164444 -0.00917626
0.0164744 -0.0088698
0.0165043 -0.00856338
0.0165343 -0.008257
0.0165643 -0.00795069
0.0165943 -0.00764443
0.0166243 -0.00733825
0.0166542 -0.00703215
0.0166842 -0.00672613
0.0167142 -0.00642021
0.0167442 -0.00611439
0.0167742 -0.00580868
0.0168041 -0.00550308
0.0168341 -0.00519761
0.0168641 -0.00489227
0.0168941 -0.00458707
0.0169241 -0.00428202
0.016954 -0.00397713
0.016984 -0.0036724
0.017014 -0.00336784
0.017044 -0.00306345
0.0170739 -0.00275925
0.0171039 -0.00245525
0.0171339 -0.00215145
0.0171639 -0.00184785
0.0171939 -0.00154448
0.0172238 -0.00124132
0.0172538 -0.000938401
0.0172838 -0.000635719
0.0173138 -0.000333284
0.0173438 -3.11033e-05
0.0173737 0.000270815
0.0174037 0.000572463
0.0174337 0.000873834
0.0174637 0.00117492
0.0174937 0.00147571
0.0175236 0.0017762
0.0175536 0.00207639
0.0175836 0.00237626
0.0176136 0.0026758
0.0176436 0.00297502
0.0176735 0.0032739
0.0177035 0.00357243
0.0177335 0.00387061
0.0177635 0.00416842
0.0177935 0.00446587
0.0178234 0.00476294
0.0178534 0.00505963
0.0178834 0.00535593
0.0179134 0.00565183
0.0179433 0.00594732
0.0179733 0.0062424
0.0180033 0.00653706
0.0180333 0.00683129
0.0180633 0.00712508
0.0180932 0.00741843
0.0181232 0.00771133
0.0181532 0.00800378
0.0181832 0.00829575
0.0182132 0.00858725
0.0182431 0.00887827
0.0182731 0.00916881
0.0183031 0.00945884
0.0183331 0.00974838
0.0183631 0.0100374
0.018393 0.0103259
0.018423 0.0106139
0.018453 0.0109013
0.018483 0.0111882
0.018513 0.0114746
0.0185429 0.0117604
0.0185729 0.0120457
0.0186029 0.0123303
0.0186329 0.0126144
0.0186628 0.012898
0.0186928 0.0131809
0.0187228 0.0134632
0.0187528 0.0137449
0.0187828 0.0140261
0.0188127 0.0143065
0.0188427 0.0145864
0.0188727 0.0148656
0.0189027 0.0151442
0.0189327 0.0154222
0.0189626 0.0156995
0.0189926 0.0159761
0.0190226 0.016252
0.0190526 0.0165273
0.0190826 0.0168019
0.0191125 0.0170758
0.0191425 0.017349
0.0191725 0.0176215
0.0192025 0.0178933
0.0192325 0.0181644
0.0192624 0.0184347
0.0192924 0.0187044
0.0193224 0.0189732
0.0193524 0.0192414
0.0193824 0.0195087
0.0194123 0.0197754
0.0194423 0.0200412
0.0194723 0.0203063
0.0195023 0.0205706
0.0195322 0.0208341
0.0195622 0.0210968
0.0195922 0.0213587
0.0196222 0.0216198
0.0196522 0.0218801
0.0196821 0.0221396
0.0197121 0.0223982
0.0197421 0.022656
0.0197721 0.022913
0.0198021 0.0231691
0.019832 0.0234243
0.019862 0.0236787
0.019892 0.0239323
0.019922 0.0241849
0.019952 0.0244367
0.0199819 0.0246876
0.0200119 0.0249376
0.0200419 0.0251867
0.0200719 0.0254349
0.0201019 0.0256821
0.0201318 0.0259285
0.0201618 0.0261739
0.0201918 0.0264184
0.0202218 0.026662
0.0202518 0.0269046
0.0202817 0.0271463
0.0203117 0.027387
0.0203417 0.0276267
0.0203717 0.0278655
0.0204016 0.0281033
0.0204316 0.0283401
0.0204616 0.0285759
0.0204916 0.0288108
0.0205216 0.0290446
0.0205515 0.0292774
0.0205815 0.0295093
0.0206115 0.0297401
0.0206415 0.0299698
0.0206715 0.0301986
0.0207014 0.0304263
0.0207314 0.0306529
0.0207614 0.0308785
0.0207914 0.0311031
0.0208214 0.0313266
0.0208513 0.031549
0.0208813 0.0317704
0.0209113 0.0319907
0.0209413 0.0322099
0.0209713 0.032428
0.0210012 0.032645
0.0210312 0.032861
0.0210612 0.0330758
0.0210912 0.0332895
0.0211211 0.0335021
0.0211511 0.0337135
0.0211811 0.0339239
0.0212111 0.0341331
0.0212411 0.0343411
0.021271 0.0345481
0.021301 0.0347538
0.021331 0.0349584
0.021361 0.0351619
0.021391 0.0353642
0.0214209 0.0355653
0.0214509 0.0357653
0.0214809 0.035964
0.0215109 0.0361616
0.0215409 0.036358
0.0215708 0.0365532
0.0216008 0.0367472
0.0216308 0.0369399
0.0216608 0.0371315
0.0216908 0.0373219
0.0217207 0.037511
0.0217507 0.0376989
0.0217807 0.0378856
0.0218107 0.038071
0.0218407 0.0382552
0.0218706 0.0384382
0.0219006 0.0386199
0.0219306 0.0388003
0.0219606 0.0389795
0.0219905 0.0391574
0.0220205 0.0393341
0.0220505 0.0395094
0.0220805 0.0396835
0.0221105 0.0398563
0.0221404 0.0400279
0.0221704 0.0401981
0.0222004 0.040367
0.0222304 0.0405347
0.0222604 0.040701
0.0222903 0.040866
0.0223203 0.0410298
0.0223503 0.0411921
0.0223803 0.0413532
0.0224103 0.041513
0.0224402 0.0416714
0.0224702 0.0418284
0.0225002 0.0419842
0.0225302 0.0421386
0.0225602 0.0422916
0.0225901 0.0424433
0.0226201 0.0425937
0.0226501 0.0427426
0.0226801 0.0428903
0.02271 0.0430365
0.02274 0.0431814
0.02277 0.0433249
0.0228 0.043467
0.02283 0.0436078
0.0228599 0.0437471
0.0228899 0.0438851
0.0229199 0.0440217
0.0229499 0.0441569
0.0229799 0.0442907
0.0230098 0.0444231
0.0230398 0.044554
0.0230698 0.0446836
0.0230998 0.0448118
0.0231298 0.0449385
0.0231597 0.0450638
0.0231897 0.0451877
0.0232197 0.0453102
0.0232497 0.0454313
0.0232797 0.0455509
0.0233096 0.045669
0.0233396 0.0457858
0.0233696 0.0459011
0.0233996 0.0460149
0.0234296 0.0461273
0.0234595 0.0462383
0.0234895 0.0463478
0.0235195 0.0464558
0.0235495 0.0465624
0.0235794 0.0466676
0.0236094 0.0467712
0.0236394 0.0468734
0.0236694 0.0469741
0.0236994 0.0470734
0.0237293 0.0471712
0.0237593 0.0472675
0.0237893 0.0473623
0.0238193 0.0474557
0.0238493 0.0475475
0.0238792 0.0476379
0.0239092 0.0477268
0.0239392 0.0478142
0.0239692 0.0479001
0.0239992 0.0479845
0.0240291 0.0480674
0.0240591 0.0481488
0.0240891 0.0482287
0.0241191 0.0483071
0.0241491 0.048384
0.024179 0.0484594
0.024209 0.0485333
0.024239 0.0486057
0.024269 0.0486765
0.0242989 0.0487459
0.0243289 0.0488137
0.0243589 0.04888
0.0243889 0.0489448
0.0244189 0.0490081
0.0244488 0.0490699
0.0244788 0.0491301
0.0245088 0.0491888
0.0245388 0.049246
0.0245688 0.0493016
0.0245987 0.0493558
0.0246287 0.0494084
0.0246587 0.0494594
0.0246887 0.0495089
0.0247187 0.0495569
0.0247486 0.0496034
0.0247786 0.0496483
0.0248086 0.0496917
0.0248386 0.0497336
0.0248686 0.0497739
0.0248985 0.0498126
0.0249285 0.0498499
0.0249585 0.0498856
0.0249885 0.0499197
0.0250185 0.0499523
0.0250484 0.0499834
0.0250784 0.0500129
0.0251084 0.0500409
0.0251384 0.0500673
0.0251683 0.0500922
0.0251983 0.0501155
0.0252283 0.0501373
0.0252583 0.0501576
0.0252883 0.0501763
0.0253182 0.0501934
0.0253482 0.050209
0.0253782 0.0502231
0.0254082 0.0502356
0.0254382 0.0502465
0.0254681 0.050256
0.0254981 0.0502638
0.0255281 0.0502701
0.0255581 0.0502749
0.0255881 0.0502781
0.025618 0.0502798
0.025648 0.05028
0.025678 0.0502785
0.025708 0.0502756
0.025738 0.0502711
0.0257679 0.050265
0.0257979 0.0502574
0.0258279 0.0502483
0.0258579 0.0502376
0.0258878 0.0502254
0.0259178 0.0502116
0.0259478 0.0501963
0.0259778 0.0501795
0.0260078 0.0501611
0.0260377 0.0501411
0.0260677 0.0501197
0.0260977 0.0500967
0.0261277 0.0500721
0.0261577 0.0500461
0.0261876 0.0500184
0.0262176 0.0499893
0.0262476 0.0499586
0.0262776 0.0499264
0.0263076 0.0498927
0.0263375 0.0498574
0.0263675 0.0498206
0.0263975 0.0497823
0.0264275 0.0497425
0.0264575 0.0497011
0.0264874 0.0496582
0.0265174 0.0496138
0.0265474 0.0495679
0.0265774 0.0495205
0.0266074 0.0494715
0.0266373 0.0494211
0.0266673 0.0493691
0.0266973 0.0493156
0.0267273 0.0492607
0.0267572 0.0492042
0.0267872 0.0491462
0.0268172 0.0490867
0.0268472 0.0490257
0.0268772 0.0489632
0.0269071 0.0488992
0.0269371 0.0488337
0.0269671 0.0487668
0.0269971 0.0486983
0.0270271 0.0486284
0.027057 0.048557
0.027087 0.048484
0.027117 0.0484097
0.027147 0.0483338
0.027177 0.0482565
0.0272069 0.0481777
0.0272369 0.0480974
0.0272669 0.0480157
0.0272969 0.0479325
0.0273269 0.0478478
0.0273568 0.0477617
0.0273868 0.0476742
0.0274168 0.0475852
0.0274468 0.0474947
0.0274767 0.0474028
0.0275067 0.0473095
0.0275367 0.0472147
0.0275667 0.0471184
0.0275967 0.0470208
0.0276266 0.0469217
0.0276566 0.0468212
0.0276866 0.0467193
0.0277166 0.0466159
0.0277466 0.0465112
0.0277765 0.046405
0.0278065 0.0462974
0.0278365 0.0461884
0.0278665 0.0460781
0.0278965 0.0459663
0.0279264 0.0458531
0.0279564 0.0457385
0.0279864 0.0456226
0.0280164 0.0455053
0.0280464 0.0453865
0.0280763 0.0452665
0.0281063 0.045145
0.0281363 0.0450222
0.0281663 0.044898
0.0281963 0.0447724
0.0282262 0.0446455
0.0282562 0.0445173
0.0282862 0.0443877
0.0283162 0.0442568
0.0283461 0.0441245
0.0283761 0.0439909
0.0284061 0.0438559
0.0284361 0.0437197
0.0284661 0.0435821
0.028496 0.0434432
0.028526 0.043303
0.028556 0.0431615
0.028586 0.0430187
0.028616 0.0428746
0.0286459 0.0427292
0.0286759 0.0425825
0.0287059 0.0424345
0.0287359 0.0422853
0.0287659 0.0421348
0.0287958 0.041983
0.0288258 0.0418299
0.0288558 0.0416756
0.0288858 0.0415201
0.0289158 0.0413633
0.0289457 0.0412052
0.0289757 0.0410459
0.0290057 0.0408854
0.0290357 0.0407237
0.0290656 0.0405607
0.0290956 0.0403965
0.0291256 0.0402311
0.0291556 0.0400645
0.0291856 0.0398967
0.0292155 0.0397277
0.0292455 0.0395576
0.0292755 0.0393862
0.0293055 0.0392136
0.0293355 0.0390399
0.0293654 0.0388651
0.0293954 0.038689
0.0294254 0.0385118
0.0294554 0.0383335
0.0294854 0.038154
0.0295153 0.0379734
0.0295453 0.0377916
0.0295753 0.0376087
0.0296053 0.0374247
0.0296353 0.0372396
0.0296652 0.0370534
0.0296952 0.0368661
0.0297252 0.0366776
0.0297552 0.0364881
0.0297852 0.0362975
0.0298151 0.0361059
0.0298451 0.0359131
0.0298751 0.0357193
0.0299051 0.0355245
0.029935 0.0353286
0.029965 0.0351316
0.029995 0.0349336
0.030025 0.0347346
0.030055 0.0345345
0.0300849 0.0343335
0.0301149 0.0341314
0.0301449 0.0339283
0.0301749 0.0337242
0.0302049 0.0335191
0.0302348 0.033313
0.0302648 0.033106
0.0302948 0.032898
0.0303248 0.032689
0.0303548 0.0324791
0.0303847 0.0322682
0.0304147 0.0320563
0.0304447 0.0318435
0.0304747 0.0316298
0.0305047 0.0314152
0.0305346 0.0311997
0.0305646 0.0309832
0.0305946 0.0307658
0.0306246 0.0305476
0.0306545 0.0303285
0.0306845 0.0301084
0.0307145 0.0298875
0.0307445 0.0296658
0.0307745 0.0294431
0.0308044 0.0292197
0.0308344 0.0289953
0.0308644 0.0287702
0.0308944 0.0285442
0.0309244 0.0283174
0.0309543 0.0280898
0.0309843 0.0278613
0.0310143 0.0276321
0.0310443 0.0274021
0.0310743 0.0271713
0.0311042 0.0269397
0.0311342 0.0267073
0.0311642 0.0264742
0.0311942 0.0262403
0.0312242 0.0260057
0.0312541 0.0257703
0.0312841 0.0255342
0.0313141 0.0252974
0.0313441 0.0250599
0.0313741 0.0248216
0.031404 0.0245827
0.031434 0.0243431
0.031464 0.0241028
0.031494 0.0238618
0.0315239 0.0236201
0.0315539 0.0233778
0.0315839 0.0231348
0.0316139 0.0228912
0.0316439 0.0226469
0.0316738 0.022402
0.0317038 0.0221565
0.0317338 0.0219104
0.0317638 0.0216637
0.0317938 0.0214164
0.0318237 0.0211685
0.0318537 0.02092
0.0318837 0.0206709
0.0319137 0.0204213
0.0319437 0.0201711
0.0319736 0.0199204
0.0320036 0.0196691
0.0320336 0.0194173
0.0320636 0.019165
0.0320936 0.0189122
0.0321235 0.0186588
0.0321535 0.018405
0.0321835 0.0181507
0.0322135 0.0178959
0.0322434 0.0176406
0.0322734 0.0173849
0.0323034 0.0171287
0.0323334 0.016872
0.0323634 0.0166149
0.0323933 0.0163574
0.0324233 0.0160995
0.0324533 0.0158412
0.0324833 0.0155824
0.0325133 0.0153233
0.0325432 0.0150637
0.0325732 0.0148038
0.0326032 0.0145436
0.0326332 0.0142829
0.0326632 0.0140219
0.0326931 0.0137606
0.0327231 0.0134989
0.0327531 0.0132369
0.0327831 0.0129746
0.0328131 0.012712
0.032843 0.012449
0.032873 0.0121858
0.032903 0.0119223
0.032933 0.0116585
0.032963 0.0113945
0.0329929 0.0111302
0.0330229 0.0108656
0.0330529 0.0106008
0.0330829 0.0103358
0.0331128 0.0100706
0.0331428 0.00980513
0.0331728 0.00953947
0.0332028 0.00927361
0.0332328 0.00900757
0.0332627 0.00874134
0.0332927 0.00847495
0.0333227 0.0082084
0.0333527 0.00794169
0.0333827 0.00767485
0.0334126 0.00740786
0.0334426 0.00714076
0.0334726 0.00687353
0.0335026 0.0066062
0.0335326 0.00633877
0.0335625 0.00607125
0.0335925 0.00580365
0.0336225 0.00553598
0.0336525 0.00526824
0.0336825 0.00500045
0.0337124 0.00473261
0.0337424 0.00446474
0.0337724 0.00419684
0.0338024 0.00392892
0.0338323 0.00366098
0.0338623 0.00339305
0.0338923 0.00312513
0.0339223 0.00285722
0.0339523 0.00258934
0.0339822 0.00232149
0.0340122 0.00205368
0.0340422 0.00178593
0.0340722 0.00151823
0.0341022 0.00125061
0.0341321 0.000983064
0.0341621 0.000715606
0.0341921 0.000448244
0.0342221 0.000180987
0.0342521 -8.61563e-05
0.034282 -0.000353177
0.034312 -0.000620066
0.034342 -0.000886814
0.034372 -0.00115341
0.034402 -0.00141985
0.0344319 -0.00168613
0.0344619 -0.00195223
0.0344919 -0.00221814
0.0345219 -0.00248386
0.0345519 -0.00274938
0.0345818 -0.00301469
0.0346118 -0.00327978
0.0346418 -0.00354464
0.0346718 -0.00380926
0.0347017 -0.00407364
0.0347317 -0.00433776
0.0347617 -0.00460162
0.0347917 -0.00486521
0.0348217 -0.00512852
0.0348516 -0.00539153
0.0348816 -0.00565425
0.0349116 -0.00591666
0.0349416 -0.00617876
0.0349716 -0.00644053
0.0350015 -0.00670197
0.0350315 -0.00696307
0.0350615 -0.00722382
0.0350915 -0.00748421
0.0351215 -0.00774423
0.0351514 -0.00800387
0.0351814 -0.00826313
0.0352114 -0.008522
0.0352414 -0.00878047
0.0352714 -0.00903852
0.0353013 -0.00929616
0.0353313 -0.00955337
0.0353613 -0.00981015
0.0353913 -0.0100665
0.0354212 -0.0103224
0.0354512 -0.0105778
0.0354812 -0.0108327
0.0355112 -0.0110872
0.0355412 -0.0113412
0.0355711 -0.0115947
0.0356011 -0.0118476
0.0356311 -0.0121001
0.0356611 -0.0123521
0.0356911 -0.0126035
0.035721 -0.0128544
0.035751 -0.0131047
0.035781 -0.0133545
0.035811 -0.0136038
0.035841 -0.0138524
0.0358709 -0.0141005
0.0359009 -0.014348
0.0359309 -0.0145949
0.0359609 -0.0148412
0.0359909 -0.0150869
0.0360208 -0.015332
0.0360508 -0.0155765
0.0360808 -0.0158203
0.0361108 -0.0160635
0.0361408 -0.016306
0.0361707 -0.0165479
0.0362007 -0.0167891
0.0362307 -0.0170296
0.0362607 -0.0172694
0.0362906 -0.0175086
0.0363206 -0.0177471
0.0363506 -0.0179848
0.0363806 -0.0182219
0.0364106 -0.0184582
0.0364405 -0.0186938
0.0364705 -0.0189287
0.0365005 -0.0191628
0.0365305 -0.0193961
0.0365605 -0.0196287
0.0365904 -0.0198606
0.0366204 -0.0200917
0.0366504 -0.0203219
0.0366804 -0.0205514
0.0367104 -0.0207801
0.0367403 -0.021008
0.0367703 -0.0212351
0.0368003 -0.0214614
0.0368303 -0.0216868
0.0368603 -0.0219114
0.0368902 -0.0221352
0.0369202 -0.0223581
0.0369502 -0.0225802
0.0369802 -0.0228014
0.0370101 -0.0230217
0.0370401 -0.0232411
0.0370701 -0.0234597
0.0371001 -0.0236774
0.0371301 -0.0238942
0.03716 -0.02411
0.03719 -0.024325
0.03722 -0.024539
0.03725 -0.0247522
0.03728 -0.0249643
0.0373099 -0.0251756
0.0373399 -0.0253859
0.0373699 -0.0255952
0.0373999 -0.0258036
0.0374299 -0.026011
0.0374598 -0.0262175
0.0374898 -0.0264229
0.0375198 -0.0266274
0.0375498 -0.0268309
0.0375798 -0.0270334
0.0376097 -0.0272349
0.0376397 -0.0274353
0.0376697 -0.0276348
0.0376997 -0.0278332
0.0377297 -0.0280306
0.0377596 -0.0282269
0.0377896 -0.0284222
0.0378196 -0.0286165
0.0378496 -0.0288097
0.0378795 -0.0290018
0.0379095 -0.0291929
0.0379395 -0.0293829
0.0379695 -0.0295718
0.0379995 -0.0297596
0.0380294 -0.0299463
0.0380594 -0.030132
0.0380894 -0.0303165
0.0381194 -0.0304999
0.0381494 -0.0306822
0.0381793 -0.0308634
0.0382093 -0.0310434
0.0382393 -0.0312223
0.0382693 -0.0314001
0.0382993 -0.0315767
0.0383292 -0.0317522
0.0383592 -0.0319265
0.0383892 -0.0320997
0.0384192 -0.0322717
0.0384492 -0.0324425
0.0384791 -0.0326121
0.0385091 -0.0327806
0.0385391 -0.0329478
0.0385691 -0.0331139
0.038599 -0.0332788
0.038629 -0.0334425
0.038659 -0.0336049
0.038689 -0.0337662
0.038719 -0.0339262
0.0387489 -0.034085
0.0387789 -0.0342426
0.0388089 -0.0343989
0.0388389 -0.034554
0.0388689 -0.0347079
0.0388988 -0.0348605
0.0389288 -0.0350119
0.0389588 -0.035162
0.0389888 -0.0353108
0.0390188 -0.0354584
0.0390487 -0.0356047
0.0390787 -0.0357497
0.0391087 -0.0358935
0.0391387 -0.0360359
0.0391687 -0.0361771
0.0391986 -0.036317
0.0392286 -0.0364556
0.0392586 -0.0365929
0.0392886 -0.0367288
0.0393186 -0.0368635
0.0393485 -0.0369969
0.0393785 -0.0371289
0.0394085 -0.0372596
0.0394385 -0.037389
0.0394684 -0.0375171
0.0394984 -0.0376438
0.0395284 -0.0377692
0.0395584 -0.0378932
0.0395884 -0.0380159
0.0396183 -0.0381373
0.0396483 -0.0382573
0.0396783 -0.038376
0.0397083 -0.0384933
0.0397383 -0.0386092
0.0397682 -0.0387238
0.0397982 -0.038837
0.0398282 -0.0389488
0.0398582 -0.0390592
0.0398882 -0.0391683
0.0399181 -0.039276
0.0399481 -0.0393823
0.0399781 -0.0394873
0.0400081 -0.0395908
0.0400381 -0.0396929
0.040068 -0.0397937
0.040098 -0.039893
0.040128 -0.039991
0.040158 -0.0400875
0.0401879 -0.0401826
0.0402179 -0.0402764
0.0402479 -0.0403687
0.0402779 -0.0404596
0.0403079 -0.0405491
0.0403378 -0.0406371
0.0403678 -0.0407238
0.0403978 -0.040809
0.0404278 -0.0408928
0.0404578 -0.0409751
0.0404877 -0.0410561
0.0405177 -0.0411356
0.0405477 -0.0412136
0.0405777 -0.0412903
0.0406077 -0.0413654
0.0406376 -0.0414392
0.0406676 -0.0415115
0.0406976 -0.0415824
0.0407276 -0.0416518
0.0407576 -0.0417198
0.0407875 -0.0417863
0.0408175 -0.0418513
0.0408475 -0.041915
0.0408775 -0.0419771
0.0409075 -0.0420378
0.0409374 -0.0420971
0.0409674 -0.0421549
0.0409974 -0.0422112
0.0410274 -0.0422661
0.0410573 -0.0423195
0.0410873 -0.0423714
0.0411173 -0.0424219
0.0411473 -0.042471
0.0411773 -0.0425185
0.0412072 -0.0425646
0.0412372 -0.0426092
0.0412672 -0.0426524
0.0412972 -0.0426941
0.0413272 -0.0427343
0.0413571 -0.042773
0.0413871 -0.0428103
0.0414171 -0.0428461
0.0414471 -0.0428804
0.0414771 -0.0429133
0.041507 -0.0429447
0.041537 -0.0429746
0.041567 -0.043003
0.041597 -0.04303
0.041627 -0.0430555
0.0416569 -0.0430795
0.0416869 -0.043102
0.0417169 -0.0431231
0.0417469 -0.0431427
0.0417768 -0.0431608
0.0418068 -0.0431775
0.0418368 -0.0431926
0.0418668 -0.0432063
0.0418968 -0.0432186
0.0419267 -0.0432293
0.0419567 -0.0432386
0.0419867 -0.0432464
0.0420167 -0.0432528
0.0420467 -0.0432576
0.0420766 -0.043261
0.0421066 -0.043263
0.0421366 -0.0432634
0.0421666 -0.0432624
0.0421966 -0.04326
0.0422265 -0.043256
0.0422565 -0.0432506
0.0422865 -0.0432437
0.0423165 -0.0432354
0.0423465 -0.0432256
0.0423764 -0.0432144
0.0424064 -0.0432016
0.0424364 -0.0431875
0.0424664 -0.0431718
0.0424964 -0.0431547
0.0425263 -0.0431362
0.0425563 -0.0431162
0.0425863 -0.0430948
0.0426163 -0.0430719
0.0426462 -0.0430475
0.0426762 -0.0430217
0.0427062 -0.0429945
0.0427362 -0.0429658
0.0427662 -0.0429357
0.0427961 -0.0429041
0.0428261 -0.0428711
0.0428561 -0.0428367
0.0428861 -0.0428008
0.0429161 -0.0427635
0.042946 -0.0427247
0.042976 -0.0426846
0.043006 -0.042643
0.043036 -0.0426
0.043066 -0.0425555
0.0430959 -0.0425097
0.0431259 -0.0424624
0.0431559 -0.0424137
0.0431859 -0.0423636
0.0432159 -0.0423121
0.0432458 -0.0422592
0.0432758 -0.0422049
0.0433058 -0.0421491
0.0433358 -0.042092
0.0433657 -0.0420335
0.0433957 -0.0419736
0.0434257 -0.0419123
0.0434557 -0.0418496
0.0434857 -0.0417856
0.0435156 -0.0417201
0.0435456 -0.0416533
0.0435756 -0.0415851
0.0436056 -0.0415155
0.0436356 -0.0414445
0.0436655 -0.0413722
0.0436955 -0.0412986
0.0437255 -0.0412235
0.0437555 -0.0411471
0.0437855 -0.0410694
0.0438154 -0.0409903
0.0438454 -0.0409099
0.0438754 -0.0408281
0.0439054 -0.040745
0.0439354 -0.0406605
0.0439653 -0.0405748
0.0439953 -0.0404876
0.0440253 -0.0403992
0.0440553 -0.0403095
0.0440853 -0.0402184
0.0441152 -0.040126
0.0441452 -0.0400323
0.0441752 -0.0399373
0.0442052 -0.0398411
0.0442351 -0.0397435
0.0442651 -0.0396446
0.0442951 -0.0395444
0.0443251 -0.039443
0.0443551 -0.0393403
0.044385 -0.0392363
0.044415 -0.039131
0.044445 -0.0390245
0.044475 -0.0389167
0.044505 -0.0388076
0.0445349 -0.0386973
0.0445649 -0.0385858
0.0445949 -0.038473
0.0446249 -0.0383589
0.0446549 -0.0382437
0.0446848 -0.0381272
0.0447148 -0.0380095
0.0447448 -0.0378905
0.0447748 -0.0377704
0.0448048 -0.037649
0.0448347 -0.0375265
0.0448647 -0.0374027
0.0448947 -0.0372777
0.0449247 -0.0371516
0.0449546 -0.0370242
0.0449846 -0.0368957
