-0.035 0
-0.03497 -2.27224e-09
-0.03494 -4.81738e-09
-0.0349101 -7.6688e-09
-0.0348801 -1.08888e-08
-0.0348501 -1.45333e-08
-0.0348201 -1.86381e-08
-0.0347901 -2.32273e-08
-0.0347602 -2.83221e-08
-0.0347302 -3.39497e-08
-0.0347002 -4.0148e-08
-0.0346702 -4.69625e-08
-0.0346402 -5.4441e-08
-0.0346103 -6.26256e-08
-0.0345803 -7.15491e-08
-0.0345503 -8.12348e-08
-0.0345203 -9.16998e-08
-0.0344904 -1.02959e-07
-0.0344604 -1.15027e-07
-0.0344304 -1.2792e-07
-0.0344004 -1.41649e-07
-0.0343704 -1.56222e-07
-0.0343405 -1.71639e-07
-0.0343105 -1.8789e-07
-0.0342805 -2.04961e-07
-0.0342505 -2.2283e-07
-0.0342205 -2.4147e-07
-0.0341906 -2.60851e-07
-0.0341606 -2.80938e-07
-0.0341306 -3.01691e-07
-0.0341006 -3.23065e-07
-0.0340706 -3.45015e-07
-0.0340407 -3.67489e-07
-0.0340107 -3.90437e-07
-0.0339807 -4.1381e-07
-0.0339507 -4.37559e-07
-0.0339207 -4.61641e-07
-0.0338908 -4.86011e-07
-0.0338608 -5.10632e-07
-0.0338308 -5.35468e-07
-0.0338008 -5.6049e-07
-0.0337709 -5.85678e-07
-0.0337409 -6.1102e-07
-0.0337109 -6.36517e-07
-0.0336809 -6.62178e-07
-0.0336509 -6.88019e-07
-0.033621 -7.14067e-07
-0.033591 -7.40356e-07
-0.033561 -7.66924e-07
-0.033531 -7.93823e-07
-0.033501 -8.21109e-07
-0.0334711 -8.4885e-07
-0.0334411 -8.77117e-07
-0.0334111 -9.05985e-07
-0.0333811 -9.35532e-07
-0.0333511 -9.65835e-07
-0.0333212 -9.96971e-07
-0.0332912 -1.02901e-06
-0.0332612 -1.06203e-06
-0.0332312 -1.0961e-06
-0.0332012 -1.13128e-06
-0.0331713 -1.16761e-06
-0.0331413 -1.20516e-06
-0.0331113 -1.24394e-06
-0.0330813 -1.284e-06
-0.0330513 -1.32535e-06
-0.0330214 -1.36799e-06
-0.0329914 -1.41193e-06
-0.0329614 -1.45717e-06
-0.0329314 -1.50367e-06
-0.0329015 -1.55142e-06
-0.0328715 -1.6004e-06
-0.0328415 -1.65057e-06
-0.0328115 -1.70189e-06
-0.0327815 -1.75433e-06
-0.0327516 -1.80784e-06
-0.0327216 -1.86238e-06
-0.0326916 -1.91793e-06
-0.0326616 -1.97444e-06
-0.0326316 -2.0319e-06
-0.0326017 -2.09029e-06
-0.0325717 -2.14958e-06
-0.0325417 -2.20978e-06
-0.0325117 -2.27089e-06
-0.0324817 -2.33292e-06
-0.0324518 -2.39589e-06
-0.0324218 -2.45983e-06
-0.0323918 -2.52477e-06
-0.0323618 -2.59076e-06
-0.0323318 -2.65785e-06
-0.0323019 -2.72608e-06
-0.0322719 -2.79552e-06
-0.0322419 -2.86625e-06
-0.0322119 -2.93831e-06
-0.032182 -3.0118e-06
-0.032152 -3.08676e-06
-0.032122 -3.16328e-06
-0.032092 -3.24141e-06
-0.032062 -3.32123e-06
-0.0320321 -3.40278e-06
-0.0320021 -3.48614e-06
-0.0319721 -3.57134e-06
-0.0319421 -3.65843e-06
-0.0319121 -3.74745e-06
-0.0318822 -3.83843e-06
-0.0318522 -3.93139e-06
-0.0318222 -4.02635e-06
-0.0317922 -4.12334e-06
-0.0317622 -4.22237e-06
-0.0317323 -4.32345e-06
-0.0317023 -4.4266e-06
-0.0316723 -4.53183e-06
-0.0316423 -4.63915e-06
-0.0316123 -4.74859e-06
-0.0315824 -4.86015e-06
-0.0315524 -4.97385e-06
-0.0315224 -5.08971e-06
-0.0314924 -5.20776e-06
-0.0314624 -5.32803e-06
-0.0314325 -5.45053e-06
-0.0314025 -5.5753e-06
-0.0313725 -5.70239e-06
-0.0313425 -5.83182e-06
-0.0313126 -5.96365e-06
-0.0312826 -6.09791e-06
-0.0312526 -6.23467e-06
-0.0312226 -6.37398e-06
-0.0311926 -6.51589e-06
-0.0311627 -6.66046e-06
-0.0311327 -6.80776e-06
-0.0311027 -6.95786e-06
-0.0310727 -7.11082e-06
-0.0310427 -7.26671e-06
-0.0310128 -7.4256e-06
-0.0309828 -7.58756e-06
-0.0309528 -7.75265e-06
-0.0309228 -7.92096e-06
-0.0308928 -8.09253e-06
-0.0308629 -8.26745e-06
-0.0308329 -8.44578e-06
-0.0308029 -8.62758e-06
-0.0307729 -8.81293e-06
-0.0307429 -9.00188e-06
-0.030713 -9.1945e-06
-0.030683 -9.39086e-06
-0.030653 -9.59102e-06
-0.030623 -9.79503e-06
-0.0305931 -1.0003e-05
-0.0305631 -1.02149e-05
-0.0305331 -1.04308e-05
-0.0305031 -1.06508e-05
-0.0304731 -1.0875e-05
-0.0304432 -1.11034e-05
-0.0304132 -1.1336e-05
-0.0303832 -1.1573e-05
-0.0303532 -1.18143e-05
-0.0303232 -1.20602e-05
-0.0302933 -1.23105e-05
-0.0302633 -1.25655e-05
-0.0302333 -1.28251e-05
-0.0302033 -1.30895e-05
-0.0301733 -1.33588e-05
-0.0301434 -1.36331e-05
-0.0301134 -1.39124e-05
-0.0300834 -1.41968e-05
-0.0300534 -1.44866e-05
-0.0300234 -1.47816e-05
-0.0299935 -1.50822e-05
-0.0299635 -1.53884e-05
-0.0299335 -1.57002e-05
-0.0299035 -1.60179e-05
-0.0298735 -1.63415e-05
-0.0298436 -1.66711e-05
-0.0298136 -1.70068e-05
-0.0297836 -1.73488e-05
-0.0297536 -1.76971e-05
-0.0297237 -1.8052e-05
-0.0296937 -1.84134e-05
-0.0296637 -1.87815e-05
-0.0296337 -1.91564e-05
-0.0296037 -1.95383e-05
-0.0295738 -1.99272e-05
-0.0295438 -2.03233e-05
-0.0295138 -2.07266e-05
-0.0294838 -2.11374e-05
-0.0294538 -2.15557e-05
-0.0294239 -2.19815e-05
-0.0293939 -2.24152e-05
-0.0293639 -2.28567e-05
-0.0293339 -2.33062e-05
-0.0293039 -2.37638e-05
-0.029274 -2.42297e-05
-0.029244 -2.4704e-05
-0.029214 -2.51869e-05
-0.029184 -2.56785e-05
-0.029154 -2.6179e-05
-0.0291241 -2.66885e-05
-0.0290941 -2.72072e-05
-0.0290641 -2.77353e-05
-0.0290341 -2.82729e-05
-0.0290042 -2.88202e-05
-0.0289742 -2.93774e-05
-0.0289442 -2.99446e-05
-0.0289142 -3.05219e-05
-0.0288842 -3.11096e-05
-0.0288543 -3.17078e-05
-0.0288243 -3.23168e-05
-0.0287943 -3.29366e-05
-0.0287643 -3.35675e-05
-0.0287343 -3.42096e-05
-0.0287044 -3.48632e-05
-0.0286744 -3.55285e-05
-0.0286444 -3.62055e-05
-0.0286144 -3.68947e-05
-0.0285844 -3.75961e-05
-0.0285545 -3.83099e-05
-0.0285245 -3.90364e-05
-0.0284945 -3.97758e-05
-0.0284645 -4.05282e-05
-0.0284345 -4.1294e-05
-0.0284046 -4.20732e-05
-0.0283746 -4.28662e-05
-0.0283446 -4.36732e-05
-0.0283146 -4.44943e-05
-0.0282846 -4.533e-05
-0.0282547 -4.61803e-05
-0.0282247 -4.70455e-05
-0.0281947 -4.79259e-05
-0.0281647 -4.88217e-05
-0.0281348 -4.97332e-05
-0.0281048 -5.06606e-05
-0.0280748 -5.16042e-05
-0.0280448 -5.25642e-05
-0.0280148 -5.35409e-05
-0.0279849 -5.45346e-05
-0.0279549 -5.55456e-05
-0.0279249 -5.65741e-05
-0.0278949 -5.76205e-05
-0.0278649 -5.8685e-05
-0.027835 -5.97679e-05
-0.027805 -6.08696e-05
-0.027775 -6.19903e-05
-0.027745 -6.31304e-05
-0.027715 -6.42901e-05
-0.0276851 -6.54698e-05
-0.0276551 -6.66697e-05
-0.0276251 -6.78902e-05
-0.0275951 -6.91317e-05
-0.0275651 -7.03944e-05
-0.0275352 -7.16787e-05
-0.0275052 -7.2985e-05
-0.0274752 -7.43135e-05
-0.0274452 -7.56647e-05
-0.0274153 -7.7039e-05
-0.0273853 -7.84366e-05
-0.0273553 -7.98579e-05
-0.0273253 -8.13034e-05
-0.0272953 -8.27734e-05
-0.0272654 -8.42684e-05
-0.0272354 -8.57887e-05
-0.0272054 -8.73346e-05
-0.0271754 -8.89068e-05
-0.0271454 -9.05054e-05
-0.0271155 -9.21311e-05
-0.0270855 -9.37841e-05
-0.0270555 -9.5465e-05
-0.0270255 -9.71742e-05
-0.0269955 -9.8912e-05
-0.0269656 -0.000100679
-0.0269356 -0.000102476
-0.0269056 -0.000104303
-0.0268756 -0.00010616
-0.0268456 -0.000108048
-0.0268157 -0.000109968
-0.0267857 -0.00011192
-0.0267557 -0.000113904
-0.0267257 -0.000115922
-0.0266957 -0.000117973
-0.0266658 -0.000120057
-0.0266358 -0.000122177
-0.0266058 -0.000124331
-0.0265758 -0.000126521
-0.0265459 -0.000128747
-0.0265159 -0.000131009
-0.0264859 -0.000133309
-0.0264559 -0.000135647
-0.0264259 -0.000138023
-0.026396 -0.000140438
-0.026366 -0.000142893
-0.026336 -0.000145388
-0.026306 -0.000147924
-0.026276 -0.000150501
-0.0262461 -0.000153121
-0.0262161 -0.000155783
-0.0261861 -0.000158488
-0.0261561 -0.000161238
-0.0261261 -0.000164032
-0.0260962 -0.000166872
-0.0260662 -0.000169757
-0.0260362 -0.00017269
-0.0260062 -0.000175669
-0.0259762 -0.000178697
-0.0259463 -0.000181774
-0.0259163 -0.000184901
-0.0258863 -0.000188077
-0.0258563 -0.000191305
-0.0258264 -0.000194585
-0.0257964 -0.000197917
-0.0257664 -0.000201303
-0.0257364 -0.000204742
-0.0257064 -0.000208237
-0.0256765 -0.000211787
-0.0256465 -0.000215394
-0.0256165 -0.000219059
-0.0255865 -0.000222782
-0.0255565 -0.000226564
-0.0255266 -0.000230406
-0.0254966 -0.000234309
-0.0254666 -0.000238274
-0.0254366 -0.000242302
-0.0254066 -0.000246393
-0.0253767 -0.000250549
-0.0253467 -0.000254771
-0.0253167 -0.000259059
-0.0252867 -0.000263414
-0.0252567 -0.000267838
-0.0252268 -0.000272332
-0.0251968 -0.000276896
-0.0251668 -0.000281531
-0.0251368 -0.000286239
-0.0251068 -0.000291021
-0.0250769 -0.000295877
-0.0250469 -0.000300808
-0.0250169 -0.000305816
-0.0249869 -0.000310903
-0.024957 -0.000316068
-0.024927 -0.000321313
-0.024897 -0.000326639
-0.024867 -0.000332047
-0.024837 -0.00033754
-0.0248071 -0.000343116
-0.0247771 -0.000348779
-0.0247471 -0.000354529
-0.0247171 -0.000360367
-0.0246871 -0.000366295
-0.0246572 -0.000372314
-0.0246272 -0.000378425
-0.0245972 -0.000384629
-0.0245672 -0.000390928
-0.0245372 -0.000397324
-0.0245073 -0.000403817
-0.0244773 -0.000410409
-0.0244473 -0.000417101
-0.0244173 -0.000423894
-0.0243873 -0.000430791
-0.0243574 -0.000437792
-0.0243274 -0.0004449
-0.0242974 -0.000452114
-0.0242674 -0.000459438
-0.0242375 -0.000466872
-0.0242075 -0.000474418
-0.0241775 -0.000482077
-0.0241475 -0.000489851
-0.0241175 -0.000497743
-0.0240876 -0.000505752
-0.0240576 -0.000513881
-0.0240276 -0.000522131
-0.0239976 -0.000530505
-0.0239676 -0.000539003
-0.0239377 -0.000547628
-0.0239077 -0.000556381
-0.0238777 -0.000565264
-0.0238477 -0.000574279
-0.0238177 -0.000583427
-0.0237878 -0.00059271
-0.0237578 -0.000602131
-0.0237278 -0.00061169
-0.0236978 -0.000621391
-0.0236678 -0.000631234
-0.0236379 -0.000641222
-0.0236079 -0.000651356
-0.0235779 -0.00066164
-0.0235479 -0.000672073
-0.0235179 -0.000682659
-0.023488 -0.0006934
-0.023458 -0.000704298
-0.023428 -0.000715354
-0.023398 -0.000726571
-0.0233681 -0.000737951
-0.0233381 -0.000749497
-0.0233081 -0.000761209
-0.0232781 -0.000773091
-0.0232481 -0.000785145
-0.0232182 -0.000797372
-0.0231882 -0.000809776
-0.0231582 -0.000822359
-0.0231282 -0.000835122
-0.0230982 -0.000848069
-0.0230683 -0.000861201
-0.0230383 -0.000874521
-0.0230083 -0.000888032
-0.0229783 -0.000901736
-0.0229483 -0.000915635
-0.0229184 -0.000929732
-0.0228884 -0.00094403
-0.0228584 -0.000958531
-0.0228284 -0.000973238
-0.0227984 -0.000988153
-0.0227685 -0.00100328
-0.0227385 -0.00101862
-0.0227085 -0.00103418
-0.0226785 -0.00104995
-0.0226486 -0.00106595
-0.0226186 -0.00108217
-0.0225886 -0.00109862
-0.0225586 -0.00111531
-0.0225286 -0.00113222
-0.0224987 -0.00114937
-0.0224687 -0.00116676
-0.0224387 -0.0011844
-0.0224087 -0.00120228
-0.0223787 -0.0012204
-0.0223488 -0.00123878
-0.0223188 -0.00125742
-0.0222888 -0.00127631
-0.0222588 -0.00129546
-0.0222288 -0.00131488
-0.0221989 -0.00133457
-0.0221689 -0.00135453
-0.0221389 -0.00137476
-0.0221089 -0.00139527
-0.0220789 -0.00141606
-0.022049 -0.00143714
-0.022019 -0.0014585
-0.021989 -0.00148016
-0.021959 -0.00150211
-0.021929 -0.00152436
-0.0218991 -0.00154692
-0.0218691 -0.00156978
-0.0218391 -0.00159295
-0.0218091 -0.00161643
-0.0217792 -0.00164023
-0.0217492 -0.00166436
-0.0217192 -0.00168881
-0.0216892 -0.00171358
-0.0216592 -0.0017387
-0.0216293 -0.00176415
-0.0215993 -0.00178994
-0.0215693 -0.00181607
-0.0215393 -0.00184256
-0.0215093 -0.0018694
-0.0214794 -0.0018966
-0.0214494 -0.00192416
-0.0214194 -0.00195209
-0.0213894 -0.00198039
-0.0213594 -0.00200906
-0.0213295 -0.00203812
-0.0212995 -0.00206756
-0.0212695 -0.00209738
-0.0212395 -0.0021276
-0.0212095 -0.00215822
-0.0211796 -0.00218924
-0.0211496 -0.00222067
-0.0211196 -0.00225251
-0.0210896 -0.00228477
-0.0210597 -0.00231745
-0.0210297 -0.00235056
-0.0209997 -0.0023841
-0.0209697 -0.00241807
-0.0209397 -0.00245249
-0.0209098 -0.00248736
-0.0208798 -0.00252267
-0.0208498 -0.00255844
-0.0208198 -0.00259468
-0.0207898 -0.00263138
-0.0207599 -0.00266856
-0.0207299 -0.00270621
-0.0206999 -0.00274435
-0.0206699 -0.00278298
-0.0206399 -0.0028221
-0.02061 -0.00286173
-0.02058 -0.00290186
-0.02055 -0.0029425
-0.02052 -0.00298366
-0.02049 -0.00302534
-0.0204601 -0.00306755
-0.0204301 -0.0031103
-0.0204001 -0.00315359
-0.0203701 -0.00319743
-0.0203401 -0.00324182
-0.0203102 -0.00328677
-0.0202802 -0.00333228
-0.0202502 -0.00337837
-0.0202202 -0.00342504
-0.0201903 -0.00347229
-0.0201603 -0.00352013
-0.0201303 -0.00356856
-0.0201003 -0.00361761
-0.0200703 -0.00366726
-0.0200404 -0.00371753
-0.0200104 -0.00376843
-0.0199804 -0.00381995
-0.0199504 -0.00387212
-0.0199204 -0.00392493
-0.0198905 -0.00397839
-0.0198605 -0.00403251
-0.0198305 -0.00408729
-0.0198005 -0.00414275
-0.0197705 -0.00419889
-0.0197406 -0.00425571
-0.0197106 -0.00431323
-0.0196806 -0.00437145
-0.0196506 -0.00443039
-0.0196206 -0.00449003
-0.0195907 -0.00455041
-0.0195607 -0.00461152
-0.0195307 -0.00467336
-0.0195007 -0.00473596
-0.0194708 -0.00479931
-0.0194408 -0.00486342
-0.0194108 -0.0049283
-0.0193808 -0.00499397
-0.0193508 -0.00506042
-0.0193209 -0.00512767
-0.0192909 -0.00519573
-0.0192609 -0.00526459
-0.0192309 -0.00533428
-0.0192009 -0.00540479
-0.019171 -0.00547615
-0.019141 -0.00554835
-0.019111 -0.00562141
-0.019081 -0.00569533
-0.019051 -0.00577012
-0.0190211 -0.0058458
-0.0189911 -0.00592236
-0.0189611 -0.00599983
-0.0189311 -0.00607821
-0.0189011 -0.0061575
-0.0188712 -0.00623772
-0.0188412 -0.00631888
-0.0188112 -0.00640098
-0.0187812 -0.00648404
-0.0187512 -0.00656807
-0.0187213 -0.00665307
-0.0186913 -0.00673905
-0.0186613 -0.00682603
-0.0186313 -0.00691401
-0.0186014 -0.007003
-0.0185714 -0.00709302
-0.0185414 -0.00718408
-0.0185114 -0.00727617
-0.0184814 -0.00736932
-0.0184515 -0.00746354
-0.0184215 -0.00755883
-0.0183915 -0.00765521
-0.0183615 -0.00775268
-0.0183315 -0.00785126
-0.0183016 -0.00795095
-0.0182716 -0.00805178
-0.0182416 -0.00815374
-0.0182116 -0.00825685
-0.0181816 -0.00836113
-0.0181517 -0.00846657
-0.0181217 -0.0085732
-0.0180917 -0.00868102
-0.0180617 -0.00879005
-0.0180317 -0.0089003
-0.0180018 -0.00901177
-0.0179718 -0.00912448
-0.0179418 -0.00923845
-0.0179118 -0.00935368
-0.0178819 -0.00947018
-0.0178519 -0.00958797
-0.0178219 -0.00970706
-0.0177919 -0.00982746
-0.0177619 -0.00994919
-0.017732 -0.0100722
-0.017702 -0.0101967
-0.017672 -0.0103224
-0.017642 -0.0104496
-0.017612 -0.0105781
-0.0175821 -0.010708
-0.0175521 -0.0108393
-0.0175221 -0.0109721
-0.0174921 -0.0111063
-0.0174621 -0.0112419
-0.0174322 -0.011379
-0.0174022 -0.0115176
-0.0173722 -0.0116577
-0.0173422 -0.0117993
-0.0173122 -0.0119424
-0.0172823 -0.012087
-0.0172523 -0.0122331
-0.0172223 -0.0123808
-0.0171923 -0.0125301
-0.0171623 -0.012681
-0.0171324 -0.0128335
-0.0171024 -0.0129875
-0.0170724 -0.0131432
-0.0170424 -0.0133006
-0.0170125 -0.0134596
-0.0169825 -0.0136202
-0.0169525 -0.0137826
-0.0169225 -0.0139466
-0.0168925 -0.0141124
-0.0168626 -0.0142799
-0.0168326 -0.0144491
-0.0168026 -0.0146201
-0.0167726 -0.0147928
-0.0167426 -0.0149674
-0.0167127 -0.0151437
-0.0166827 -0.0153219
-0.0166527 -0.0155019
-0.0166227 -0.0156837
-0.0165927 -0.0158674
-0.0165628 -0.016053
-0.0165328 -0.0162405
-0.0165028 -0.0164298
-0.0164728 -0.0166211
-0.0164428 -0.0168144
-0.0164129 -0.0170096
-0.0163829 -0.0172068
-0.0163529 -0.017406
-0.0163229 -0.0176071
-0.016293 -0.0178103
-0.016263 -0.0180156
-0.016233 -0.0182229
-0.016203 -0.0184322
-0.016173 -0.0186437
-0.0161431 -0.0188572
-0.0161131 -0.0190729
-0.0160831 -0.0192907
-0.0160531 -0.0195107
-0.0160231 -0.0197329
-0.0159932 -0.0199572
-0.0159632 -0.0201837
-0.0159332 -0.0204125
-0.0159032 -0.0206435
-0.0158732 -0.0208768
-0.0158433 -0.0211124
-0.0158133 -0.0213502
-0.0157833 -0.0215904
-0.0157533 -0.0218329
-0.0157233 -0.0220777
-0.0156934 -0.0223249
-0.0156634 -0.0225745
-0.0156334 -0.0228265
-0.0156034 -0.0230809
-0.0155734 -0.0233378
-0.0155435 -0.0235971
-0.0155135 -0.0238589
-0.0154835 -0.0241232
-0.0154535 -0.02439
-0.0154236 -0.0246593
-0.0153936 -0.0249312
-0.0153636 -0.0252057
-0.0153336 -0.0254827
-0.0153036 -0.0257624
-0.0152737 -0.0260447
-0.0152437 -0.0263296
-0.0152137 -0.0266172
-0.0151837 -0.0269075
-0.0151537 -0.0272005
-0.0151238 -0.0274962
-0.0150938 -0.0277946
-0.0150638 -0.0280959
-0.0150338 -0.0283999
-0.0150038 -0.0287067
-0.0149739 -0.0290163
-0.0149439 -0.0293288
-0.0149139 -0.0296441
-0.0148839 -0.0299624
-0.0148539 -0.0302835
-0.014824 -0.0306076
-0.014794 -0.0309346
-0.014764 -0.0312645
-0.014734 -0.0315975
-0.0147041 -0.0319334
-0.0146741 -0.0322724
-0.0146441 -0.0326145
-0.0146141 -0.0329596
-0.0145841 -0.0333078
-0.0145542 -0.0336591
-0.0145242 -0.0340135
-0.0144942 -0.0343711
-0.0144642 -0.0347318
-0.0144342 -0.0350958
-0.0144043 -0.035463
-0.0143743 -0.0358334
-0.0143443 -0.036207
-0.0143143 -0.036584
-0.0142843 -0.0369642
-0.0142544 -0.0373478
-0.0142244 -0.0377347
-0.0141944 -0.038125
-0.0141644 -0.0385186
-0.0141344 -0.0389157
-0.0141045 -0.0393162
-0.0140745 -0.0397202
-0.0140445 -0.0401276
-0.0140145 -0.0405385
-0.0139845 -0.040953
-0.0139546 -0.041371
-0.0139246 -0.0417925
-0.0138946 -0.0422176
-0.0138646 -0.0426464
-0.0138347 -0.0430787
-0.0138047 -0.0435148
-0.0137747 -0.0439545
-0.0137447 -0.0443978
-0.0137147 -0.044845
-0.0136848 -0.0452958
-0.0136548 -0.0457504
-0.0136248 -0.0462088
-0.0135948 -0.046671
-0.0135648 -0.0471371
-0.0135349 -0.047607
-0.0135049 -0.0480807
-0.0134749 -0.0485584
-0.0134449 -0.04904
-0.0134149 -0.0495255
-0.013385 -0.050015
-0.013355 -0.0505085
-0.013325 -0.051006
-0.013295 -0.0515075
-0.013265 -0.0520131
-0.0132351 -0.0525228
-0.0132051 -0.0530366
-0.0131751 -0.0535545
-0.0131451 -0.0540766
-0.0131152 -0.0546028
-0.0130852 -0.0551333
-0.0130552 -0.0556679
-0.0130252 -0.0562068
-0.0129952 -0.05675
-0.0129653 -0.0572974
-0.0129353 -0.0578492
-0.0129053 -0.0584053
-0.0128753 -0.0589657
-0.0128453 -0.0595306
-0.0128154 -0.0600998
-0.0127854 -0.0606735
-0.0127554 -0.0612516
-0.0127254 -0.0618342
-0.0126954 -0.0624212
-0.0126655 -0.0630129
-0.0126355 -0.063609
-0.0126055 -0.0642097
-0.0125755 -0.064815
-0.0125455 -0.0654249
-0.0125156 -0.0660395
-0.0124856 -0.0666587
-0.0124556 -0.0672826
-0.0124256 -0.0679112
-0.0123956 -0.0685445
-0.0123657 -0.0691826
-0.0123357 -0.0698254
-0.0123057 -0.070473
-0.0122757 -0.0711255
-0.0122458 -0.0717828
-0.0122158 -0.072445
-0.0121858 -0.073112
-0.0121558 -0.073784
-0.0121258 -0.0744609
-0.0120959 -0.0751427
-0.0120659 -0.0758295
-0.0120359 -0.0765214
-0.0120059 -0.0772182
-0.0119759 -0.0779201
-0.011946 -0.0786271
-0.011916 -0.0793392
-0.011886 -0.0800563
-0.011856 -0.0807786
-0.011826 -0.0815061
-0.0117961 -0.0822388
-0.0117661 -0.0829766
-0.0117361 -0.0837197
-0.0117061 -0.084468
-0.0116761 -0.0852216
-0.0116462 -0.0859805
-0.0116162 -0.0867447
-0.0115862 -0.0875143
-0.0115562 -0.0882891
-0.0115263 -0.0890694
-0.0114963 -0.0898551
-0.0114663 -0.0906462
-0.0114363 -0.0914427
-0.0114063 -0.0922448
-0.0113764 -0.0930522
-0.0113464 -0.0938652
-0.0113164 -0.0946838
-0.0112864 -0.0955079
-0.0112564 -0.0963375
-0.0112265 -0.0971728
-0.0111965 -0.0980136
-0.0111665 -0.0988601
-0.0111365 -0.0997123
-0.0111065 -0.10057
-0.0110766 -0.101434
-0.0110466 -0.102303
-0.0110166 -0.103178
-0.0109866 -0.104059
-0.0109566 -0.104945
-0.0109267 -0.105837
-0.0108967 -0.106735
-0.0108667 -0.107639
-0.0108367 -0.108549
-0.0108067 -0.109465
-0.0107768 -0.110387
-0.0107468 -0.111314
-0.0107168 -0.112247
-0.0106868 -0.113187
-0.0106569 -0.114132
-0.0106269 -0.115084
-0.0105969 -0.116041
-0.0105669 -0.117004
-0.0105369 -0.117974
-0.010507 -0.118949
-0.010477 -0.119931
-0.010447 -0.120918
-0.010417 -0.121912
-0.010387 -0.122912
-0.0103571 -0.123918
-0.0103271 -0.12493
-0.0102971 -0.125949
-0.0102671 -0.126973
-0.0102371 -0.128004
-0.0102072 -0.129041
-0.0101772 -0.130085
-0.0101472 -0.131134
-0.0101172 -0.13219
-0.0100872 -0.133252
-0.0100573 -0.134321
-0.0100273 -0.135396
-0.00999731 -0.136477
-0.00996733 -0.137565
-0.00993735 -0.138659
-0.00990737 -0.139759
-0.00987739 -0.140866
-0.00984741 -0.141979
-0.00981743 -0.143098
-0.00978745 -0.144224
-0.00975748 -0.145357
-0.0097275 -0.146496
-0.00969752 -0.147641
-0.00966754 -0.148793
-0.00963756 -0.149952
-0.00960758 -0.151117
-0.0095776 -0.152288
-0.00954762 -0.153467
-0.00951764 -0.154651
-0.00948766 -0.155843
-0.00945768 -0.157041
-0.0094277 -0.158245
-0.00939772 -0.159456
-0.00936774 -0.160674
-0.00933777 -0.161898
-0.00930779 -0.163129
-0.00927781 -0.164367
-0.00924783 -0.165611
-0.00921785 -0.166862
-0.00918787 -0.16812
-0.00915789 -0.169384
-0.00912791 -0.170655
-0.00909793 -0.171933
-0.00906795 -0.173218
-0.00903797 -0.174509
-0.00900799 -0.175807
-0.00897801 -0.177112
-0.00894804 -0.178423
-0.00891806 -0.179742
-0.00888808 -0.181067
-0.0088581 -0.182398
-0.00882812 -0.183737
-0.00879814 -0.185083
-0.00876816 -0.186435
-0.00873818 -0.187794
-0.0087082 -0.18916
-0.00867822 -0.190532
-0.00864824 -0.191912
-0.00861826 -0.193298
-0.00858828 -0.194691
-0.00855831 -0.196091
-0.00852833 -0.197498
-0.00849835 -0.198911
-0.00846837 -0.200332
-0.00843839 -0.201759
-0.00840841 -0.203193
-0.00837843 -0.204634
-0.00834845 -0.206082
-0.00831847 -0.207536
-0.00828849 -0.208998
-0.00825851 -0.210466
-0.00822853 -0.211941
-0.00819855 -0.213423
-0.00816858 -0.214912
-0.0081386 -0.216408
-0.00810862 -0.217911
-0.00807864 -0.21942
-0.00804866 -0.220936
-0.00801868 -0.22246
-0.0079887 -0.22399
-0.00795872 -0.225526
-0.00792874 -0.22707
-0.00789876 -0.228621
-0.00786878 -0.230178
-0.0078388 -0.231742
-0.00780882 -0.233313
-0.00777884 -0.234891
-0.00774887 -0.236476
-0.00771889 -0.238067
-0.00768891 -0.239665
-0.00765893 -0.24127
-0.00762895 -0.242882
-0.00759897 -0.244501
-0.00756899 -0.246126
-0.00753901 -0.247759
-0.00750903 -0.249398
-0.00747905 -0.251043
-0.00744907 -0.252696
-0.00741909 -0.254355
-0.00738911 -0.256021
-0.00735914 -0.257694
-0.00732916 -0.259373
-0.00729918 -0.261059
-0.0072692 -0.262752
-0.00723922 -0.264451
-0.00720924 -0.266157
-0.00717926 -0.26787
-0.00714928 -0.26959
-0.0071193 -0.271316
-0.00708932 -0.273048
-0.00705934 -0.274788
-0.00702936 -0.276533
-0.00699938 -0.278286
-0.00696941 -0.280045
-0.00693943 -0.28181
-0.00690945 -0.283582
-0.00687947 -0.285361
-0.00684949 -0.287146
-0.00681951 -0.288938
-0.00678953 -0.290736
-0.00675955 -0.29254
-0.00672957 -0.294351
-0.00669959 -0.296168
-0.00666961 -0.297992
-0.00663963 -0.299822
-0.00660965 -0.301659
-0.00657967 -0.303501
-0.0065497 -0.305351
-0.00651972 -0.307206
-0.00648974 -0.309068
-0.00645976 -0.310936
-0.00642978 -0.31281
-0.0063998 -0.31469
-0.00636982 -0.316577
-0.00633984 -0.318469
-0.00630986 -0.320368
-0.00627988 -0.322273
-0.0062499 -0.324184
-0.00621992 -0.326101
-0.00618994 -0.328024
-0.00615997 -0.329954
-0.00612999 -0.331889
-0.00610001 -0.33383
-0.00607003 -0.335777
-0.00604005 -0.33773
-0.00601007 -0.339689
-0.00598009 -0.341653
-0.00595011 -0.343624
-0.00592013 -0.3456
-0.00589015 -0.347582
-0.00586017 -0.34957
-0.00583019 -0.351563
-0.00580021 -0.353563
-0.00577024 -0.355567
-0.00574026 -0.357578
-0.00571028 -0.359594
-0.0056803 -0.361615
-0.00565032 -0.363642
-0.00562034 -0.365675
-0.00559036 -0.367713
-0.00556038 -0.369756
-0.0055304 -0.371805
-0.00550042 -0.373859
-0.00547044 -0.375918
-0.00544046 -0.377983
-0.00541048 -0.380053
-0.00538051 -0.382128
-0.00535053 -0.384208
-0.00532055 -0.386293
-0.00529057 -0.388383
-0.00526059 -0.390479
-0.00523061 -0.392579
-0.00520063 -0.394685
-0.00517065 -0.396795
-0.00514067 -0.39891
-0.00511069 -0.40103
-0.00508071 -0.403155
-0.00505073 -0.405284
-0.00502075 -0.407419
-0.00499077 -0.409558
-0.0049608 -0.411701
-0.00493082 -0.413849
-0.00490084 -0.416002
-0.00487086 -0.418159
-0.00484088 -0.420321
-0.0048109 -0.422487
-0.00478092 -0.424657
-0.00475094 -0.426832
-0.00472096 -0.429011
-0.00469098 -0.431194
-0.004661 -0.433381
-0.00463102 -0.435572
-0.00460104 -0.437768
-0.00457107 -0.439967
-0.00454109 -0.442171
-0.00451111 -0.444378
-0.00448113 -0.44659
-0.00445115 -0.448805
-0.00442117 -0.451024
-0.00439119 -0.453246
-0.00436121 -0.455473
-0.00433123 -0.457702
-0.00430125 -0.459936
-0.00427127 -0.462173
-0.00424129 -0.464413
-0.00421131 -0.466657
-0.00418134 -0.468904
-0.00415136 -0.471155
-0.00412138 -0.473408
-0.0040914 -0.475665
-0.00406142 -0.477925
-0.00403144 -0.480188
-0.00400146 -0.482454
-0.00397148 -0.484723
-0.0039415 -0.486995
-0.00391152 -0.48927
-0.00388154 -0.491548
-0.00385156 -0.493828
-0.00382158 -0.496111
-0.00379161 -0.498396
-0.00376163 -0.500684
-0.00373165 -0.502975
-0.00370167 -0.505268
-0.00367169 -0.507563
-0.00364171 -0.509861
-0.00361173 -0.512161
-0.00358175 -0.514463
-0.00355177 -0.516767
-0.00352179 -0.519073
-0.00349181 -0.521382
-0.00346183 -0.523692
-0.00343185 -0.526004
-0.00340187 -0.528318
-0.0033719 -0.530633
-0.00334192 -0.53295
-0.00331194 -0.535269
-0.00328196 -0.537589
-0.00325198 -0.539911
-0.003222 -0.542234
-0.00319202 -0.544559
-0.00316204 -0.546885
-0.00313206 -0.549212
-0.00310208 -0.55154
-0.0030721 -0.553869
-0.00304212 -0.556199
-0.00301214 -0.55853
-0.00298217 -0.560862
-0.00295219 -0.563195
-0.00292221 -0.565528
-0.00289223 -0.567862
-0.00286225 -0.570197
-0.00283227 -0.572532
-0.00280229 -0.574867
-0.00277231 -0.577203
-0.00274233 -0.57954
-0.00271235 -0.581876
-0.00268237 -0.584213
-0.00265239 -0.586549
-0.00262241 -0.588886
-0.00259244 -0.591222
-0.00256246 -0.593559
-0.00253248 -0.595895
-0.0025025 -0.598231
-0.00247252 -0.600566
-0.00244254 -0.602901
-0.00241256 -0.605236
-0.00238258 -0.60757
-0.0023526 -0.609903
-0.00232262 -0.612235
-0.00229264 -0.614567
-0.00226266 -0.616898
-0.00223268 -0.619227
-0.00220271 -0.621556
-0.00217273 -0.623884
-0.00214275 -0.62621
-0.00211277 -0.628535
-0.00208279 -0.630859
-0.00205281 -0.633181
-0.00202283 -0.635502
-0.00199285 -0.637821
-0.00196287 -0.640138
-0.00193289 -0.642454
-0.00190291 -0.644768
-0.00187293 -0.647079
-0.00184295 -0.649389
-0.00181297 -0.651697
-0.001783 -0.654003
-0.00175302 -0.656306
-0.00172304 -0.658607
-0.00169306 -0.660906
-0.00166308 -0.663202
-0.0016331 -0.665496
-0.00160312 -0.667786
-0.00157314 -0.670075
-0.00154316 -0.67236
-0.00151318 -0.674643
-0.0014832 -0.676922
-0.00145322 -0.679199
-0.00142324 -0.681472
-0.00139327 -0.683742
-0.00136329 -0.686009
-0.00133331 -0.688272
-0.00130333 -0.690532
-0.00127335 -0.692789
-0.00124337 -0.695042
-0.00121339 -0.697291
-0.00118341 -0.699536
-0.00115343 -0.701777
-0.00112345 -0.704015
-0.00109347 -0.706248
-0.00106349 -0.708477
-0.00103351 -0.710702
-0.00100354 -0.712923
-0.000973556 -0.715139
-0.000943577 -0.717351
-0.000913598 -0.719558
-0.000883618 -0.721761
-0.000853639 -0.723959
-0.00082366 -0.726152
-0.000793681 -0.72834
-0.000763701 -0.730524
-0.000733722 -0.732702
-0.000703743 -0.734875
-0.000673764 -0.737043
-0.000643784 -0.739205
-0.000613805 -0.741362
-0.000583826 -0.743514
-0.000553847 -0.74566
-0.000523867 -0.7478
-0.000493888 -0.749935
-0.000463909 -0.752064
-0.00043393 -0.754187
-0.00040395 -0.756304
-0.000373971 -0.758415
-0.000343992 -0.760519
-0.000314013 -0.762618
-0.000284033 -0.76471
-0.000254054 -0.766795
-0.000224075 -0.768875
-0.000194096 -0.770947
-0.000164116 -0.773013
-0.000134137 -0.775072
-0.000104158 -0.777125
-7.41786e-05 -0.77917
-4.41994e-05 -0.781209
-1.42202e-05 -0.78324
1.57591e-05 -0.785264
4.57383e-05 -0.787281
7.57176e-05 -0.789291
0.000105697 -0.791293
0.000135676 -0.793287
0.000165655 -0.795274
0.000195635 -0.797254
0.000225614 -0.799225
0.000255593 -0.801189
0.000285572 -0.803145
0.000315552 -0.805092
0.000345531 -0.807032
0.00037551 -0.808964
0.000405489 -0.810887
0.000435469 -0.812802
0.000465448 -0.814708
0.000495427 -0.816606
0.000525406 -0.818496
0.000555386 -0.820376
0.000585365 -0.822248
0.000615344 -0.824111
0.000645323 -0.825965
0.000675302 -0.827811
0.000705282 -0.829647
0.000735261 -0.831474
0.00076524 -0.833291
0.000795219 -0.8351
0.000825199 -0.836898
0.000855178 -0.838688
0.000885157 -0.840468
0.000915136 -0.842238
0.000945116 -0.843999
0.000975095 -0.845749
0.00100507 -0.84749
0.00103505 -0.849221
0.00106503 -0.850942
0.00109501 -0.852652
0.00112499 -0.854353
0.00115497 -0.856043
0.00118495 -0.857723
0.00121493 -0.859392
0.00124491 -0.861051
0.00127489 -0.862699
0.00130487 -0.864337
0.00133485 -0.865964
0.00136483 -0.86758
0.0013948 -0.869185
0.00142478 -0.870779
0.00145476 -0.872362
0.00148474 -0.873934
0.00151472 -0.875495
0.0015447 -0.877045
0.00157468 -0.878583
0.00160466 -0.88011
0.00163464 -0.881625
0.00166462 -0.883129
0.0016946 -0.884621
0.00172458 -0.886101
0.00175456 -0.88757
0.00178453 -0.889026
0.00181451 -0.890471
0.00184449 -0.891904
0.00187447 -0.893325
0.00190445 -0.894733
0.00193443 -0.89613
0.00196441 -0.897514
0.00199439 -0.898885
0.00202437 -0.900245
0.00205435 -0.901591
0.00208433 -0.902926
0.00211431 -0.904247
0.00214429 -0.905556
0.00217426 -0.906852
0.00220424 -0.908136
0.00223422 -0.909406
0.0022642 -0.910664
0.00229418 -0.911908
0.00232416 -0.913139
0.00235414 -0.914358
0.00238412 -0.915563
0.0024141 -0.916754
0.00244408 -0.917933
0.00247406 -0.919097
0.00250404 -0.920249
0.00253402 -0.921387
0.00256399 -0.922511
0.00259397 -0.923622
0.00262395 -0.924719
0.00265393 -0.925802
0.00268391 -0.926871
0.00271389 -0.927926
0.00274387 -0.928968
0.00277385 -0.929995
0.00280383 -0.931008
0.00283381 -0.932008
0.00286379 -0.932993
0.00289377 -0.933963
0.00292375 -0.93492
0.00295373 -0.935862
0.0029837 -0.936789
0.00301368 -0.937703
0.00304366 -0.938601
0.00307364 -0.939485
0.00310362 -0.940355
0.0031336 -0.941209
0.00316358 -0.942049
0.00319356 -0.942874
0.00322354 -0.943685
0.00325352 -0.94448
0.0032835 -0.945261
0.00331348 -0.946026
0.00334346 -0.946777
0.00337343 -0.947512
0.00340341 -0.948232
0.00343339 -0.948937
0.00346337 -0.949627
0.00349335 -0.950301
0.00352333 -0.950961
0.00355331 -0.951604
0.00358329 -0.952233
0.00361327 -0.952846
0.00364325 -0.953443
0.00367323 -0.954025
0.00370321 -0.954591
0.00373319 -0.955141
0.00376316 -0.955676
0.00379314 -0.956196
0.00382312 -0.956699
0.0038531 -0.957187
0.00388308 -0.957658
0.00391306 -0.958114
0.00394304 -0.958554
0.00397302 -0.958978
0.004003 -0.959386
0.00403298 -0.959778
0.00406296 -0.960154
0.00409294 -0.960514
0.00412292 -0.960857
0.0041529 -0.961185
0.00418287 -0.961496
0.00421285 -0.961791
0.00424283 -0.96207
0.00427281 -0.962332
0.00430279 -0.962578
0.00433277 -0.962808
0.00436275 -0.963021
0.00439273 -0.963218
0.00442271 -0.963399
0.00445269 -0.963563
0.00448267 -0.96371
0.00451265 -0.963841
0.00454263 -0.963955
0.0045726 -0.964053
0.00460258 -0.964134
0.00463256 -0.964198
0.00466254 -0.964246
0.00469252 -0.964277
0.0047225 -0.964291
0.00475248 -0.964289
0.00478246 -0.96427
0.00481244 -0.964234
0.00484242 -0.964181
0.0048724 -0.964112
0.00490238 -0.964025
0.00493236 -0.963922
0.00496233 -0.963802
0.00499231 -0.963665
0.00502229 -0.963511
0.00505227 -0.96334
0.00508225 -0.963152
0.00511223 -0.962947
0.00514221 -0.962725
0.00517219 -0.962487
0.00520217 -0.962231
0.00523215 -0.961958
0.00526213 -0.961668
0.00529211 -0.961361
0.00532209 -0.961037
0.00535206 -0.960696
0.00538204 -0.960338
0.00541202 -0.959963
0.005442 -0.959571
0.00547198 -0.959161
0.00550196 -0.958735
0.00553194 -0.958291
0.00556192 -0.95783
0.0055919 -0.957353
0.00562188 -0.956858
0.00565186 -0.956346
0.00568184 -0.955816
0.00571182 -0.95527
0.0057418 -0.954706
0.00577177 -0.954126
0.00580175 -0.953528
0.00583173 -0.952913
0.00586171 -0.952281
0.00589169 -0.951632
0.00592167 -0.950965
0.00595165 -0.950282
0.00598163 -0.949581
0.00601161 -0.948863
0.00604159 -0.948129
0.00607157 -0.947377
0.00610155 -0.946607
0.00613153 -0.945821
0.0061615 -0.945018
0.00619148 -0.944197
0.00622146 -0.94336
0.00625144 -0.942505
0.00628142 -0.941633
0.0063114 -0.940745
0.00634138 -0.939839
0.00637136 -0.938916
0.00640134 -0.937976
0.00643132 -0.937019
0.0064613 -0.936045
0.00649128 -0.935054
0.00652126 -0.934046
0.00655123 -0.933021
0.00658121 -0.931979
0.00661119 -0.93092
0.00664117 -0.929845
0.00667115 -0.928752
0.00670113 -0.927643
0.00673111 -0.926516
0.00676109 -0.925373
0.00679107 -0.924213
0.00682105 -0.923036
0.00685103 -0.921842
0.00688101 -0.920632
0.00691099 -0.919405
0.00694096 -0.918161
0.00697094 -0.9169
0.00700092 -0.915623
0.0070309 -0.914329
0.00706088 -0.913018
0.00709086 -0.911691
0.00712084 -0.910347
0.00715082 -0.908987
0.0071808 -0.90761
0.00721078 -0.906217
0.00724076 -0.904807
0.00727074 -0.903381
0.00730072 -0.901938
0.0073307 -0.900479
0.00736067 -0.899003
0.00739065 -0.897512
0.00742063 -0.896004
0.00745061 -0.894479
0.00748059 -0.892939
0.00751057 -0.891382
0.00754055 -0.889809
0.00757053 -0.88822
0.00760051 -0.886615
0.00763049 -0.884993
0.00766047 -0.883356
0.00769045 -0.881703
0.00772043 -0.880034
0.0077504 -0.878348
0.00778038 -0.876647
0.00781036 -0.874931
0.00784034 -0.873198
0.00787032 -0.87145
0.0079003 -0.869685
0.00793028 -0.867906
0.00796026 -0.86611
0.00799024 -0.864299
0.00802022 -0.862472
0.0080502 -0.86063
0.00808018 -0.858773
0.00811016 -0.8569
0.00814013 -0.855011
0.00817011 -0.853107
0.00820009 -0.851188
0.00823007 -0.849254
0.00826005 -0.847304
0.00829003 -0.84534
0.00832001 -0.84336
0.00834999 -0.841365
0.00837997 -0.839355
0.00840995 -0.83733
0.00843993 -0.83529
0.00846991 -0.833236
0.00849989 -0.831166
0.00852986 -0.829082
0.00855984 -0.826983
0.00858982 -0.824869
0.0086198 -0.822741
0.00864978 -0.820598
0.00867976 -0.818441
0.00870974 -0.816269
0.00873972 -0.814083
0.0087697 -0.811882
0.00879968 -0.809667
0.00882966 -0.807438
0.00885964 -0.805195
0.00888962 -0.802937
0.0089196 -0.800666
0.00894957 -0.79838
0.00897955 -0.796081
0.00900953 -0.793767
0.00903951 -0.79144
0.00906949 -0.789099
0.00909947 -0.786744
0.00912945 -0.784376
0.00915943 -0.781994
0.00918941 -0.779598
0.00921939 -0.777189
0.00924937 -0.774766
0.00927935 -0.772331
0.00930933 -0.769881
0.0093393 -0.767419
0.00936928 -0.764943
0.00939926 -0.762454
0.00942924 -0.759952
0.00945922 -0.757438
0.0094892 -0.75491
0.00951918 -0.752369
0.00954916 -0.749816
0.00957914 -0.747249
0.00960912 -0.744671
0.0096391 -0.742079
0.00966908 -0.739475
0.00969906 -0.736858
0.00972903 -0.73423
0.00975901 -0.731588
0.00978899 -0.728935
0.00981897 -0.726269
0.00984895 -0.723591
0.00987893 -0.720901
0.00990891 -0.718199
0.00993889 -0.715485
0.00996887 -0.712759
0.00999885 -0.710022
0.0100288 -0.707273
0.0100588 -0.704512
0.0100888 -0.701739
0.0101188 -0.698955
0.0101487 -0.69616
0.0101787 -0.693353
0.0102087 -0.690534
0.0102387 -0.687705
0.0102687 -0.684865
0.0102986 -0.682013
0.0103286 -0.67915
0.0103586 -0.676277
0.0103886 -0.673392
0.0104186 -0.670497
0.0104485 -0.667591
0.0104785 -0.664675
0.0105085 -0.661747
0.0105385 -0.65881
0.0105685 -0.655862
0.0105984 -0.652903
0.0106284 -0.649935
0.0106584 -0.646956
0.0106884 -0.643967
0.0107183 -0.640968
0.0107483 -0.637959
0.0107783 -0.63494
0.0108083 -0.631912
0.0108383 -0.628874
0.0108682 -0.625826
0.0108982 -0.622768
0.0109282 -0.619701
0.0109582 -0.616625
0.0109882 -0.613539
0.0110181 -0.610444
0.0110481 -0.60734
0.0110781 -0.604226
0.0111081 -0.601104
0.0111381 -0.597973
0.011168 -0.594833
0.011198 -0.591684
0.011228 -0.588526
0.011258 -0.58536
0.011288 -0.582185
0.0113179 -0.579002
0.0113479 -0.575811
0.0113779 -0.572611
0.0114079 -0.569403
0.0114379 -0.566187
0.0114678 -0.562962
0.0114978 -0.55973
0.0115278 -0.55649
0.0115578 -0.553242
0.0115877 -0.549987
0.0116177 -0.546724
0.0116477 -0.543453
0.0116777 -0.540175
0.0117077 -0.536889
0.0117376 -0.533596
0.0117676 -0.530296
0.0117976 -0.526989
0.0118276 -0.523675
0.0118576 -0.520353
0.0118875 -0.517025
0.0119175 -0.51369
0.0119475 -0.510349
0.0119775 -0.507
0.0120075 -0.503646
0.0120374 -0.500284
0.0120674 -0.496917
0.0120974 -0.493543
0.0121274 -0.490163
0.0121574 -0.486776
0.0121873 -0.483384
0.0122173 -0.479986
0.0122473 -0.476582
0.0122773 -0.473172
0.0123072 -0.469756
0.0123372 -0.466335
0.0123672 -0.462908
0.0123972 -0.459476
0.0124272 -0.456039
0.0124571 -0.452596
0.0124871 -0.449148
0.0125171 -0.445695
0.0125471 -0.442237
0.0125771 -0.438774
0.012607 -0.435306
0.012637 -0.431834
0.012667 -0.428357
0.012697 -0.424875
0.012727 -0.421389
0.0127569 -0.417898
0.0127869 -0.414403
0.0128169 -0.410904
0.0128469 -0.407401
0.0128769 -0.403893
0.0129068 -0.400382
0.0129368 -0.396867
0.0129668 -0.393348
0.0129968 -0.389825
0.0130268 -0.386299
0.0130567 -0.382769
0.0130867 -0.379236
0.0131167 -0.375699
0.0131467 -0.372159
0.0131766 -0.368616
0.0132066 -0.36507
0.0132366 -0.361521
0.0132666 -0.357969
0.0132966 -0.354414
0.0133265 -0.350856
0.0133565 -0.347296
0.0133865 -0.343733
0.0134165 -0.340168
0.0134465 -0.3366
0.0134764 -0.33303
0.0135064 -0.329458
0.0135364 -0.325883
0.0135664 -0.322307
0.0135964 -0.318728
0.0136263 -0.315148
0.0136563 -0.311566
0.0136863 -0.307982
0.0137163 -0.304397
0.0137463 -0.30081
0.0137762 -0.297222
0.0138062 -0.293632
0.0138362 -0.290041
0.0138662 -0.286449
0.0138961 -0.282856
0.0139261 -0.279262
0.0139561 -0.275666
0.0139861 -0.272071
0.0140161 -0.268474
0.014046 -0.264877
0.014076 -0.261279
0.014106 -0.25768
0.014136 -0.254081
0.014166 -0.250482
0.0141959 -0.246883
0.0142259 -0.243284
0.0142559 -0.239684
0.0142859 -0.236085
0.0143159 -0.232485
0.0143458 -0.228886
0.0143758 -0.225288
0.0144058 -0.221689
0.0144358 -0.218091
0.0144658 -0.214494
0.0144957 -0.210897
0.0145257 -0.207301
0.0145557 -0.203706
0.0145857 -0.200111
0.0146157 -0.196518
0.0146456 -0.192926
0.0146756 -0.189335
0.0147056 -0.185745
0.0147356 -0.182156
0.0147655 -0.178569
0.0147955 -0.174983
0.0148255 -0.171399
0.0148555 -0.167817
0.0148855 -0.164236
0.0149154 -0.160657
0.0149454 -0.157081
0.0149754 -0.153506
0.0150054 -0.149933
0.0150354 -0.146362
0.0150653 -0.142794
0.0150953 -0.139228
0.0151253 -0.135664
0.0151553 -0.132103
0.0151853 -0.128544
0.0152152 -0.124988
0.0152452 -0.121435
0.0152752 -0.117885
0.0153052 -0.114337
0.0153352 -0.110793
0.0153651 -0.107252
0.0153951 -0.103714
0.0154251 -0.100179
0.0154551 -0.0966471
0.015485 -0.0931189
0.015515 -0.0895942
0.015545 -0.0860732
0.015575 -0.0825557
0.015605 -0.079042
0.0156349 -0.0755321
0.0156649 -0.0720262
0.0156949 -0.0685242
0.0157249 -0.0650263
0.0157549 -0.0615325
0.0157848 -0.0580429
0.0158148 -0.0545577
0.0158448 -0.0510768
0.0158748 -0.0476004
0.0159048 -0.0441285
0.0159347 -0.0406613
0.0159647 -0.0371987
0.0159947 -0.033741
0.0160247 -0.0302881
0.0160547 -0.0268402
0.0160846 -0.0233972
0.0161146 -0.0199594
0.0161446 -0.0165268
0.0161746 -0.0130994
0.0162046 -0.00967732
0.0162345 -0.00626067
0.0162645 -0.00284952
0.0162945 0.000556071
0.0163245 0.00395601
0.0163544 0.00735024
0.0163844 0.0107387
0.0164144 0.0141212
0.0164444 0.0174978
0.0164744 0.0208684
0.0165043 0.0242328
0.0165343 0.0275911
0.0165643 0.0309431
0.0165943 0.0342888
0.0166243 0.0376281
0.0166542 0.0409609
0.0166842 0.0442871
0.0167142 0.0476067
0.0167442 0.0509196
0.0167742 0.0542257
0.0168041 0.0575249
0.0168341 0.0608173
0.0168641 0.0641026
0.0168941 0.0673808
0.0169241 0.0706519
0.016954 0.0739158
0.016984 0.0771723
0.017014 0.0804215
0.017044 0.0836633
0.0170739 0.0868975
0.0171039 0.0901241
0.0171339 0.0933431
0.0171639 0.0965543
0.0171939 0.0997578
0.0172238 0.102953
0.0172538 0.106141
0.0172838 0.109321
0.0173138 0.112492
0.0173438 0.115655
0.0173737 0.118811
0.0174037 0.121957
0.0174337 0.125096
0.0174637 0.128226
0.0174937 0.131347
0.0175236 0.13446
0.0175536 0.137565
0.0175836 0.14066
0.0176136 0.143747
0.0176436 0.146825
0.0176735 0.149894
0.0177035 0.152954
0.0177335 0.156005
0.0177635 0.159047
0.0177935 0.16208
0.0178234 0.165103
0.0178534 0.168118
0.0178834 0.171122
0.0179134 0.174118
0.0179433 0.177104
0.0179733 0.18008
0.0180033 0.183046
0.0180333 0.186003
0.0180633 0.18895
0.0180932 0.191888
0.0181232 0.194815
0.0181532 0.197733
0.0181832 0.20064
0.0182132 0.203537
0.0182431 0.206424
0.0182731 0.209301
0.0183031 0.212168
0.0183331 0.215024
0.0183631 0.21787
0.018393 0.220706
0.018423 0.223531
0.018453 0.226345
0.018483 0.229149
0.018513 0.231942
0.0185429 0.234724
0.0185729 0.237495
0.0186029 0.240256
0.0186329 0.243005
0.0186628 0.245744
0.0186928 0.248471
0.0187228 0.251188
0.0187528 0.253893
0.0187828 0.256587
0.0188127 0.25927
0.0188427 0.261941
0.0188727 0.264601
0.0189027 0.267249
0.0189327 0.269886
0.0189626 0.272512
0.0189926 0.275125
0.0190226 0.277727
0.0190526 0.280317
0.0190826 0.282896
0.0191125 0.285463
0.0191425 0.288017
0.0191725 0.29056
0.0192025 0.293091
0.0192325 0.295609
0.0192624 0.298116
0.0192924 0.30061
0.0193224 0.303092
0.0193524 0.305562
0.0193824 0.30802
0.0194123 0.310465
0.0194423 0.312897
0.0194723 0.315318
0.0195023 0.317725
0.0195322 0.32012
0.0195622 0.322503
0.0195922 0.324873
0.0196222 0.32723
0.0196522 0.329574
0.0196821 0.331905
0.0197121 0.334224
0.0197421 0.336529
0.0197721 0.338822
0.0198021 0.341101
0.019832 0.343368
0.019862 0.345621
0.019892 0.347861
0.019922 0.350088
0.019952 0.352302
0.0199819 0.354502
0.0200119 0.356689
0.0200419 0.358863
0.0200719 0.361023
0.0201019 0.36317
0.0201318 0.365303
0.0201618 0.367423
0.0201918 0.369529
0.0202218 0.371621
0.0202518 0.3737
0.0202817 0.375764
0.0203117 0.377815
0.0203417 0.379853
0.0203717 0.381876
0.0204016 0.383886
0.0204316 0.385881
0.0204616 0.387863
0.0204916 0.38983
0.0205216 0.391783
0.0205515 0.393723
0.0205815 0.395648
0.0206115 0.397559
0.0206415 0.399455
0.0206715 0.401338
0.0207014 0.403206
0.0207314 0.40506
0.0207614 0.406899
0.0207914 0.408724
0.0208214 0.410535
0.0208513 0.412331
0.0208813 0.414112
0.0209113 0.415879
0.0209413 0.417631
0.0209713 0.419369
0.0210012 0.421092
0.0210312 0.422801
0.0210612 0.424494
0.0210912 0.426173
0.0211211 0.427837
0.0211511 0.429486
0.0211811 0.431121
0.0212111 0.43274
0.0212411 0.434345
0.021271 0.435934
0.021301 0.437509
0.021331 0.439069
0.021361 0.440613
0.021391 0.442142
0.0214209 0.443657
0.0214509 0.445156
0.0214809 0.44664
0.0215109 0.448109
0.0215409 0.449563
0.0215708 0.451001
0.0216008 0.452424
0.0216308 0.453832
0.0216608 0.455224
0.0216908 0.456601
0.0217207 0.457963
0.0217507 0.459309
0.0217807 0.46064
0.0218107 0.461956
0.0218407 0.463256
0.0218706 0.46454
0.0219006 0.465809
0.0219306 0.467062
0.0219606 0.4683
0.0219905 0.469523
0.0220205 0.470729
0.0220505 0.47192
0.0220805 0.473095
0.0221105 0.474255
0.0221404 0.475399
0.0221704 0.476527
0.0222004 0.47764
0.0222304 0.478736
0.0222604 0.479817
0.0222903 0.480882
0.0223203 0.481931
0.0223503 0.482965
0.0223803 0.483983
0.0224103 0.484984
0.0224402 0.48597
0.0224702 0.48694
0.0225002 0.487894
0.0225302 0.488832
0.0225602 0.489754
0.0225901 0.490661
0.0226201 0.491551
0.0226501 0.492425
0.0226801 0.493283
0.02271 0.494125
0.02274 0.494952
0.02277 0.495762
0.0228 0.496556
0.02283 0.497334
0.0228599 0.498096
0.0228899 0.498842
0.0229199 0.499571
0.0229499 0.500285
0.0229799 0.500982
0.0230098 0.501664
0.0230398 0.502329
0.0230698 0.502978
0.0230998 0.503611
0.0231298 0.504228
0.0231597 0.504829
0.0231897 0.505413
0.0232197 0.505981
0.0232497 0.506533
0.0232797 0.507069
0.0233096 0.507589
0.0233396 0.508092
0.0233696 0.50858
0.0233996 0.509051
0.0234296 0.509505
0.0234595 0.509944
0.0234895 0.510366
0.0235195 0.510773
0.0235495 0.511163
0.0235794 0.511536
0.0236094 0.511894
0.0236394 0.512235
0.0236694 0.51256
0.0236994 0.512869
0.0237293 0.513161
0.0237593 0.513438
0.0237893 0.513698
0.0238193 0.513942
0.0238493 0.514169
0.0238792 0.514381
0.0239092 0.514576
0.0239392 0.514755
0.0239692 0.514917
0.0239992 0.515064
0.0240291 0.515194
0.0240591 0.515308
0.0240891 0.515406
0.0241191 0.515488
0.0241491 0.515553
0.024179 0.515603
0.024209 0.515636
0.024239 0.515653
0.024269 0.515654
0.0242989 0.515639
0.0243289 0.515607
0.0243589 0.51556
0.0243889 0.515496
0.0244189 0.515416
0.0244488 0.51532
0.0244788 0.515208
0.0245088 0.51508
0.0245388 0.514936
0.0245688 0.514776
0.0245987 0.514599
0.0246287 0.514407
0.0246587 0.514199
0.0246887 0.513974
0.0247187 0.513734
0.0247486 0.513478
0.0247786 0.513205
0.0248086 0.512917
0.0248386 0.512613
0.0248686 0.512293
0.0248985 0.511957
0.0249285 0.511605
0.0249585 0.511237
0.0249885 0.510853
0.0250185 0.510454
0.0250484 0.510039
0.0250784 0.509607
0.0251084 0.509161
0.0251384 0.508698
0.0251683 0.508219
0.0251983 0.507725
0.0252283 0.507216
0.0252583 0.50669
0.0252883 0.506149
0.0253182 0.505592
0.0253482 0.50502
0.0253782 0.504432
0.0254082 0.503828
0.0254382 0.503209
0.0254681 0.502574
0.0254981 0.501924
0.0255281 0.501259
0.0255581 0.500578
0.0255881 0.499881
0.025618 0.499169
0.025648 0.498442
0.025678 0.497699
0.025708 0.496941
0.025738 0.496168
0.0257679 0.49538
0.0257979 0.494576
0.0258279 0.493757
0.0258579 0.492923
0.0258878 0.492074
0.0259178 0.49121
0.0259478 0.49033
0.0259778 0.489436
0.0260078 0.488526
0.0260377 0.487602
0.0260677 0.486662
0.0260977 0.485708
0.0261277 0.484739
0.0261577 0.483755
0.0261876 0.482756
0.0262176 0.481742
0.0262476 0.480713
0.0262776 0.47967
0.0263076 0.478612
0.0263375 0.47754
0.0263675 0.476453
0.0263975 0.475351
0.0264275 0.474234
0.0264575 0.473104
0.0264874 0.471958
0.0265174 0.470799
0.0265474 0.469625
0.0265774 0.468436
0.0266074 0.467233
0.0266373 0.466016
0.0266673 0.464785
0.0266973 0.46354
0.0267273 0.46228
0.0267572 0.461006
0.0267872 0.459719
0.0268172 0.458417
0.0268472 0.457101
0.0268772 0.455771
0.0269071 0.454428
0.0269371 0.45307
0.0269671 0.451699
0.0269971 0.450314
0.0270271 0.448915
0.027057 0.447503
0.027087 0.446077
0.027117 0.444637
0.027147 0.443184
0.027177 0.441717
0.0272069 0.440237
0.0272369 0.438743
0.0272669 0.437237
0.0272969 0.435716
0.0273269 0.434183
0.0273568 0.432636
0.0273868 0.431076
0.0274168 0.429504
0.0274468 0.427918
0.0274767 0.426319
0.0275067 0.424707
0.0275367 0.423082
0.0275667 0.421444
0.0275967 0.419794
0.0276266 0.418131
0.0276566 0.416455
0.0276866 0.414766
0.0277166 0.413065
0.0277466 0.411351
0.0277765 0.409625
0.0278065 0.407887
0.0278365 0.406136
0.0278665 0.404372
0.0278965 0.402597
0.0279264 0.400809
0.0279564 0.399009
0.0279864 0.397197
0.0280164 0.395373
0.0280464 0.393537
0.0280763 0.39169
0.0281063 0.38983
0.0281363 0.387958
0.0281663 0.386075
0.0281963 0.38418
0.0282262 0.382274
0.0282562 0.380355
0.0282862 0.378426
0.0283162 0.376485
0.0283461 0.374532
0.0283761 0.372568
0.0284061 0.370593
0.0284361 0.368607
0.0284661 0.36661
0.028496 0.364601
0.028526 0.362582
0.028556 0.360551
0.028586 0.35851
0.028616 0.356458
0.0286459 0.354395
0.0286759 0.352322
0.0287059 0.350237
0.0287359 0.348143
0.0287659 0.346037
0.0287958 0.343922
0.0288258 0.341796
0.0288558 0.339659
0.0288858 0.337513
0.0289158 0.335356
0.0289457 0.333189
0.0289757 0.331013
0.0290057 0.328826
0.0290357 0.326629
0.0290656 0.324423
0.0290956 0.322206
0.0291256 0.31998
0.0291556 0.317745
0.0291856 0.3155
0.0292155 0.313245
0.0292455 0.310981
0.0292755 0.308708
0.0293055 0.306425
0.0293355 0.304134
0.0293654 0.301833
0.0293954 0.299523
0.0294254 0.297204
0.0294554 0.294876
0.0294854 0.292539
0.0295153 0.290194
0.0295453 0.28784
0.0295753 0.285477
0.0296053 0.283106
0.0296353 0.280726
0.0296652 0.278338
0.0296952 0.275942
0.0297252 0.273537
0.0297552 0.271124
0.0297852 0.268704
0.0298151 0.266275
0.0298451 0.263838
0.0298751 0.261393
0.0299051 0.258941
0.029935 0.256481
0.029965 0.254013
0.029995 0.251537
0.030025 0.249055
0.030055 0.246564
0.0300849 0.244067
0.0301149 0.241562
0.0301449 0.23905
0.0301749 0.236531
0.0302049 0.234005
0.0302348 0.231472
0.0302648 0.228932
0.0302948 0.226385
0.0303248 0.223832
0.0303548 0.221272
0.0303847 0.218706
0.0304147 0.216133
0.0304447 0.213554
0.0304747 0.210968
0.0305047 0.208377
0.0305346 0.205779
0.0305646 0.203175
0.0305946 0.200565
0.0306246 0.197949
0.0306545 0.195328
0.0306845 0.1927
0.0307145 0.190067
0.0307445 0.187429
0.0307745 0.184785
0.0308044 0.182136
0.0308344 0.179481
0.0308644 0.176821
0.0308944 0.174156
0.0309244 0.171486
0.0309543 0.168811
0.0309843 0.166132
0.0310143 0.163447
0.0310443 0.160758
0.0310743 0.158064
0.0311042 0.155365
0.0311342 0.152662
0.0311642 0.149955
0.0311942 0.147243
0.0312242 0.144527
0.0312541 0.141807
0.0312841 0.139083
0.0313141 0.136355
0.0313441 0.133623
0.0313741 0.130887
0.031404 0.128148
0.031434 0.125405
0.031464 0.122658
0.031494 0.119909
0.0315239 0.117155
0.0315539 0.114399
0.0315839 0.111639
0.0316139 0.108876
0.0316439 0.10611
0.0316738 0.103342
0.0317038 0.10057
0.0317338 0.0977959
0.0317638 0.095019
0.0317938 0.0922395
0.0318237 0.0894575
0.0318537 0.0866731
0.0318837 0.0838864
0.0319137 0.0810975
0.0319437 0.0783065
0.0319736 0.0755134
0.0320036 0.0727184
0.0320336 0.0699215
0.0320636 0.0671228
0.0320936 0.0643225
0.0321235 0.0615205
0.0321535 0.058717
0.0321835 0.0559121
0.0322135 0.0531059
0.0322434 0.0502984
0.0322734 0.0474898
0.0323034 0.0446801
0.0323334 0.0418694
0.0323634 0.0390578
0.0323933 0.0362454
0.0324233 0.0334323
0.0324533 0.0306186
0.0324833 0.0278043
0.0325133 0.0249895
0.0325432 0.0221745
0.0325732 0.0193591
0.0326032 0.0165435
0.0326332 0.0137279
0.0326632 0.0109122
0.0326931 0.00809665
0.0327231 0.00528125
0.0327531 0.0024661
0.0327831 -0.000348706
0.0328131 -0.00316307
0.032843 -0.00597692
0.032873 -0.00879015
0.032903 -0.0116027
0.032933 -0.0144144
0.032963 -0.0172253
0.0329929 -0.0200352
0.0330229 -0.022844
0.0330529 -0.0256517
0.0330829 -0.0284582
0.0331128 -0.0312633
0.0331428 -0.0340671
0.0331728 -0.0368693
0.0332028 -0.03967
0.0332328 -0.042469
0.0332627 -0.0452662
0.0332927 -0.0480616
0.0333227 -0.050855
0.0333527 -0.0536464
0.0333827 -0.0564357
0.0334126 -0.0592228
0.0334426 -0.0620076
0.0334726 -0.0647901
0.0335026 -0.06757
0.0335326 -0.0703475
0.0335625 -0.0731223
0.0335925 -0.0758943
0.0336225 -0.0786636
0.0336525 -0.0814299
0.0336825 -0.0841933
0.0337124 -0.0869536
0.0337424 -0.0897107
0.0337724 -0.0924646
0.0338024 -0.0952152
0.0338323 -0.0979623
0.0338623 -0.100706
0.0338923 -0.103446
0.0339223 -0.106182
0.0339523 -0.108915
0.0339822 -0.111644
0.0340122 -0.114369
0.0340422 -0.117089
0.0340722 -0.119806
0.0341022 -0.122519
0.0341321 -0.125227
0.0341621 -0.127931
0.0341921 -0.13063
0.0342221 -0.133325
0.0342521 -0.136015
0.034282 -0.138701
0.034312 -0.141382
0.034342 -0.144058
0.034372 -0.146729
0.034402 -0.149395
0.0344319 -0.152056
0.0344619 -0.154711
0.0344919 -0.157362
0.0345219 -0.160007
0.0345519 -0.162646
0.0345818 -0.16528
0.0346118 -0.167909
0.0346418 -0.170531
0.0346718 -0.173148
0.0347017 -0.175759
0.0347317 -0.178365
0.0347617 -0.180964
0.0347917 -0.183557
0.0348217 -0.186144
0.0348516 -0.188724
0.0348816 -0.191299
0.0349116 -0.193867
0.0349416 -0.196428
0.0349716 -0.198983
0.0350015 -0.201531
0.0350315 -0.204072
0.0350615 -0.206607
0.0350915 -0.209134
0.0351215 -0.211655
0.0351514 -0.214169
0.0351814 -0.216675
0.0352114 -0.219175
0.0352414 -0.221667
0.0352714 -0.224151
0.0353013 -0.226629
0.0353313 -0.229098
0.0353613 -0.231561
0.0353913 -0.234015
0.0354212 -0.236462
0.0354512 -0.238901
0.0354812 -0.241332
0.0355112 -0.243755
0.0355412 -0.24617
0.0355711 -0.248577
0.0356011 -0.250976
0.0356311 -0.253366
0.0356611 -0.255748
0.0356911 -0.258122
0.035721 -0.260487
0.035751 -0.262844
0.035781 -0.265192
0.035811 -0.267531
0.035841 -0.269862
0.0358709 -0.272184
0.0359009 -0.274497
0.0359309 -0.276801
0.0359609 -0.279096
0.0359909 -0.281381
0.0360208 -0.283658
0.0360508 -0.285925
0.0360808 -0.288183
0.0361108 -0.290432
0.0361408 -0.292671
0.0361707 -0.2949
0.0362007 -0.29712
0.0362307 -0.299331
0.0362607 -0.301531
0.0362906 -0.303722
0.0363206 -0.305903
0.0363506 -0.308074
0.0363806 -0.310235
0.0364106 -0.312386
0.0364405 -0.314527
0.0364705 -0.316658
0.0365005 -0.318778
0.0365305 -0.320888
0.0365605 -0.322988
0.0365904 -0.325077
0.0366204 -0.327156
0.0366504 -0.329225
0.0366804 -0.331282
0.0367104 -0.333329
0.0367403 -0.335365
0.0367703 -0.337391
0.0368003 -0.339405
0.0368303 -0.341409
0.0368603 -0.343401
0.0368902 -0.345383
0.0369202 -0.347354
0.0369502 -0.349313
0.0369802 -0.351261
0.0370101 -0.353198
0.0370401 -0.355123
0.0370701 -0.357038
0.0371001 -0.35894
0.0371301 -0.360831
0.03716 -0.362711
0.03719 -0.364579
0.03722 -0.366435
0.03725 -0.36828
0.03728 -0.370113
0.0373099 -0.371934
0.0373399 -0.373743
0.0373699 -0.375541
0.0373999 -0.377326
0.0374299 -0.379099
0.0374598 -0.380861
0.0374898 -0.38261
0.0375198 -0.384347
0.0375498 -0.386071
0.0375798 -0.387784
0.0376097 -0.389484
0.0376397 -0.391171
0.0376697 -0.392847
0.0376997 -0.39451
0.0377297 -0.39616
0.0377596 -0.397798
0.0377896 -0.399423
0.0378196 -0.401035
0.0378496 -0.402635
0.0378795 -0.404222
0.0379095 -0.405797
0.0379395 -0.407358
0.0379695 -0.408907
0.0379995 -0.410442
0.0380294 -0.411965
0.0380594 -0.413475
0.0380894 -0.414972
0.0381194 -0.416455
0.0381494 -0.417926
0.0381793 -0.419383
0.0382093 -0.420827
0.0382393 -0.422258
0.0382693 -0.423676
0.0382993 -0.42508
0.0383292 -0.426471
0.0383592 -0.427849
0.0383892 -0.429213
0.0384192 -0.430564
0.0384492 -0.431901
0.0384791 -0.433225
0.0385091 -0.434535
0.0385391 -0.435831
0.0385691 -0.437114
0.038599 -0.438383
0.038629 -0.439639
0.038659 -0.440881
0.038689 -0.442109
0.038719 -0.443323
0.0387489 -0.444524
0.0387789 -0.44571
0.0388089 -0.446883
0.0388389 -0.448042
0.0388689 -0.449186
0.0388988 -0.450317
0.0389288 -0.451434
0.0389588 -0.452537
0.0389888 -0.453626
0.0390188 -0.454701
0.0390487 -0.455761
0.0390787 -0.456808
0.0391087 -0.45784
0.0391387 -0.458858
0.0391687 -0.459862
0.0391986 -0.460852
0.0392286 -0.461827
0.0392586 -0.462789
0.0392886 -0.463736
0.0393186 -0.464668
0.0393485 -0.465586
0.0393785 -0.46649
0.0394085 -0.46738
0.0394385 -0.468255
0.0394684 -0.469116
0.0394984 -0.469962
0.0395284 -0.470794
0.0395584 -0.471611
0.0395884 -0.472414
0.0396183 -0.473203
0.0396483 -0.473977
0.0396783 -0.474736
0.0397083 -0.475481
0.0397383 -0.476211
0.0397682 -0.476927
0.0397982 -0.477628
0.0398282 -0.478314
0.0398582 -0.478986
0.0398882 -0.479643
0.0399181 -0.480286
0.0399481 -0.480914
0.0399781 -0.481527
0.0400081 -0.482126
0.0400381 -0.48271
0.040068 -0.483279
0.040098 -0.483833
0.040128 -0.484373
0.040158 -0.484898
0.0401879 -0.485409
0.0402179 -0.485904
0.0402479 -0.486385
0.0402779 -0.486852
0.0403079 -0.487303
0.0403378 -0.48774
0.0403678 -0.488162
0.0403978 -0.488569
0.0404278 -0.488961
0.0404578 -0.489339
0.0404877 -0.489702
0.0405177 -0.49005
0.0405477 -0.490383
0.0405777 -0.490702
0.0406077 -0.491006
0.0406376 -0.491295
0.0406676 -0.491569
0.0406976 -0.491829
0.0407276 -0.492073
0.0407576 -0.492303
0.0407875 -0.492519
0.0408175 -0.492719
0.0408475 -0.492905
0.0408775 -0.493076
0.0409075 -0.493232
0.0409374 -0.493374
0.0409674 -0.4935
0.0409974 -0.493612
0.0410274 -0.49371
0.0410573 -0.493792
0.0410873 -0.49386
0.0411173 -0.493913
0.0411473 -0.493952
0.0411773 -0.493975
0.0412072 -0.493984
0.0412372 -0.493979
0.0412672 -0.493959
0.0412972 -0.493924
0.0413272 -0.493874
0.0413571 -0.49381
0.0413871 -0.493731
0.0414171 -0.493638
0.0414471 -0.49353
0.0414771 -0.493408
0.041507 -0.49327
0.041537 -0.493119
0.041567 -0.492953
0.041597 -0.492772
0.041627 -0.492577
0.0416569 -0.492367
0.0416869 -0.492143
0.0417169 -0.491904
0.0417469 -0.491651
0.0417768 -0.491384
0.0418068 -0.491102
0.0418368 -0.490806
0.0418668 -0.490495
0.0418968 -0.49017
0.0419267 -0.489831
0.0419567 -0.489477
0.0419867 -0.489109
0.0420167 -0.488727
0.0420467 -0.488331
0.0420766 -0.48792
0.0421066 -0.487496
0.0421366 -0.487057
0.0421666 -0.486603
0.0421966 -0.486136
0.0422265 -0.485655
0.0422565 -0.485159
0.0422865 -0.48465
0.0423165 -0.484126
0.0423465 -0.483589
0.0423764 -0.483037
0.0424064 -0.482472
0.0424364 -0.481893
0.0424664 -0.481299
0.0424964 -0.480692
0.0425263 -0.480071
0.0425563 -0.479436
0.0425863 -0.478788
0.0426163 -0.478125
0.0426462 -0.477449
0.0426762 -0.47676
0.0427062 -0.476056
0.0427362 -0.475339
0.0427662 -0.474608
0.0427961 -0.473864
0.0428261 -0.473106
0.0428561 -0.472335
0.0428861 -0.47155
0.0429161 -0.470752
0.042946 -0.46994
0.042976 -0.469115
0.043006 -0.468277
0.043036 -0.467425
0.043066 -0.46656
0.0430959 -0.465682
0.0431259 -0.464791
0.0431559 -0.463886
0.0431859 -0.462969
0.0432159 -0.462038
0.0432458 -0.461094
0.0432758 -0.460137
0.0433058 -0.459167
0.0433358 -0.458185
0.0433657 -0.457189
0.0433957 -0.45618
0.0434257 -0.455159
0.0434557 -0.454125
0.0434857 -0.453078
0.0435156 -0.452018
0.0435456 -0.450946
0.0435756 -0.449861
0.0436056 -0.448764
0.0436356 -0.447653
0.0436655 -0.446531
0.0436955 -0.445396
0.0437255 -0.444248
0.0437555 -0.443089
0.0437855 -0.441916
0.0438154 -0.440732
0.0438454 -0.439535
0.0438754 -0.438326
0.0439054 -0.437105
0.0439354 -0.435872
0.0439653 -0.434627
0.0439953 -0.433369
0.0440253 -0.4321
0.0440553 -0.430819
0.0440853 -0.429526
0.0441152 -0.428221
0.0441452 -0.426904
0.0441752 -0.425576
0.0442052 -0.424236
0.0442351 -0.422884
0.0442651 -0.42152
0.0442951 -0.420145
0.0443251 -0.418759
0.0443551 -0.417361
0.044385 -0.415951
0.044415 -0.41453
0.044445 -0.413098
0.044475 -0.411655
0.044505 -0.4102
0.0445349 -0.408735
0.0445649 -0.407258
0.0445949 -0.40577
0.0446249 -0.404271
0.0446549 -0.402761
0.0446848 -0.40124
0.0447148 -0.399708
0.0447448 -0.398166
0.0447748 -0.396613
0.0448048 -0.395049
0.0448347 -0.393474
0.0448647 -0.391889
0.0448947 -0.390293
0.0449247 -0.388687
0.0449546 -0.38707
0.0449846 -0.385443
