-0.035 0
-0.03497 -1.37773e-09
-0.03494 -2.89863e-09
-0.0349101 -4.57832e-09
-0.0348801 -6.44979e-09
-0.0348501 -8.54213e-09
-0.0348201 -1.08722e-08
-0.0347901 -1.34496e-08
-0.0347602 -1.62816e-08
-0.0347302 -1.93798e-08
-0.0347002 -2.27617e-08
-0.0346702 -2.64506e-08
-0.0346402 -3.04712e-08
-0.0346103 -3.48455e-08
-0.0345803 -3.95907e-08
-0.0345503 -4.47196e-08
-0.0345203 -5.02425e-08
-0.0344904 -5.61702e-08
-0.0344604 -6.25146e-08
-0.0344304 -6.92889e-08
-0.0344004 -7.65062e-08
-0.0343704 -8.41778e-08
-0.0343405 -9.23117e-08
-0.0343105 -1.00913e-07
-0.0342805 -1.09984e-07
-0.0342505 -1.19526e-07
-0.0342205 -1.29537e-07
-0.0341906 -1.40013e-07
-0.0341606 -1.5095e-07
-0.0341306 -1.62339e-07
-0.0341006 -1.74169e-07
-0.0340706 -1.86427e-07
-0.0340407 -1.99097e-07
-0.0340107 -2.12164e-07
-0.0339807 -2.2561e-07
-0.0339507 -2.39416e-07
-0.0339207 -2.53564e-07
-0.0338908 -2.68032e-07
-0.0338608 -2.82797e-07
-0.0338308 -2.97839e-07
-0.0338008 -3.13135e-07
-0.0337709 -3.28665e-07
-0.0337409 -3.44413e-07
-0.0337109 -3.60362e-07
-0.0336809 -3.765e-07
-0.0336509 -3.92817e-07
-0.033621 -4.09303e-07
-0.033591 -4.25954e-07
-0.033561 -4.42765e-07
-0.033531 -4.59738e-07
-0.033501 -4.76881e-07
-0.0334711 -4.94202e-07
-0.0334411 -5.11716e-07
-0.0334111 -5.29441e-07
-0.0333811 -5.47397e-07
-0.0333511 -5.65609e-07
-0.0333212 -5.84105e-07
-0.0332912 -6.02915e-07
-0.0332612 -6.22073e-07
-0.0332312 -6.41616e-07
-0.0332012 -6.6158e-07
-0.0331713 -6.82003e-07
-0.0331413 -7.02926e-07
-0.0331113 -7.24387e-07
-0.0330813 -7.46426e-07
-0.0330513 -7.69081e-07
-0.0330214 -7.92388e-07
-0.0329914 -8.16382e-07
-0.0329614 -8.41096e-07
-0.0329314 -8.66559e-07
-0.0329015 -8.92799e-07
-0.0328715 -9.1984e-07
-0.0328415 -9.47702e-07
-0.0328115 -9.76403e-07
-0.0327815 -1.00595e-06
-0.0327516 -1.03636e-06
-0.0327216 -1.06764e-06
-0.0326916 -1.09978e-06
-0.0326616 -1.13279e-06
-0.0326316 -1.16667e-06
-0.0326017 -1.20139e-06
-0.0325717 -1.23696e-06
-0.0325417 -1.27337e-06
-0.0325117 -1.3106e-06
-0.0324817 -1.34863e-06
-0.0324518 -1.38746e-06
-0.0324218 -1.42707e-06
-0.0323918 -1.46745e-06
-0.0323618 -1.50857e-06
-0.0323318 -1.55044e-06
-0.0323019 -1.59304e-06
-0.0322719 -1.63636e-06
-0.0322419 -1.68041e-06
-0.0322119 -1.72518e-06
-0.032182 -1.77068e-06
-0.032152 -1.81691e-06
-0.032122 -1.86388e-06
-0.032092 -1.9116e-06
-0.032062 -1.9601e-06
-0.0320321 -2.00939e-06
-0.0320021 -2.05951e-06
-0.0319721 -2.11048e-06
-0.0319421 -2.16232e-06
-0.0319121 -2.21509e-06
-0.0318822 -2.26881e-06
-0.0318522 -2.32352e-06
-0.0318222 -2.37926e-06
-0.0317922 -2.43608e-06
-0.0317622 -2.49402e-06
-0.0317323 -2.55313e-06
-0.0317023 -2.61344e-06
-0.0316723 -2.67501e-06
-0.0316423 -2.73787e-06
-0.0316123 -2.80206e-06
-0.0315824 -2.86764e-06
-0.0315524 -2.93462e-06
-0.0315224 -3.00306e-06
-0.0314924 -3.07298e-06
-0.0314624 -3.14441e-06
-0.0314325 -3.21739e-06
-0.0314025 -3.29193e-06
-0.0313725 -3.36807e-06
-0.0313425 -3.44582e-06
-0.0313126 -3.52521e-06
-0.0312826 -3.60625e-06
-0.0312526 -3.68896e-06
-0.0312226 -3.77336e-06
-0.0311926 -3.85946e-06
-0.0311627 -3.94728e-06
-0.0311327 -4.03683e-06
-0.0311027 -4.12812e-06
-0.0310727 -4.22118e-06
-0.0310427 -4.31602e-06
-0.0310128 -4.41265e-06
-0.0309828 -4.51111e-06
-0.0309528 -4.6114e-06
-0.0309228 -4.71356e-06
-0.0308928 -4.8176e-06
-0.0308629 -4.92356e-06
-0.0308329 -5.03147e-06
-0.0308029 -5.14135e-06
-0.0307729 -5.25326e-06
-0.0307429 -5.36722e-06
-0.030713 -5.48329e-06
-0.030683 -5.6015e-06
-0.030653 -5.72191e-06
-0.030623 -5.84456e-06
-0.0305931 -5.9695e-06
-0.0305631 -6.09679e-06
-0.0305331 -6.22648e-06
-0.0305031 -6.35862e-06
-0.0304731 -6.49328e-06
-0.0304432 -6.6305e-06
-0.0304132 -6.77034e-06
-0.0303832 -6.91286e-06
-0.0303532 -7.05811e-06
-0.0303232 -7.20615e-06
-0.0302933 -7.35703e-06
-0.0302633 -7.51081e-06
-0.0302333 -7.66754e-06
-0.0302033 -7.82726e-06
-0.0301733 -7.99004e-06
-0.0301434 -8.15593e-06
-0.0301134 -8.32497e-06
-0.0300834 -8.49722e-06
-0.0300534 -8.67273e-06
-0.0300234 -8.85155e-06
-0.0299935 -9.03375e-06
-0.0299635 -9.21937e-06
-0.0299335 -9.40846e-06
-0.0299035 -9.60108e-06
-0.0298735 -9.79729e-06
-0.0298436 -9.99715e-06
-0.0298136 -1.02007e-05
-0.0297836 -1.0408e-05
-0.0297536 -1.06192e-05
-0.0297237 -1.08342e-05
-0.0296937 -1.10532e-05
-0.0296637 -1.12763e-05
-0.0296337 -1.15034e-05
-0.0296037 -1.17346e-05
-0.0295738 -1.19702e-05
-0.0295438 -1.221e-05
-0.0295138 -1.24542e-05
-0.0294838 -1.27029e-05
-0.0294538 -1.29561e-05
-0.0294239 -1.32139e-05
-0.0293939 -1.34765e-05
-0.0293639 -1.37438e-05
-0.0293339 -1.4016e-05
-0.0293039 -1.42932e-05
-0.029274 -1.45754e-05
-0.029244 -1.48628e-05
-0.029214 -1.51554e-05
-0.029184 -1.54534e-05
-0.029154 -1.57568e-05
-0.0291241 -1.60657e-05
-0.0290941 -1.63803e-05
-0.0290641 -1.67006e-05
-0.0290341 -1.70267e-05
-0.0290042 -1.73587e-05
-0.0289742 -1.76968e-05
-0.0289442 -1.8041e-05
-0.0289142 -1.83914e-05
-0.0288842 -1.87482e-05
-0.0288543 -1.91114e-05
-0.0288243 -1.94811e-05
-0.0287943 -1.98575e-05
-0.0287643 -2.02407e-05
-0.0287343 -2.06307e-05
-0.0287044 -2.10278e-05
-0.0286744 -2.1432e-05
-0.0286444 -2.18433e-05
-0.0286144 -2.22621e-05
-0.0285844 -2.26883e-05
-0.0285545 -2.31222e-05
-0.0285245 -2.35637e-05
-0.0284945 -2.40131e-05
-0.0284645 -2.44705e-05
-0.0284345 -2.49361e-05
-0.0284046 -2.54098e-05
-0.0283746 -2.5892e-05
-0.0283446 -2.63826e-05
-0.0283146 -2.68819e-05
-0.0282846 -2.739e-05
-0.0282547 -2.79071e-05
-0.0282247 -2.84332e-05
-0.0281947 -2.89686e-05
-0.0281647 -2.95133e-05
-0.0281348 -3.00677e-05
-0.0281048 -3.06317e-05
-0.0280748 -3.12056e-05
-0.0280448 -3.17896e-05
-0.0280148 -3.23837e-05
-0.0279849 -3.29883e-05
-0.0279549 -3.36034e-05
-0.0279249 -3.42292e-05
-0.0278949 -3.48659e-05
-0.0278649 -3.55137e-05
-0.027835 -3.61728e-05
-0.027805 -3.68433e-05
-0.027775 -3.75255e-05
-0.027745 -3.82195e-05
-0.027715 -3.89255e-05
-0.0276851 -3.96437e-05
-0.0276551 -4.03744e-05
-0.0276251 -4.11176e-05
-0.0275951 -4.18737e-05
-0.0275651 -4.26428e-05
-0.0275352 -4.34252e-05
-0.0275052 -4.4221e-05
-0.0274752 -4.50305e-05
-0.0274452 -4.58538e-05
-0.0274153 -4.66913e-05
-0.0273853 -4.75431e-05
-0.0273553 -4.84094e-05
-0.0273253 -4.92905e-05
-0.0272953 -5.01867e-05
-0.0272654 -5.10981e-05
-0.0272354 -5.2025e-05
-0.0272054 -5.29677e-05
-0.0271754 -5.39264e-05
-0.0271454 -5.49014e-05
-0.0271155 -5.58929e-05
-0.0270855 -5.69011e-05
-0.0270555 -5.79265e-05
-0.0270255 -5.89691e-05
-0.0269955 -6.00293e-05
-0.0269656 -6.11074e-05
-0.0269356 -6.22036e-05
-0.0269056 -6.33183e-05
-0.0268756 -6.44517e-05
-0.0268456 -6.5604e-05
-0.0268157 -6.67757e-05
-0.0267857 -6.7967e-05
-0.0267557 -6.91782e-05
-0.0267257 -7.04096e-05
-0.0266957 -7.16615e-05
-0.0266658 -7.29343e-05
-0.0266358 -7.42283e-05
-0.0266058 -7.55438e-05
-0.0265758 -7.68812e-05
-0.0265459 -7.82407e-05
-0.0265159 -7.96228e-05
-0.0264859 -8.10277e-05
-0.0264559 -8.24559e-05
-0.0264259 -8.39076e-05
-0.026396 -8.53833e-05
-0.026366 -8.68833e-05
-0.026336 -8.8408e-05
-0.026306 -8.99578e-05
-0.026276 -9.1533e-05
-0.0262461 -9.3134e-05
-0.0262161 -9.47613e-05
-0.0261861 -9.64152e-05
-0.0261561 -9.80961e-05
-0.0261261 -9.98045e-05
-0.0260962 -0.000101541
-0.0260662 -0.000103305
-0.0260362 -0.000105099
-0.0260062 -0.000106921
-0.0259762 -0.000108773
-0.0259463 -0.000110655
-0.0259163 -0.000112568
-0.0258863 -0.000114511
-0.0258563 -0.000116486
-0.0258264 -0.000118493
-0.0257964 -0.000120532
-0.0257664 -0.000122605
-0.0257364 -0.00012471
-0.0257064 -0.000126849
-0.0256765 -0.000129023
-0.0256465 -0.000131231
-0.0256165 -0.000133475
-0.0255865 -0.000135755
-0.0255565 -0.000138071
-0.0255266 -0.000140424
-0.0254966 -0.000142815
-0.0254666 -0.000145244
-0.0254366 -0.000147711
-0.0254066 -0.000150218
-0.0253767 -0.000152764
-0.0253467 -0.000155351
-0.0253167 -0.000157978
-0.0252867 -0.000160647
-0.0252567 -0.000163359
-0.0252268 -0.000166113
-0.0251968 -0.00016891
-0.0251668 -0.000171752
-0.0251368 -0.000174638
-0.0251068 -0.00017757
-0.0250769 -0.000180547
-0.0250469 -0.000183571
-0.0250169 -0.000186643
-0.0249869 -0.000189762
-0.024957 -0.00019293
-0.024927 -0.000196148
-0.024897 -0.000199416
-0.024867 -0.000202734
-0.024837 -0.000206104
-0.0248071 -0.000209527
-0.0247771 -0.000213002
-0.0247471 -0.000216532
-0.0247171 -0.000220115
-0.0246871 -0.000223755
-0.0246572 -0.00022745
-0.0246272 -0.000231202
-0.0245972 -0.000235012
-0.0245672 -0.00023888
-0.0245372 -0.000242808
-0.0245073 -0.000246796
-0.0244773 -0.000250845
-0.0244473 -0.000254956
-0.0244173 -0.00025913
-0.0243873 -0.000263367
-0.0243574 -0.000267669
-0.0243274 -0.000272037
-0.0242974 -0.000276471
-0.0242674 -0.000280972
-0.0242375 -0.000285541
-0.0242075 -0.00029018
-0.0241775 -0.000294889
-0.0241475 -0.000299669
-0.0241175 -0.000304521
-0.0240876 -0.000309446
-0.0240576 -0.000314446
-0.0240276 -0.00031952
-0.0239976 -0.000324671
-0.0239676 -0.000329899
-0.0239377 -0.000335205
-0.0239077 -0.000340591
-0.0238777 -0.000346057
-0.0238477 -0.000351605
-0.0238177 -0.000357235
-0.0237878 -0.00036295
-0.0237578 -0.000368749
-0.0237278 -0.000374634
-0.0236978 -0.000380607
-0.0236678 -0.000386668
-0.0236379 -0.000392818
-0.0236079 -0.00039906
-0.0235779 -0.000405393
-0.0235479 -0.00041182
-0.0235179 -0.000418342
-0.023488 -0.000424959
-0.023458 -0.000431673
-0.023428 -0.000438486
-0.023398 -0.000445399
-0.0233681 -0.000452412
-0.0233381 -0.000459528
-0.0233081 -0.000466748
-0.0232781 -0.000474073
-0.0232481 -0.000481505
-0.0232182 -0.000489044
-0.0231882 -0.000496693
-0.0231582 -0.000504453
-0.0231282 -0.000512325
-0.0230982 -0.000520311
-0.0230683 -0.000528412
-0.0230383 -0.00053663
-0.0230083 -0.000544966
-0.0229783 -0.000553422
-0.0229483 -0.000561999
-0.0229184 -0.0005707
-0.0228884 -0.000579525
-0.0228584 -0.000588477
-0.0228284 -0.000597556
-0.0227984 -0.000606765
-0.0227685 -0.000616105
-0.0227385 -0.000625578
-0.0227085 -0.000635186
-0.0226785 -0.00064493
-0.0226486 -0.000654812
-0.0226186 -0.000664834
-0.0225886 -0.000674998
-0.0225586 -0.000685305
-0.0225286 -0.000695758
-0.0224987 -0.000706358
-0.0224687 -0.000717107
-0.0224387 -0.000728006
-0.0224087 -0.000739059
-0.0223787 -0.000750267
-0.0223488 -0.000761631
-0.0223188 -0.000773154
-0.0222888 -0.000784838
-0.0222588 -0.000796685
-0.0222288 -0.000808697
-0.0221989 -0.000820875
-0.0221689 -0.000833223
-0.0221389 -0.000845741
-0.0221089 -0.000858433
-0.0220789 -0.000871301
-0.022049 -0.000884345
-0.022019 -0.00089757
-0.021989 -0.000910977
-0.021959 -0.000924568
-0.021929 -0.000938345
-0.0218991 -0.000952312
-0.0218691 -0.000966469
-0.0218391 -0.00098082
-0.0218091 -0.000995367
-0.0217792 -0.00101011
-0.0217492 -0.00102506
-0.0217192 -0.00104021
-0.0216892 -0.00105556
-0.0216592 -0.00107113
-0.0216293 -0.0010869
-0.0215993 -0.00110289
-0.0215693 -0.00111909
-0.0215393 -0.00113551
-0.0215093 -0.00115215
-0.0214794 -0.00116902
-0.0214494 -0.00118611
-0.0214194 -0.00120344
-0.0213894 -0.00122099
-0.0213594 -0.00123878
-0.0213295 -0.00125681
-0.0212995 -0.00127507
-0.0212695 -0.00129358
-0.0212395 -0.00131234
-0.0212095 -0.00133135
-0.0211796 -0.0013506
-0.0211496 -0.00137012
-0.0211196 -0.00138989
-0.0210896 -0.00140992
-0.0210597 -0.00143021
-0.0210297 -0.00145077
-0.0209997 -0.00147161
-0.0209697 -0.00149271
-0.0209397 -0.0015141
-0.0209098 -0.00153576
-0.0208798 -0.00155771
-0.0208498 -0.00157994
-0.0208198 -0.00160246
-0.0207898 -0.00162528
-0.0207599 -0.00164839
-0.0207299 -0.0016718
-0.0206999 -0.00169552
-0.0206699 -0.00171954
-0.0206399 -0.00174387
-0.02061 -0.00176852
-0.02058 -0.00179348
-0.02055 -0.00181877
-0.02052 -0.00184438
-0.02049 -0.00187032
-0.0204601 -0.00189659
-0.0204301 -0.0019232
-0.0204001 -0.00195015
-0.0203701 -0.00197744
-0.0203401 -0.00200508
-0.0203102 -0.00203307
-0.0202802 -0.00206141
-0.0202502 -0.00209012
-0.0202202 -0.00211919
-0.0201903 -0.00214862
-0.0201603 -0.00217843
-0.0201303 -0.00220861
-0.0201003 -0.00223917
-0.0200703 -0.00227012
-0.0200404 -0.00230146
-0.0200104 -0.00233319
-0.0199804 -0.00236531
-0.0199504 -0.00239784
-0.0199204 -0.00243077
-0.0198905 -0.00246411
-0.0198605 -0.00249787
-0.0198305 -0.00253204
-0.0198005 -0.00256664
-0.0197705 -0.00260167
-0.0197406 -0.00263713
-0.0197106 -0.00267303
-0.0196806 -0.00270937
-0.0196506 -0.00274615
-0.0196206 -0.00278339
-0.0195907 -0.00282109
-0.0195607 -0.00285925
-0.0195307 -0.00289787
-0.0195007 -0.00293697
-0.0194708 -0.00297654
-0.0194408 -0.0030166
-0.0194108 -0.00305714
-0.0193808 -0.00309817
-0.0193508 -0.0031397
-0.0193209 -0.00318173
-0.0192909 -0.00322427
-0.0192609 -0.00326733
-0.0192309 -0.0033109
-0.0192009 -0.00335499
-0.019171 -0.00339962
-0.019141 -0.00344478
-0.019111 -0.00349048
-0.019081 -0.00353672
-0.019051 -0.00358352
-0.0190211 -0.00363088
-0.0189911 -0.00367879
-0.0189611 -0.00372728
-0.0189311 -0.00377634
-0.0189011 -0.00382599
-0.0188712 -0.00387621
-0.0188412 -0.00392704
-0.0188112 -0.00397846
-0.0187812 -0.00403048
-0.0187512 -0.00408312
-0.0187213 -0.00413637
-0.0186913 -0.00419024
-0.0186613 -0.00424475
-0.0186313 -0.00429989
-0.0186014 -0.00435567
-0.0185714 -0.0044121
-0.0185414 -0.00446919
-0.0185114 -0.00452694
-0.0184814 -0.00458536
-0.0184515 -0.00464445
-0.0184215 -0.00470422
-0.0183915 -0.00476468
-0.0183615 -0.00482584
-0.0183315 -0.00488769
-0.0183016 -0.00495026
-0.0182716 -0.00501354
-0.0182416 -0.00507755
-0.0182116 -0.00514228
-0.0181816 -0.00520776
-0.0181517 -0.00527397
-0.0181217 -0.00534094
-0.0180917 -0.00540866
-0.0180617 -0.00547715
-0.0180317 -0.00554642
-0.0180018 -0.00561646
-0.0179718 -0.0056873
-0.0179418 -0.00575892
-0.0179118 -0.00583136
-0.0178819 -0.0059046
-0.0178519 -0.00597866
-0.0178219 -0.00605355
-0.0177919 -0.00612927
-0.0177619 -0.00620583
-0.017732 -0.00628324
-0.017702 -0.00636151
-0.017672 -0.00644065
-0.017642 -0.00652066
-0.017612 -0.00660155
-0.0175821 -0.00668334
-0.0175521 -0.00676602
-0.0175221 -0.00684961
-0.0174921 -0.00693411
-0.0174621 -0.00701954
-0.0174322 -0.0071059
-0.0174022 -0.00719319
-0.0173722 -0.00728144
-0.0173422 -0.00737065
-0.0173122 -0.00746082
-0.0172823 -0.00755197
-0.0172523 -0.00764411
-0.0172223 -0.00773723
-0.0171923 -0.00783136
-0.0171623 -0.0079265
-0.0171324 -0.00802266
-0.0171024 -0.00811985
-0.0170724 -0.00821808
-0.0170424 -0.00831735
-0.0170125 -0.00841768
-0.0169825 -0.00851908
-0.0169525 -0.00862155
-0.0169225 -0.00872511
-0.0168925 -0.00882977
-0.0168626 -0.00893553
-0.0168326 -0.0090424
-0.0168026 -0.00915039
-0.0167726 -0.00925952
-0.0167426 -0.00936979
-0.0167127 -0.00948122
-0.0166827 -0.00959381
-0.0166527 -0.00970757
-0.0166227 -0.00982251
-0.0165927 -0.00993865
-0.0165628 -0.010056
-0.0165328 -0.0101746
-0.0165028 -0.0102943
-0.0164728 -0.0104153
-0.0164428 -0.0105376
-0.0164129 -0.0106611
-0.0163829 -0.0107859
-0.0163529 -0.010912
-0.0163229 -0.0110393
-0.016293 -0.0111679
-0.016263 -0.0112979
-0.016233 -0.0114292
-0.016203 -0.0115618
-0.016173 -0.0116957
-0.0161431 -0.011831
-0.0161131 -0.0119677
-0.0160831 -0.0121057
-0.0160531 -0.0122451
-0.0160231 -0.0123859
-0.0159932 -0.0125282
-0.0159632 -0.0126718
-0.0159332 -0.0128169
-0.0159032 -0.0129634
-0.0158732 -0.0131114
-0.0158433 -0.0132608
-0.0158133 -0.0134117
-0.0157833 -0.0135641
-0.0157533 -0.013718
-0.0157233 -0.0138735
-0.0156934 -0.0140304
-0.0156634 -0.0141889
-0.0156334 -0.0143489
-0.0156034 -0.0145105
-0.0155734 -0.0146737
-0.0155435 -0.0148384
-0.0155135 -0.0150048
-0.0154835 -0.0151727
-0.0154535 -0.0153423
-0.0154236 -0.0155135
-0.0153936 -0.0156864
-0.0153636 -0.0158609
-0.0153336 -0.0160371
-0.0153036 -0.016215
-0.0152737 -0.0163946
-0.0152437 -0.0165759
-0.0152137 -0.0167589
-0.0151837 -0.0169437
-0.0151537 -0.0171302
-0.0151238 -0.0173184
-0.0150938 -0.0175085
-0.0150638 -0.0177003
-0.0150338 -0.0178939
-0.0150038 -0.0180894
-0.0149739 -0.0182867
-0.0149439 -0.0184858
-0.0149139 -0.0186867
-0.0148839 -0.0188896
-0.0148539 -0.0190943
-0.014824 -0.0193009
-0.014794 -0.0195095
-0.014764 -0.0197199
-0.014734 -0.0199323
-0.0147041 -0.0201466
-0.0146741 -0.0203629
-0.0146441 -0.0205812
-0.0146141 -0.0208015
-0.0145841 -0.0210238
-0.0145542 -0.0212481
-0.0145242 -0.0214744
-0.0144942 -0.0217028
-0.0144642 -0.0219332
-0.0144342 -0.0221657
-0.0144043 -0.0224004
-0.0143743 -0.0226371
-0.0143443 -0.0228759
-0.0143143 -0.0231169
-0.0142843 -0.02336
-0.0142544 -0.0236053
-0.0142244 -0.0238527
-0.0141944 -0.0241024
-0.0141644 -0.0243543
-0.0141344 -0.0246083
-0.0141045 -0.0248646
-0.0140745 -0.0251232
-0.0140445 -0.025384
-0.0140145 -0.0256472
-0.0139845 -0.0259126
-0.0139546 -0.0261803
-0.0139246 -0.0264503
-0.0138946 -0.0267227
-0.0138646 -0.0269974
-0.0138347 -0.0272745
-0.0138047 -0.027554
-0.0137747 -0.0278359
-0.0137447 -0.0281202
-0.0137147 -0.028407
-0.0136848 -0.0286962
-0.0136548 -0.0289878
-0.0136248 -0.0292819
-0.0135948 -0.0295786
-0.0135648 -0.0298777
-0.0135349 -0.0301793
-0.0135049 -0.0304835
-0.0134749 -0.0307903
-0.0134449 -0.0310996
-0.0134149 -0.0314115
-0.013385 -0.031726
-0.013355 -0.0320431
-0.013325 -0.0323628
-0.013295 -0.0326852
-0.013265 -0.0330103
-0.0132351 -0.033338
-0.0132051 -0.0336685
-0.0131751 -0.0340016
-0.0131451 -0.0343375
-0.0131152 -0.0346761
-0.0130852 -0.0350175
-0.0130552 -0.0353616
-0.0130252 -0.0357086
-0.0129952 -0.0360583
-0.0129653 -0.0364109
-0.0129353 -0.0367663
-0.0129053 -0.0371245
-0.0128753 -0.0374856
-0.0128453 -0.0378496
-0.0128154 -0.0382166
-0.0127854 -0.0385864
-0.0127554 -0.0389592
-0.0127254 -0.0393349
-0.0126954 -0.0397135
-0.0126655 -0.0400952
-0.0126355 -0.0404799
-0.0126055 -0.0408675
-0.0125755 -0.0412582
-0.0125455 -0.041652
-0.0125156 -0.0420488
-0.0124856 -0.0424487
-0.0124556 -0.0428517
-0.0124256 -0.0432578
-0.0123956 -0.043667
-0.0123657 -0.0440794
-0.0123357 -0.0444949
-0.0123057 -0.0449136
-0.0122757 -0.0453355
-0.0122458 -0.0457606
-0.0122158 -0.0461889
-0.0121858 -0.0466205
-0.0121558 -0.0470553
-0.0121258 -0.0474934
-0.0120959 -0.0479347
-0.0120659 -0.0483794
-0.0120359 -0.0488274
-0.0120059 -0.0492788
-0.0119759 -0.0497334
-0.011946 -0.0501915
-0.011916 -0.0506529
-0.011886 -0.0511178
-0.011856 -0.051586
-0.011826 -0.0520577
-0.0117961 -0.0525329
-0.0117661 -0.0530115
-0.0117361 -0.0534935
-0.0117061 -0.0539791
-0.0116761 -0.0544682
-0.0116462 -0.0549608
-0.0116162 -0.055457
-0.0115862 -0.0559567
-0.0115562 -0.05646
-0.0115263 -0.0569668
-0.0114963 -0.0574773
-0.0114663 -0.0579914
-0.0114363 -0.0585092
-0.0114063 -0.0590305
-0.0113764 -0.0595556
-0.0113464 -0.0600843
-0.0113164 -0.0606168
-0.0112864 -0.0611529
-0.0112564 -0.0616928
-0.0112265 -0.0622365
-0.0111965 -0.0627838
-0.0111665 -0.063335
-0.0111365 -0.06389
-0.0111065 -0.0644487
-0.0110766 -0.0650113
-0.0110466 -0.0655777
-0.0110166 -0.066148
-0.0109866 -0.0667221
-0.0109566 -0.0673001
-0.0109267 -0.067882
-0.0108967 -0.0684678
-0.0108667 -0.0690576
-0.0108367 -0.0696513
-0.0108067 -0.0702489
-0.0107768 -0.0708505
-0.0107468 -0.0714561
-0.0107168 -0.0720656
-0.0106868 -0.0726792
-0.0106569 -0.0732968
-0.0106269 -0.0739185
-0.0105969 -0.0745442
-0.0105669 -0.075174
-0.0105369 -0.0758078
-0.010507 -0.0764458
-0.010477 -0.0770878
-0.010447 -0.077734
-0.010417 -0.0783843
-0.010387 -0.0790388
-0.0103571 -0.0796974
-0.0103271 -0.0803602
-0.0102971 -0.0810272
-0.0102671 -0.0816984
-0.0102371 -0.0823738
-0.0102072 -0.0830534
-0.0101772 -0.0837373
-0.0101472 -0.0844255
-0.0101172 -0.0851179
-0.0100872 -0.0858145
-0.0100573 -0.0865155
-0.0100273 -0.0872208
-0.00999731 -0.0879304
-0.00996733 -0.0886443
-0.00993735 -0.0893626
-0.00990737 -0.0900852
-0.00987739 -0.0908121
-0.00984741 -0.0915435
-0.00981743 -0.0922792
-0.00978745 -0.0930194
-0.00975748 -0.0937639
-0.0097275 -0.0945129
-0.00969752 -0.0952663
-0.00966754 -0.0960242
-0.00963756 -0.0967865
-0.00960758 -0.0975532
-0.0095776 -0.0983245
-0.00954762 -0.0991002
-0.00951764 -0.0998805
-0.00948766 -0.100665
-0.00945768 -0.101454
-0.0094277 -0.102248
-0.00939772 -0.103047
-0.00936774 -0.103849
-0.00933777 -0.104657
-0.00930779 -0.105469
-0.00927781 -0.106285
-0.00924783 -0.107107
-0.00921785 -0.107932
-0.00918787 -0.108763
-0.00915789 -0.109598
-0.00912791 -0.110437
-0.00909793 -0.111281
-0.00906795 -0.11213
-0.00903797 -0.112984
-0.00900799 -0.113842
-0.00897801 -0.114705
-0.00894804 -0.115572
-0.00891806 -0.116444
-0.00888808 -0.117321
-0.0088581 -0.118203
-0.00882812 -0.119089
-0.00879814 -0.11998
-0.00876816 -0.120875
-0.00873818 -0.121776
-0.0087082 -0.122681
-0.00867822 -0.123591
-0.00864824 -0.124505
-0.00861826 -0.125424
-0.00858828 -0.126348
-0.00855831 -0.127277
-0.00852833 -0.128211
-0.00849835 -0.129149
-0.00846837 -0.130092
-0.00843839 -0.13104
-0.00840841 -0.131992
-0.00837843 -0.13295
-0.00834845 -0.133912
-0.00831847 -0.134879
-0.00828849 -0.135851
-0.00825851 -0.136827
-0.00822853 -0.137809
-0.00819855 -0.138795
-0.00816858 -0.139786
-0.0081386 -0.140781
-0.00810862 -0.141782
-0.00807864 -0.142787
-0.00804866 -0.143798
-0.00801868 -0.144813
-0.0079887 -0.145832
-0.00795872 -0.146857
-0.00792874 -0.147887
-0.00789876 -0.148921
-0.00786878 -0.14996
-0.0078388 -0.151004
-0.00780882 -0.152053
-0.00777884 -0.153106
-0.00774887 -0.154165
-0.00771889 -0.155228
-0.00768891 -0.156296
-0.00765893 -0.157369
-0.00762895 -0.158446
-0.00759897 -0.159529
-0.00756899 -0.160616
-0.00753901 -0.161708
-0.00750903 -0.162805
-0.00747905 -0.163907
-0.00744907 -0.165014
-0.00741909 -0.166125
-0.00738911 -0.167241
-0.00735914 -0.168362
-0.00732916 -0.169488
-0.00729918 -0.170619
-0.0072692 -0.171754
-0.00723922 -0.172894
-0.00720924 -0.174039
-0.00717926 -0.175189
-0.00714928 -0.176343
-0.0071193 -0.177503
-0.00708932 -0.178667
-0.00705934 -0.179835
-0.00702936 -0.181009
-0.00699938 -0.182187
-0.00696941 -0.18337
-0.00693943 -0.184558
-0.00690945 -0.18575
-0.00687947 -0.186948
-0.00684949 -0.18815
-0.00681951 -0.189356
-0.00678953 -0.190567
-0.00675955 -0.191783
-0.00672957 -0.193004
-0.00669959 -0.194229
-0.00666961 -0.195459
-0.00663963 -0.196694
-0.00660965 -0.197933
-0.00657967 -0.199177
-0.0065497 -0.200426
-0.00651972 -0.201679
-0.00648974 -0.202937
-0.00645976 -0.204199
-0.00642978 -0.205466
-0.0063998 -0.206737
-0.00636982 -0.208013
-0.00633984 -0.209294
-0.00630986 -0.210579
-0.00627988 -0.211869
-0.0062499 -0.213163
-0.00621992 -0.214462
-0.00618994 -0.215765
-0.00615997 -0.217072
-0.00612999 -0.218384
-0.00610001 -0.219701
-0.00607003 -0.221022
-0.00604005 -0.222347
-0.00601007 -0.223677
-0.00598009 -0.225011
-0.00595011 -0.226349
-0.00592013 -0.227692
-0.00589015 -0.229039
-0.00586017 -0.23039
-0.00583019 -0.231746
-0.00580021 -0.233106
-0.00577024 -0.23447
-0.00574026 -0.235839
-0.00571028 -0.237212
-0.0056803 -0.238588
-0.00565032 -0.23997
-0.00562034 -0.241355
-0.00559036 -0.242744
-0.00556038 -0.244138
-0.0055304 -0.245536
-0.00550042 -0.246937
-0.00547044 -0.248343
-0.00544046 -0.249753
-0.00541048 -0.251167
-0.00538051 -0.252585
-0.00535053 -0.254007
-0.00532055 -0.255433
-0.00529057 -0.256862
-0.00526059 -0.258296
-0.00523061 -0.259734
-0.00520063 -0.261175
-0.00517065 -0.262621
-0.00514067 -0.26407
-0.00511069 -0.265523
-0.00508071 -0.266979
-0.00505073 -0.26844
-0.00502075 -0.269904
-0.00499077 -0.271372
-0.0049608 -0.272844
-0.00493082 -0.274319
-0.00490084 -0.275798
-0.00487086 -0.27728
-0.00484088 -0.278766
-0.0048109 -0.280256
-0.00478092 -0.281749
-0.00475094 -0.283246
-0.00472096 -0.284746
-0.00469098 -0.286249
-0.004661 -0.287756
-0.00463102 -0.289266
-0.00460104 -0.29078
-0.00457107 -0.292297
-0.00454109 -0.293817
-0.00451111 -0.29534
-0.00448113 -0.296867
-0.00445115 -0.298397
-0.00442117 -0.29993
-0.00439119 -0.301466
-0.00436121 -0.303005
-0.00433123 -0.304548
-0.00430125 -0.306093
-0.00427127 -0.307642
-0.00424129 -0.309193
-0.00421131 -0.310747
-0.00418134 -0.312304
-0.00415136 -0.313864
-0.00412138 -0.315427
-0.0040914 -0.316993
-0.00406142 -0.318562
-0.00403144 -0.320133
-0.00400146 -0.321707
-0.00397148 -0.323283
-0.0039415 -0.324862
-0.00391152 -0.326444
-0.00388154 -0.328029
-0.00385156 -0.329615
-0.00382158 -0.331205
-0.00379161 -0.332797
-0.00376163 -0.334391
-0.00373165 -0.335987
-0.00370167 -0.337586
-0.00367169 -0.339187
-0.00364171 -0.340791
-0.00361173 -0.342396
-0.00358175 -0.344004
-0.00355177 -0.345614
-0.00352179 -0.347226
-0.00349181 -0.34884
-0.00346183 -0.350456
-0.00343185 -0.352074
-0.00340187 -0.353694
-0.0033719 -0.355316
-0.00334192 -0.35694
-0.00331194 -0.358566
-0.00328196 -0.360193
-0.00325198 -0.361822
-0.003222 -0.363453
-0.00319202 -0.365085
-0.00316204 -0.366719
-0.00313206 -0.368355
-0.00310208 -0.369992
-0.0030721 -0.37163
-0.00304212 -0.37327
-0.00301214 -0.374912
-0.00298217 -0.376554
-0.00295219 -0.378198
-0.00292221 -0.379843
-0.00289223 -0.38149
-0.00286225 -0.383137
-0.00283227 -0.384786
-0.00280229 -0.386436
-0.00277231 -0.388086
-0.00274233 -0.389738
-0.00271235 -0.39139
-0.00268237 -0.393044
-0.00265239 -0.394698
-0.00262241 -0.396353
-0.00259244 -0.398009
-0.00256246 -0.399666
-0.00253248 -0.401323
-0.0025025 -0.40298
-0.00247252 -0.404639
-0.00244254 -0.406297
-0.00241256 -0.407956
-0.00238258 -0.409616
-0.0023526 -0.411276
-0.00232262 -0.412936
-0.00229264 -0.414596
-0.00226266 -0.416257
-0.00223268 -0.417918
-0.00220271 -0.419579
-0.00217273 -0.421239
-0.00214275 -0.4229
-0.00211277 -0.424561
-0.00208279 -0.426222
-0.00205281 -0.427882
-0.00202283 -0.429542
-0.00199285 -0.431202
-0.00196287 -0.432862
-0.00193289 -0.434521
-0.00190291 -0.43618
-0.00187293 -0.437839
-0.00184295 -0.439496
-0.00181297 -0.441154
-0.001783 -0.44281
-0.00175302 -0.444466
-0.00172304 -0.446121
-0.00169306 -0.447776
-0.00166308 -0.449429
-0.0016331 -0.451082
-0.00160312 -0.452733
-0.00157314 -0.454384
-0.00154316 -0.456033
-0.00151318 -0.457682
-0.0014832 -0.459329
-0.00145322 -0.460975
-0.00142324 -0.46262
-0.00139327 -0.464263
-0.00136329 -0.465905
-0.00133331 -0.467545
-0.00130333 -0.469184
-0.00127335 -0.470821
-0.00124337 -0.472457
-0.00121339 -0.474091
-0.00118341 -0.475723
-0.00115343 -0.477354
-0.00112345 -0.478982
-0.00109347 -0.480609
-0.00106349 -0.482234
-0.00103351 -0.483856
-0.00100354 -0.485477
-0.000973556 -0.487095
-0.000943577 -0.488711
-0.000913598 -0.490325
-0.000883618 -0.491937
-0.000853639 -0.493546
-0.00082366 -0.495153
-0.000793681 -0.496757
-0.000763701 -0.498359
-0.000733722 -0.499958
-0.000703743 -0.501555
-0.000673764 -0.503149
-0.000643784 -0.50474
-0.000613805 -0.506328
-0.000583826 -0.507913
-0.000553847 -0.509495
-0.000523867 -0.511074
-0.000493888 -0.512651
-0.000463909 -0.514224
-0.00043393 -0.515794
-0.00040395 -0.51736
-0.000373971 -0.518923
-0.000343992 -0.520483
-0.000314013 -0.52204
-0.000284033 -0.523593
-0.000254054 -0.525142
-0.000224075 -0.526688
-0.000194096 -0.52823
-0.000164116 -0.529768
-0.000134137 -0.531303
-0.000104158 -0.532834
-7.41786e-05 -0.534361
-4.41994e-05 -0.535884
-1.42202e-05 -0.537402
1.57591e-05 -0.538917
4.57383e-05 -0.540428
7.57176e-05 -0.541934
0.000105697 -0.543436
0.000135676 -0.544934
0.000165655 -0.546428
0.000195635 -0.547917
0.000225614 -0.549401
0.000255593 -0.550881
0.000285572 -0.552357
0.000315552 -0.553827
0.000345531 -0.555293
0.00037551 -0.556754
0.000405489 -0.55821
0.000435469 -0.559662
0.000465448 -0.561108
0.000495427 -0.562549
0.000525406 -0.563986
0.000555386 -0.565417
0.000585365 -0.566843
0.000615344 -0.568263
0.000645323 -0.569678
0.000675302 -0.571088
0.000705282 -0.572493
0.000735261 -0.573891
0.00076524 -0.575285
0.000795219 -0.576672
0.000825199 -0.578054
0.000855178 -0.579431
0.000885157 -0.580801
0.000915136 -0.582166
0.000945116 -0.583524
0.000975095 -0.584877
0.00100507 -0.586223
0.00103505 -0.587564
0.00106503 -0.588898
0.00109501 -0.590227
0.00112499 -0.591548
0.00115497 -0.592864
0.00118495 -0.594173
0.00121493 -0.595476
0.00124491 -0.596772
0.00127489 -0.598062
0.00130487 -0.599345
0.00133485 -0.600621
0.00136483 -0.601891
0.0013948 -0.603154
0.00142478 -0.60441
0.00145476 -0.605659
0.00148474 -0.606901
0.00151472 -0.608136
0.0015447 -0.609364
0.00157468 -0.610585
0.00160466 -0.611799
0.00163464 -0.613005
0.00166462 -0.614205
0.0016946 -0.615397
0.00172458 -0.616581
0.00175456 -0.617758
0.00178453 -0.618928
0.00181451 -0.62009
0.00184449 -0.621244
0.00187447 -0.622391
0.00190445 -0.623529
0.00193443 -0.624661
0.00196441 -0.625784
0.00199439 -0.626899
0.00202437 -0.628007
0.00205435 -0.629106
0.00208433 -0.630198
0.00211431 -0.631281
0.00214429 -0.632356
0.00217426 -0.633423
0.00220424 -0.634482
0.00223422 -0.635532
0.0022642 -0.636574
0.00229418 -0.637608
0.00232416 -0.638633
0.00235414 -0.639649
0.00238412 -0.640657
0.0024141 -0.641657
0.00244408 -0.642648
0.00247406 -0.64363
0.00250404 -0.644603
0.00253402 -0.645567
0.00256399 -0.646523
0.00259397 -0.647469
0.00262395 -0.648407
0.00265393 -0.649336
0.00268391 -0.650255
0.00271389 -0.651166
0.00274387 -0.652067
0.00277385 -0.652959
0.00280383 -0.653842
0.00283381 -0.654715
0.00286379 -0.65558
0.00289377 -0.656434
0.00292375 -0.65728
0.00295373 -0.658115
0.0029837 -0.658942
0.00301368 -0.659758
0.00304366 -0.660566
0.00307364 -0.661363
0.00310362 -0.662151
0.0031336 -0.662929
0.00316358 -0.663697
0.00319356 -0.664455
0.00322354 -0.665203
0.00325352 -0.665942
0.0032835 -0.66667
0.00331348 -0.667389
0.00334346 -0.668097
0.00337343 -0.668795
0.00340341 -0.669484
0.00343339 -0.670161
0.00346337 -0.670829
0.00349335 -0.671487
0.00352333 -0.672134
0.00355331 -0.672771
0.00358329 -0.673397
0.00361327 -0.674013
0.00364325 -0.674618
0.00367323 -0.675213
0.00370321 -0.675798
0.00373319 -0.676372
0.00376316 -0.676935
0.00379314 -0.677488
0.00382312 -0.678029
0.0038531 -0.678561
0.00388308 -0.679081
0.00391306 -0.679591
0.00394304 -0.680089
0.00397302 -0.680577
0.004003 -0.681054
0.00403298 -0.68152
0.00406296 -0.681975
0.00409294 -0.682419
0.00412292 -0.682852
0.0041529 -0.683274
0.00418287 -0.683685
0.00421285 -0.684085
0.00424283 -0.684473
0.00427281 -0.68485
0.00430279 -0.685216
0.00433277 -0.685571
0.00436275 -0.685915
0.00439273 -0.686247
0.00442271 -0.686567
0.00445269 -0.686877
0.00448267 -0.687175
0.00451265 -0.687461
0.00454263 -0.687736
0.0045726 -0.688
0.00460258 -0.688252
0.00463256 -0.688492
0.00466254 -0.688721
0.00469252 -0.688938
0.0047225 -0.689144
0.00475248 -0.689338
0.00478246 -0.68952
0.00481244 -0.689691
0.00484242 -0.68985
0.0048724 -0.689997
0.00490238 -0.690132
0.00493236 -0.690255
0.00496233 -0.690367
0.00499231 -0.690467
0.00502229 -0.690555
0.00505227 -0.690631
0.00508225 -0.690695
0.00511223 -0.690747
0.00514221 -0.690787
0.00517219 -0.690815
0.00520217 -0.690832
0.00523215 -0.690836
0.00526213 -0.690828
0.00529211 -0.690808
0.00532209 -0.690776
0.00535206 -0.690732
0.00538204 -0.690676
0.00541202 -0.690608
0.005442 -0.690528
0.00547198 -0.690435
0.00550196 -0.69033
0.00553194 -0.690213
0.00556192 -0.690084
0.0055919 -0.689943
0.00562188 -0.689789
0.00565186 -0.689624
0.00568184 -0.689446
0.00571182 -0.689255
0.0057418 -0.689053
0.00577177 -0.688838
0.00580175 -0.688611
0.00583173 -0.688372
0.00586171 -0.68812
0.00589169 -0.687856
0.00592167 -0.687579
0.00595165 -0.68729
0.00598163 -0.686989
0.00601161 -0.686676
0.00604159 -0.68635
0.00607157 -0.686012
0.00610155 -0.685661
0.00613153 -0.685298
0.0061615 -0.684923
0.00619148 -0.684535
0.00622146 -0.684135
0.00625144 -0.683722
0.00628142 -0.683297
0.0063114 -0.682859
0.00634138 -0.68241
0.00637136 -0.681947
0.00640134 -0.681472
0.00643132 -0.680985
0.0064613 -0.680486
0.00649128 -0.679974
0.00652126 -0.679449
0.00655123 -0.678912
0.00658121 -0.678363
0.00661119 -0.677801
0.00664117 -0.677227
0.00667115 -0.67664
0.00670113 -0.676041
0.00673111 -0.675429
0.00676109 -0.674806
0.00679107 -0.674169
0.00682105 -0.67352
0.00685103 -0.672859
0.00688101 -0.672185
0.00691099 -0.671499
0.00694096 -0.670801
0.00697094 -0.67009
0.00700092 -0.669367
0.0070309 -0.668631
0.00706088 -0.667883
0.00709086 -0.667123
0.00712084 -0.66635
0.00715082 -0.665565
0.0071808 -0.664768
0.00721078 -0.663958
0.00724076 -0.663136
0.00727074 -0.662301
0.00730072 -0.661455
0.0073307 -0.660596
0.00736067 -0.659724
0.00739065 -0.658841
0.00742063 -0.657945
0.00745061 -0.657037
0.00748059 -0.656117
0.00751057 -0.655184
0.00754055 -0.654239
0.00757053 -0.653282
0.00760051 -0.652313
0.00763049 -0.651332
0.00766047 -0.650338
0.00769045 -0.649333
0.00772043 -0.648315
0.0077504 -0.647285
0.00778038 -0.646243
0.00781036 -0.645189
0.00784034 -0.644123
0.00787032 -0.643045
0.0079003 -0.641955
0.00793028 -0.640853
0.00796026 -0.639739
0.00799024 -0.638613
0.00802022 -0.637475
0.0080502 -0.636325
0.00808018 -0.635163
0.00811016 -0.633989
0.00814013 -0.632804
0.00817011 -0.631606
0.00820009 -0.630397
0.00823007 -0.629176
0.00826005 -0.627943
0.00829003 -0.626699
0.00832001 -0.625443
0.00834999 -0.624175
0.00837997 -0.622895
0.00840995 -0.621604
0.00843993 -0.620301
0.00846991 -0.618986
0.00849989 -0.61766
0.00852986 -0.616323
0.00855984 -0.614974
0.00858982 -0.613613
0.0086198 -0.612241
0.00864978 -0.610858
0.00867976 -0.609463
0.00870974 -0.608057
0.00873972 -0.606639
0.0087697 -0.60521
0.00879968 -0.60377
0.00882966 -0.602319
0.00885964 -0.600856
0.00888962 -0.599382
0.0089196 -0.597897
0.00894957 -0.596401
0.00897955 -0.594894
0.00900953 -0.593375
0.00903951 -0.591846
0.00906949 -0.590306
0.00909947 -0.588754
0.00912945 -0.587192
0.00915943 -0.585619
0.00918941 -0.584035
0.00921939 -0.58244
0.00924937 -0.580834
0.00927935 -0.579218
0.00930933 -0.577591
0.0093393 -0.575953
0.00936928 -0.574305
0.00939926 -0.572646
0.00942924 -0.570976
0.00945922 -0.569296
0.0094892 -0.567605
0.00951918 -0.565904
0.00954916 -0.564192
0.00957914 -0.56247
0.00960912 -0.560738
0.0096391 -0.558995
0.00966908 -0.557242
0.00969906 -0.555479
0.00972903 -0.553706
0.00975901 -0.551922
0.00978899 -0.550129
0.00981897 -0.548325
0.00984895 -0.546511
0.00987893 -0.544688
0.00990891 -0.542854
0.00993889 -0.541011
0.00996887 -0.539157
0.00999885 -0.537294
0.0100288 -0.535421
0.0100588 -0.533539
0.0100888 -0.531646
0.0101188 -0.529744
0.0101487 -0.527833
0.0101787 -0.525912
0.0102087 -0.523981
0.0102387 -0.522041
0.0102687 -0.520092
0.0102986 -0.518133
0.0103286 -0.516165
0.0103586 -0.514187
0.0103886 -0.512201
0.0104186 -0.510205
0.0104485 -0.5082
0.0104785 -0.506186
0.0105085 -0.504163
0.0105385 -0.502131
0.0105685 -0.50009
0.0105984 -0.49804
0.0106284 -0.495981
0.0106584 -0.493914
0.0106884 -0.491837
0.0107183 -0.489752
0.0107483 -0.487659
0.0107783 -0.485557
0.0108083 -0.483446
0.0108383 -0.481327
0.0108682 -0.479199
0.0108982 -0.477063
0.0109282 -0.474919
0.0109582 -0.472766
0.0109882 -0.470605
0.0110181 -0.468436
0.0110481 -0.466259
0.0110781 -0.464074
0.0111081 -0.46188
0.0111381 -0.459679
0.011168 -0.45747
0.011198 -0.455253
0.011228 -0.453028
0.011258 -0.450795
0.011288 -0.448555
0.0113179 -0.446307
0.0113479 -0.444052
0.0113779 -0.441788
0.0114079 -0.439518
0.0114379 -0.43724
0.0114678 -0.434955
0.0114978 -0.432662
0.0115278 -0.430362
0.0115578 -0.428055
0.0115877 -0.425741
0.0116177 -0.423419
0.0116477 -0.421091
0.0116777 -0.418755
0.0117077 -0.416413
0.0117376 -0.414064
0.0117676 -0.411708
0.0117976 -0.409345
0.0118276 -0.406976
0.0118576 -0.4046
0.0118875 -0.402217
0.0119175 -0.399828
0.0119475 -0.397432
0.0119775 -0.39503
0.0120075 -0.392622
0.0120374 -0.390207
0.0120674 -0.387786
0.0120974 -0.385359
0.0121274 -0.382926
0.0121574 -0.380487
0.0121873 -0.378042
0.0122173 -0.375591
0.0122473 -0.373134
0.0122773 -0.370671
0.0123072 -0.368203
0.0123372 -0.365729
0.0123672 -0.363249
0.0123972 -0.360764
0.0124272 -0.358273
0.0124571 -0.355776
0.0124871 -0.353275
0.0125171 -0.350768
0.0125471 -0.348256
0.0125771 -0.345738
0.012607 -0.343216
0.012637 -0.340688
0.012667 -0.338155
0.012697 -0.335618
0.012727 -0.333075
0.0127569 -0.330528
0.0127869 -0.327976
0.0128169 -0.325419
0.0128469 -0.322858
0.0128769 -0.320292
0.0129068 -0.317721
0.0129368 -0.315147
0.0129668 -0.312567
0.0129968 -0.309984
0.0130268 -0.307396
0.0130567 -0.304804
0.0130867 -0.302208
0.0131167 -0.299607
0.0131467 -0.297003
0.0131766 -0.294395
0.0132066 -0.291783
0.0132366 -0.289167
0.0132666 -0.286547
0.0132966 -0.283924
0.0133265 -0.281297
0.0133565 -0.278667
0.0133865 -0.276033
0.0134165 -0.273396
0.0134465 -0.270755
0.0134764 -0.268111
0.0135064 -0.265464
0.0135364 -0.262813
0.0135664 -0.26016
0.0135964 -0.257503
0.0136263 -0.254844
0.0136563 -0.252181
0.0136863 -0.249516
0.0137163 -0.246848
0.0137463 -0.244178
0.0137762 -0.241504
0.0138062 -0.238828
0.0138362 -0.23615
0.0138662 -0.233469
0.0138961 -0.230786
0.0139261 -0.2281
0.0139561 -0.225412
0.0139861 -0.222722
0.0140161 -0.22003
0.014046 -0.217336
0.014076 -0.21464
0.014106 -0.211942
0.014136 -0.209242
0.014166 -0.20654
0.0141959 -0.203837
0.0142259 -0.201132
0.0142559 -0.198425
0.0142859 -0.195717
0.0143159 -0.193008
0.0143458 -0.190297
0.0143758 -0.187584
0.0144058 -0.184871
0.0144358 -0.182156
0.0144658 -0.17944
0.0144957 -0.176723
0.0145257 -0.174005
0.0145557 -0.171286
0.0145857 -0.168566
0.0146157 -0.165846
0.0146456 -0.163125
0.0146756 -0.160403
0.0147056 -0.15768
0.0147356 -0.154957
0.0147655 -0.152234
0.0147955 -0.14951
0.0148255 -0.146786
0.0148555 -0.144061
0.0148855 -0.141337
0.0149154 -0.138612
0.0149454 -0.135887
0.0149754 -0.133162
0.0150054 -0.130437
0.0150354 -0.127713
0.0150653 -0.124988
0.0150953 -0.122264
0.0151253 -0.11954
0.0151553 -0.116817
0.0151853 -0.114094
0.0152152 -0.111371
0.0152452 -0.10865
0.0152752 -0.105928
0.0153052 -0.103208
0.0153352 -0.100488
0.0153651 -0.0977696
0.0153951 -0.0950518
0.0154251 -0.092335
0.0154551 -0.0896192
0.015485 -0.0869046
0.015515 -0.0841911
0.015545 -0.0814789
0.015575 -0.0787681
0.015605 -0.0760586
0.0156349 -0.0733506
0.0156649 -0.0706441
0.0156949 -0.0679393
0.0157249 -0.065236
0.0157549 -0.0625345
0.0157848 -0.0598348
0.0158148 -0.0571369
0.0158448 -0.0544409
0.0158748 -0.051747
0.0159048 -0.049055
0.0159347 -0.0463652
0.0159647 -0.0436776
0.0159947 -0.0409922
0.0160247 -0.0383091
0.0160547 -0.0356284
0.0160846 -0.0329501
0.0161146 -0.0302744
0.0161446 -0.0276012
0.0161746 -0.0249306
0.0162046 -0.0222627
0.0162345 -0.0195976
0.0162645 -0.0169353
0.0162945 -0.0142759
0.0163245 -0.0116195
0.0163544 -0.00896606
0.0163844 -0.00631572
0.0164144 -0.00366852
0.0164444 -0.00102454
0.0164744 0.00161617
0.0165043 0.00425354
0.0165343 0.0068875
0.0165643 0.00951801
0.0165943 0.012145
0.0166243 0.0147684
0.0166542 0.0173881
0.0166842 0.0200041
0.0167142 0.0226163
0.0167442 0.0252247
0.0167742 0.0278292
0.0168041 0.0304296
0.0168341 0.0330261
0.0168641 0.0356185
0.0168941 0.0382067
0.0169241 0.0407907
0.016954 0.0433704
0.016984 0.0459457
0.017014 0.0485167
0.017044 0.0510832
0.0170739 0.0536451
0.0171039 0.0562025
0.0171339 0.0587552
0.0171639 0.0613031
0.0171939 0.0638463
0.0172238 0.0663847
0.0172538 0.0689182
0.0172838 0.0714467
0.0173138 0.0739702
0.0173438 0.0764886
0.0173737 0.0790018
0.0174037 0.0815099
0.0174337 0.0840126
0.0174637 0.0865101
0.0174937 0.0890022
0.0175236 0.0914888
0.0175536 0.0939699
0.0175836 0.0964455
0.0176136 0.0989154
0.0176436 0.10138
0.0176735 0.103838
0.0177035 0.106291
0.0177335 0.108738
0.0177635 0.111179
0.0177935 0.113614
0.0178234 0.116043
0.0178534 0.118465
0.0178834 0.120882
0.0179134 0.123293
0.0179433 0.125697
0.0179733 0.128095
0.0180033 0.130486
0.0180333 0.132871
0.0180633 0.13525
0.0180932 0.137622
0.0181232 0.139987
0.0181532 0.142346
0.0181832 0.144698
0.0182132 0.147043
0.0182431 0.149381
0.0182731 0.151713
0.0183031 0.154037
0.0183331 0.156355
0.0183631 0.158665
0.018393 0.160968
0.018423 0.163264
0.018453 0.165553
0.018483 0.167835
0.018513 0.170109
0.0185429 0.172376
0.0185729 0.174636
0.0186029 0.176887
0.0186329 0.179132
0.0186628 0.181369
0.0186928 0.183598
0.0187228 0.185819
0.0187528 0.188033
0.0187828 0.190238
0.0188127 0.192436
0.0188427 0.194626
0.0188727 0.196808
0.0189027 0.198982
0.0189327 0.201148
0.0189626 0.203306
0.0189926 0.205455
0.0190226 0.207597
0.0190526 0.20973
0.0190826 0.211854
0.0191125 0.213971
0.0191425 0.216079
0.0191725 0.218178
0.0192025 0.220269
0.0192325 0.222351
0.0192624 0.224424
0.0192924 0.226489
0.0193224 0.228545
0.0193524 0.230593
0.0193824 0.232631
0.0194123 0.234661
0.0194423 0.236681
0.0194723 0.238693
0.0195023 0.240695
0.0195322 0.242689
0.0195622 0.244673
0.0195922 0.246649
0.0196222 0.248614
0.0196522 0.250571
0.0196821 0.252519
0.0197121 0.254456
0.0197421 0.256385
0.0197721 0.258304
0.0198021 0.260214
0.019832 0.262114
0.019862 0.264004
0.019892 0.265885
0.019922 0.267756
0.019952 0.269617
0.0199819 0.271469
0.0200119 0.273311
0.0200419 0.275143
0.0200719 0.276965
0.0201019 0.278777
0.0201318 0.280579
0.0201618 0.282371
0.0201918 0.284153
0.0202218 0.285924
0.0202518 0.287686
0.0202817 0.289437
0.0203117 0.291178
0.0203417 0.292909
0.0203717 0.29463
0.0204016 0.29634
0.0204316 0.29804
0.0204616 0.299729
0.0204916 0.301408
0.0205216 0.303076
0.0205515 0.304733
0.0205815 0.30638
0.0206115 0.308017
0.0206415 0.309642
0.0206715 0.311257
0.0207014 0.312861
0.0207314 0.314455
0.0207614 0.316037
0.0207914 0.317609
0.0208214 0.319169
0.0208513 0.320719
0.0208813 0.322258
0.0209113 0.323785
0.0209413 0.325302
0.0209713 0.326807
0.0210012 0.328301
0.0210312 0.329785
0.0210612 0.331256
0.0210912 0.332717
0.0211211 0.334166
0.0211511 0.335604
0.0211811 0.337031
0.0212111 0.338446
0.0212411 0.33985
0.021271 0.341243
0.021301 0.342623
0.021331 0.343993
0.021361 0.345351
0.021391 0.346697
0.0214209 0.348031
0.0214509 0.349354
0.0214809 0.350666
0.0215109 0.351965
0.0215409 0.353253
0.0215708 0.354529
0.0216008 0.355793
0.0216308 0.357046
0.0216608 0.358286
0.0216908 0.359515
0.0217207 0.360731
0.0217507 0.361936
0.0217807 0.363129
0.0218107 0.36431
0.0218407 0.365478
0.0218706 0.366635
0.0219006 0.36778
0.0219306 0.368912
0.0219606 0.370032
0.0219905 0.37114
0.0220205 0.372236
0.0220505 0.37332
0.0220805 0.374391
0.0221105 0.375451
0.0221404 0.376497
0.0221704 0.377532
0.0222004 0.378554
0.0222304 0.379564
0.0222604 0.380561
0.0222903 0.381546
0.0223203 0.382519
0.0223503 0.383479
0.0223803 0.384427
0.0224103 0.385362
0.0224402 0.386284
0.0224702 0.387194
0.0225002 0.388092
0.0225302 0.388977
0.0225602 0.389849
0.0225901 0.390708
0.0226201 0.391555
0.0226501 0.39239
0.0226801 0.393211
0.02271 0.39402
0.02274 0.394816
0.02277 0.395599
0.0228 0.39637
0.02283 0.397128
0.0228599 0.397873
0.0228899 0.398605
0.0229199 0.399325
0.0229499 0.400031
0.0229799 0.400725
0.0230098 0.401405
0.0230398 0.402073
0.0230698 0.402728
0.0230998 0.40337
0.0231298 0.403999
0.0231597 0.404616
0.0231897 0.405219
0.0232197 0.405809
0.0232497 0.406386
0.0232797 0.40695
0.0233096 0.407502
0.0233396 0.40804
0.0233696 0.408565
0.0233996 0.409077
0.0234296 0.409576
0.0234595 0.410062
0.0234895 0.410535
0.0235195 0.410994
0.0235495 0.411441
0.0235794 0.411875
0.0236094 0.412295
0.0236394 0.412702
0.0236694 0.413096
0.0236994 0.413477
0.0237293 0.413845
0.0237593 0.4142
0.0237893 0.414541
0.0238193 0.41487
0.0238493 0.415185
0.0238792 0.415487
0.0239092 0.415776
0.0239392 0.416051
0.0239692 0.416314
0.0239992 0.416563
0.0240291 0.416799
0.0240591 0.417022
0.0240891 0.417231
0.0241191 0.417428
0.0241491 0.417611
0.024179 0.417781
0.024209 0.417938
0.024239 0.418081
0.024269 0.418211
0.0242989 0.418328
0.0243289 0.418432
0.0243589 0.418523
0.0243889 0.4186
0.0244189 0.418664
0.0244488 0.418715
0.0244788 0.418753
0.0245088 0.418778
0.0245388 0.418789
0.0245688 0.418787
0.0245987 0.418772
0.0246287 0.418743
0.0246587 0.418702
0.0246887 0.418647
0.0247187 0.418579
0.0247486 0.418498
0.0247786 0.418404
0.0248086 0.418296
0.0248386 0.418176
0.0248686 0.418042
0.0248985 0.417895
0.0249285 0.417735
0.0249585 0.417561
0.0249885 0.417375
0.0250185 0.417175
0.0250484 0.416963
0.0250784 0.416737
0.0251084 0.416498
0.0251384 0.416246
0.0251683 0.415981
0.0251983 0.415703
0.0252283 0.415411
0.0252583 0.415107
0.0252883 0.41479
0.0253182 0.414459
0.0253482 0.414116
0.0253782 0.41376
0.0254082 0.41339
0.0254382 0.413008
0.0254681 0.412613
0.0254981 0.412205
0.0255281 0.411783
0.0255581 0.411349
0.0255881 0.410902
0.025618 0.410442
0.025648 0.40997
0.025678 0.409484
0.025708 0.408986
0.025738 0.408474
0.0257679 0.40795
0.0257979 0.407413
0.0258279 0.406864
0.0258579 0.406301
0.0258878 0.405726
0.0259178 0.405138
0.0259478 0.404538
0.0259778 0.403924
0.0260078 0.403298
0.0260377 0.40266
0.0260677 0.402009
0.0260977 0.401345
0.0261277 0.400669
0.0261577 0.39998
0.0261876 0.399278
0.0262176 0.398564
0.0262476 0.397838
0.0262776 0.397099
0.0263076 0.396348
0.0263375 0.395584
0.0263675 0.394808
0.0263975 0.39402
0.0264275 0.393219
0.0264575 0.392406
0.0264874 0.39158
0.0265174 0.390743
0.0265474 0.389893
0.0265774 0.389031
0.0266074 0.388157
0.0266373 0.38727
0.0266673 0.386372
0.0266973 0.385461
0.0267273 0.384538
0.0267572 0.383604
0.0267872 0.382657
0.0268172 0.381698
0.0268472 0.380728
0.0268772 0.379745
0.0269071 0.378751
0.0269371 0.377745
0.0269671 0.376726
0.0269971 0.375697
0.0270271 0.374655
0.027057 0.373602
0.027087 0.372537
0.027117 0.37146
0.027147 0.370372
0.027177 0.369272
0.0272069 0.36816
0.0272369 0.367037
0.0272669 0.365903
0.0272969 0.364757
0.0273269 0.3636
0.0273568 0.362431
0.0273868 0.361251
0.0274168 0.36006
0.0274468 0.358857
0.0274767 0.357644
0.0275067 0.356419
0.0275367 0.355183
0.0275667 0.353935
0.0275967 0.352677
0.0276266 0.351408
0.0276566 0.350127
0.0276866 0.348836
0.0277166 0.347534
0.0277466 0.346221
0.0277765 0.344897
0.0278065 0.343563
0.0278365 0.342217
0.0278665 0.340861
0.0278965 0.339494
0.0279264 0.338117
0.0279564 0.336729
0.0279864 0.335331
0.0280164 0.333922
0.0280464 0.332502
0.0280763 0.331073
0.0281063 0.329633
0.0281363 0.328182
0.0281663 0.326721
0.0281963 0.325251
0.0282262 0.32377
0.0282562 0.322278
0.0282862 0.320777
0.0283162 0.319266
0.0283461 0.317745
0.0283761 0.316213
0.0284061 0.314672
0.0284361 0.313121
0.0284661 0.311561
0.028496 0.30999
0.028526 0.30841
0.028556 0.30682
0.028586 0.305221
0.028616 0.303612
0.0286459 0.301994
0.0286759 0.300366
0.0287059 0.298729
0.0287359 0.297082
0.0287659 0.295426
0.0287958 0.293761
0.0288258 0.292087
0.0288558 0.290404
0.0288858 0.288711
0.0289158 0.28701
0.0289457 0.2853
0.0289757 0.28358
0.0290057 0.281852
0.0290357 0.280115
0.0290656 0.27837
0.0290956 0.276615
0.0291256 0.274852
0.0291556 0.273081
0.0291856 0.2713
0.0292155 0.269512
0.0292455 0.267715
0.0292755 0.265909
0.0293055 0.264096
0.0293355 0.262274
0.0293654 0.260444
0.0293954 0.258606
0.0294254 0.256759
0.0294554 0.254905
0.0294854 0.253043
0.0295153 0.251173
0.0295453 0.249295
0.0295753 0.247409
0.0296053 0.245515
0.0296353 0.243614
0.0296652 0.241706
0.0296952 0.239789
0.0297252 0.237866
0.0297552 0.235935
0.0297852 0.233996
0.0298151 0.232051
0.0298451 0.230098
0.0298751 0.228137
0.0299051 0.22617
0.029935 0.224196
0.029965 0.222215
0.029995 0.220227
0.030025 0.218232
0.030055 0.21623
0.0300849 0.214221
0.0301149 0.212206
0.0301449 0.210184
0.0301749 0.208156
0.0302049 0.206121
0.0302348 0.20408
0.0302648 0.202033
0.0302948 0.199979
0.0303248 0.197919
0.0303548 0.195853
0.0303847 0.193781
0.0304147 0.191703
0.0304447 0.189619
0.0304747 0.187529
0.0305047 0.185433
0.0305346 0.183331
0.0305646 0.181224
0.0305946 0.179111
0.0306246 0.176993
0.0306545 0.174869
0.0306845 0.17274
0.0307145 0.170605
0.0307445 0.168466
0.0307745 0.166321
0.0308044 0.164171
0.0308344 0.162015
0.0308644 0.159855
0.0308944 0.15769
0.0309244 0.15552
0.0309543 0.153345
0.0309843 0.151166
0.0310143 0.148982
0.0310443 0.146793
0.0310743 0.1446
0.0311042 0.142402
0.0311342 0.140201
0.0311642 0.137994
0.0311942 0.135784
0.0312242 0.133569
0.0312541 0.131351
0.0312841 0.129128
0.0313141 0.126901
0.0313441 0.124671
0.0313741 0.122437
0.031404 0.120199
0.031434 0.117957
0.031464 0.115712
0.031494 0.113463
0.0315239 0.111211
0.0315539 0.108955
0.0315839 0.106697
0.0316139 0.104435
0.0316439 0.10217
0.0316738 0.0999014
0.0317038 0.0976302
0.0317338 0.0953561
0.0317638 0.0930792
0.0317938 0.0907995
0.0318237 0.088517
0.0318537 0.086232
0.0318837 0.0839444
0.0319137 0.0816544
0.0319437 0.0793619
0.0319736 0.0770671
0.0320036 0.0747701
0.0320336 0.0724708
0.0320636 0.0701695
0.0320936 0.0678661
0.0321235 0.0655608
0.0321535 0.0632536
0.0321835 0.0609446
0.0322135 0.0586338
0.0322434 0.0563214
0.0322734 0.0540074
0.0323034 0.0516919
0.0323334 0.049375
0.0323634 0.0470567
0.0323933 0.0447371
0.0324233 0.0424163
0.0324533 0.0400944
0.0324833 0.0377714
0.0325133 0.0354475
0.0325432 0.0331226
0.0325732 0.0307969
0.0326032 0.0284705
0.0326332 0.0261433
0.0326632 0.0238156
0.0326931 0.0214873
0.0327231 0.0191586
0.0327531 0.0168294
0.0327831 0.0145
0.0328131 0.0121704
0.032843 0.00984058
0.032873 0.00751071
0.032903 0.00518083
0.032933 0.00285102
0.032963 0.000521364
0.0329929 -0.00180807
0.0330229 -0.0041372
0.0330529 -0.00646596
0.0330829 -0.00879426
0.0331128 -0.011122
0.0331428 -0.0134492
0.0331728 -0.0157757
0.0332028 -0.0181015
0.0332328 -0.0204264
0.0332627 -0.0227504
0.0332927 -0.0250734
0.0333227 -0.0273954
0.0333527 -0.0297162
0.0333827 -0.0320359
0.0334126 -0.0343543
0.0334426 -0.0366713
0.0334726 -0.0389868
0.0335026 -0.0413009
0.0335326 -0.0436134
0.0335625 -0.0459242
0.0335925 -0.0482333
0.0336225 -0.0505406
0.0336525 -0.052846
0.0336825 -0.0551495
0.0337124 -0.0574509
0.0337424 -0.0597502
0.0337724 -0.0620474
0.0338024 -0.0643422
0.0338323 -0.0666348
0.0338623 -0.0689249
0.0338923 -0.0712126
0.0339223 -0.0734977
0.0339523 -0.0757802
0.0339822 -0.07806
0.0340122 -0.0803371
0.0340422 -0.0826112
0.0340722 -0.0848825
0.0341022 -0.0871508
0.0341321 -0.0894159
0.0341621 -0.091678
0.0341921 -0.0939368
0.0342221 -0.0961924
0.0342521 -0.0984446
0.034282 -0.100693
0.034312 -0.102939
0.034342 -0.10518
0.034372 -0.107418
0.034402 -0.109653
0.0344319 -0.111883
0.0344619 -0.11411
0.0344919 -0.116332
0.0345219 -0.118551
0.0345519 -0.120766
0.0345818 -0.122976
0.0346118 -0.125182
0.0346418 -0.127384
0.0346718 -0.129582
0.0347017 -0.131775
0.0347317 -0.133963
0.0347617 -0.136147
0.0347917 -0.138327
0.0348217 -0.140501
0.0348516 -0.142671
0.0348816 -0.144836
0.0349116 -0.146996
0.0349416 -0.149151
0.0349716 -0.151301
0.0350015 -0.153446
0.0350315 -0.155586
0.0350615 -0.15772
0.0350915 -0.159849
0.0351215 -0.161973
0.0351514 -0.164091
0.0351814 -0.166203
0.0352114 -0.16831
0.0352414 -0.170411
0.0352714 -0.172507
0.0353013 -0.174596
0.0353313 -0.17668
0.0353613 -0.178758
0.0353913 -0.18083
0.0354212 -0.182896
0.0354512 -0.184955
0.0354812 -0.187008
0.0355112 -0.189055
0.0355412 -0.191096
0.0355711 -0.19313
0.0356011 -0.195158
0.0356311 -0.197179
0.0356611 -0.199194
0.0356911 -0.201202
0.035721 -0.203203
0.035751 -0.205198
0.035781 -0.207185
0.035811 -0.209166
0.035841 -0.211139
0.0358709 -0.213106
0.0359009 -0.215065
0.0359309 -0.217018
0.0359609 -0.218963
0.0359909 -0.2209
0.0360208 -0.222831
0.0360508 -0.224754
0.0360808 -0.226669
0.0361108 -0.228577
0.0361408 -0.230477
0.0361707 -0.23237
0.0362007 -0.234255
0.0362307 -0.236132
0.0362607 -0.238001
0.0362906 -0.239863
0.0363206 -0.241716
0.0363506 -0.243561
0.0363806 -0.245399
0.0364106 -0.247228
0.0364405 -0.249049
0.0364705 -0.250862
0.0365005 -0.252666
0.0365305 -0.254462
0.0365605 -0.25625
0.0365904 -0.258029
0.0366204 -0.259799
0.0366504 -0.261561
0.0366804 -0.263315
0.0367104 -0.265059
0.0367403 -0.266795
0.0367703 -0.268522
0.0368003 -0.270241
0.0368303 -0.27195
0.0368603 -0.27365
0.0368902 -0.275342
0.0369202 -0.277024
0.0369502 -0.278697
0.0369802 -0.280361
0.0370101 -0.282016
0.0370401 -0.283662
0.0370701 -0.285298
0.0371001 -0.286925
0.0371301 -0.288542
0.03716 -0.29015
0.03719 -0.291748
0.03722 -0.293337
0.03725 -0.294916
0.03728 -0.296486
0.0373099 -0.298046
0.0373399 -0.299596
0.0373699 -0.301136
0.0373999 -0.302666
0.0374299 -0.304187
0.0374598 -0.305697
0.0374898 -0.307198
0.0375198 -0.308688
0.0375498 -0.310168
0.0375798 -0.311639
0.0376097 -0.313099
0.0376397 -0.314549
0.0376697 -0.315988
0.0376997 -0.317417
0.0377297 -0.318836
0.0377596 -0.320245
0.0377896 -0.321643
0.0378196 -0.323031
0.0378496 -0.324408
0.0378795 -0.325774
0.0379095 -0.32713
0.0379395 -0.328476
0.0379695 -0.32981
0.0379995 -0.331134
0.0380294 -0.332447
0.0380594 -0.33375
0.0380894 -0.335041
0.0381194 -0.336322
0.0381494 -0.337592
0.0381793 -0.33885
0.0382093 -0.340098
0.0382393 -0.341335
0.0382693 -0.342561
0.0382993 -0.343776
0.0383292 -0.344979
0.0383592 -0.346172
0.0383892 -0.347353
0.0384192 -0.348523
0.0384492 -0.349682
0.0384791 -0.350829
0.0385091 -0.351965
0.0385391 -0.35309
0.0385691 -0.354204
0.038599 -0.355306
0.038629 -0.356396
0.038659 -0.357475
0.038689 -0.358543
0.038719 -0.359599
0.0387489 -0.360643
0.0387789 -0.361676
0.0388089 -0.362698
0.0388389 -0.363707
0.0388689 -0.364705
0.0388988 -0.365691
0.0389288 -0.366666
0.0389588 -0.367629
0.0389888 -0.36858
0.0390188 -0.369519
0.0390487 -0.370446
0.0390787 -0.371362
0.0391087 -0.372265
0.0391387 -0.373157
0.0391687 -0.374037
0.0391986 -0.374904
0.0392286 -0.37576
0.0392586 -0.376604
0.0392886 -0.377436
0.0393186 -0.378256
0.0393485 -0.379063
0.0393785 -0.379859
0.0394085 -0.380643
0.0394385 -0.381414
0.0394684 -0.382173
0.0394984 -0.38292
0.0395284 -0.383655
0.0395584 -0.384378
0.0395884 -0.385089
0.0396183 -0.385787
0.0396483 -0.386473
0.0396783 -0.387147
0.0397083 -0.387809
0.0397383 -0.388458
0.0397682 -0.389095
0.0397982 -0.38972
0.0398282 -0.390332
0.0398582 -0.390932
0.0398882 -0.39152
0.0399181 -0.392095
0.0399481 -0.392658
0.0399781 -0.393208
0.0400081 -0.393746
0.0400381 -0.394272
0.040068 -0.394785
0.040098 -0.395286
0.040128 -0.395775
0.040158 -0.396251
0.0401879 -0.396714
0.0402179 -0.397165
0.0402479 -0.397604
0.0402779 -0.39803
0.0403079 -0.398443
0.0403378 -0.398844
0.0403678 -0.399233
0.0403978 -0.399609
0.0404278 -0.399972
0.0404578 -0.400323
0.0404877 -0.400662
0.0405177 -0.400988
0.0405477 -0.401301
0.0405777 -0.401602
0.0406077 -0.40189
0.0406376 -0.402166
0.0406676 -0.402429
0.0406976 -0.40268
0.0407276 -0.402918
0.0407576 -0.403144
0.0407875 -0.403357
0.0408175 -0.403557
0.0408475 -0.403745
0.0408775 -0.403921
0.0409075 -0.404084
0.0409374 -0.404234
0.0409674 -0.404372
0.0409974 -0.404497
0.0410274 -0.40461
0.0410573 -0.40471
0.0410873 -0.404798
0.0411173 -0.404873
0.0411473 -0.404936
0.0411773 -0.404986
0.0412072 -0.405023
0.0412372 -0.405049
0.0412672 -0.405061
0.0412972 -0.405061
0.0413272 -0.405049
0.0413571 -0.405024
0.0413871 -0.404987
0.0414171 -0.404937
0.0414471 -0.404875
0.0414771 -0.404801
0.041507 -0.404714
0.041537 -0.404614
0.041567 -0.404502
0.041597 -0.404378
0.041627 -0.404242
0.0416569 -0.404093
0.0416869 -0.403931
0.0417169 -0.403758
0.0417469 -0.403572
0.0417768 -0.403373
0.0418068 -0.403163
0.0418368 -0.40294
0.0418668 -0.402704
0.0418968 -0.402457
0.0419267 -0.402197
0.0419567 -0.401925
0.0419867 -0.401641
0.0420167 -0.401345
0.0420467 -0.401036
0.0420766 -0.400715
0.0421066 -0.400383
0.0421366 -0.400038
0.0421666 -0.39968
0.0421966 -0.399311
0.0422265 -0.39893
0.0422565 -0.398537
0.0422865 -0.398131
0.0423165 -0.397714
0.0423465 -0.397284
0.0423764 -0.396843
0.0424064 -0.39639
0.0424364 -0.395925
0.0424664 -0.395447
0.0424964 -0.394958
0.0425263 -0.394457
0.0425563 -0.393945
0.0425863 -0.39342
0.0426163 -0.392884
0.0426462 -0.392336
0.0426762 -0.391776
0.0427062 -0.391204
0.0427362 -0.390621
0.0427662 -0.390026
0.0427961 -0.389419
0.0428261 -0.388801
0.0428561 -0.388171
0.0428861 -0.38753
0.0429161 -0.386877
0.042946 -0.386212
0.042976 -0.385536
0.043006 -0.384849
0.043036 -0.38415
0.043066 -0.38344
0.0430959 -0.382718
0.0431259 -0.381985
0.0431559 -0.381241
0.0431859 -0.380486
0.0432159 -0.379719
0.0432458 -0.378941
0.0432758 -0.378152
0.0433058 -0.377351
0.0433358 -0.37654
0.0433657 -0.375717
0.0433957 -0.374884
0.0434257 -0.374039
0.0434557 -0.373183
0.0434857 -0.372317
0.0435156 -0.371439
0.0435456 -0.370551
0.0435756 -0.369652
0.0436056 -0.368742
0.0436356 -0.367821
0.0436655 -0.366889
0.0436955 -0.365947
0.0437255 -0.364994
0.0437555 -0.36403
0.0437855 -0.363056
0.0438154 -0.362071
0.0438454 -0.361076
0.0438754 -0.36007
0.0439054 -0.359053
0.0439354 -0.358027
0.0439653 -0.356989
0.0439953 -0.355942
0.0440253 -0.354884
0.0440553 -0.353816
0.0440853 -0.352738
0.0441152 -0.351649
0.0441452 -0.35055
0.0441752 -0.349442
0.0442052 -0.348323
0.0442351 -0.347194
0.0442651 -0.346055
0.0442951 -0.344906
0.0443251 -0.343748
0.0443551 -0.342579
0.044385 -0.3414
0.044415 -0.340212
0.044445 -0.339014
0.044475 -0.337807
0.044505 -0.336589
0.0445349 -0.335362
0.0445649 -0.334126
0.0445949 -0.33288
0.0446249 -0.331624
0.0446549 -0.33036
0.0446848 -0.329085
0.0447148 -0.327802
0.0447448 -0.326509
0.0447748 -0.325206
0.0448048 -0.323895
0.0448347 -0.322574
0.0448647 -0.321244
0.0448947 -0.319906
0.0449247 -0.318558
0.0449546 -0.317201
0.0449846 -0.315835
