-0.035 0
-0.03497 -1.70425e-09
-0.03494 -3.60114e-09
-0.0349101 -5.71304e-09
-0.0348801 -8.08454e-09
-0.0348501 -1.07553e-08
-0.0348201 -1.37495e-08
-0.0347901 -1.70822e-08
-0.0347602 -2.07661e-08
-0.0347302 -2.48185e-08
-0.0347002 -2.9265e-08
-0.0346702 -3.41378e-08
-0.0346402 -3.94709e-08
-0.0346103 -4.52948e-08
-0.0345803 -5.16335e-08
-0.0345503 -5.85046e-08
-0.0345203 -6.59224e-08
-0.0344904 -7.39e-08
-0.0344604 -8.2452e-08
-0.0344304 -9.15938e-08
-0.0344004 -1.0134e-07
-0.0343704 -1.11702e-07
-0.0343405 -1.22687e-07
-0.0343105 -1.34297e-07
-0.0342805 -1.4653e-07
-0.0342505 -1.5938e-07
-0.0342205 -1.72839e-07
-0.0341906 -1.86894e-07
-0.0341606 -2.01532e-07
-0.0341306 -2.16735e-07
-0.0341006 -2.3248e-07
-0.0340706 -2.48744e-07
-0.0340407 -2.65499e-07
-0.0340107 -2.82717e-07
-0.0339807 -3.0037e-07
-0.0339507 -3.18427e-07
-0.0339207 -3.36858e-07
-0.0338908 -3.55634e-07
-0.0338608 -3.74722e-07
-0.0338308 -3.94094e-07
-0.0338008 -4.13721e-07
-0.0337709 -4.33579e-07
-0.0337409 -4.53647e-07
-0.0337109 -4.7391e-07
-0.0336809 -4.94358e-07
-0.0336509 -5.14985e-07
-0.033621 -5.35788e-07
-0.033591 -5.56771e-07
-0.033561 -5.77941e-07
-0.033531 -5.99312e-07
-0.033501 -6.20905e-07
-0.0334711 -6.42747e-07
-0.0334411 -6.64872e-07
-0.0334111 -6.87318e-07
-0.0333811 -7.10125e-07
-0.0333511 -7.3334e-07
-0.0333212 -7.57009e-07
-0.0332912 -7.81185e-07
-0.0332612 -8.0592e-07
-0.0332312 -8.3127e-07
-0.0332012 -8.57286e-07
-0.0331713 -8.84024e-07
-0.0331413 -9.11534e-07
-0.0331113 -9.39863e-07
-0.0330813 -9.69058e-07
-0.0330513 -9.99158e-07
-0.0330214 -1.0302e-06
-0.0329914 -1.06221e-06
-0.0329614 -1.09523e-06
-0.0329314 -1.12926e-06
-0.0329015 -1.16432e-06
-0.0328715 -1.20043e-06
-0.0328415 -1.23758e-06
-0.0328115 -1.27577e-06
-0.0327815 -1.315e-06
-0.0327516 -1.35525e-06
-0.0327216 -1.39651e-06
-0.0326916 -1.43876e-06
-0.0326616 -1.48198e-06
-0.0326316 -1.52615e-06
-0.0326017 -1.57126e-06
-0.0325717 -1.61727e-06
-0.0325417 -1.66416e-06
-0.0325117 -1.71193e-06
-0.0324817 -1.76055e-06
-0.0324518 -1.81002e-06
-0.0324218 -1.86032e-06
-0.0323918 -1.91145e-06
-0.0323618 -1.9634e-06
-0.0323318 -2.01619e-06
-0.0323019 -2.06982e-06
-0.0322719 -2.12432e-06
-0.0322419 -2.17969e-06
-0.0322119 -2.23597e-06
-0.032182 -2.29318e-06
-0.032152 -2.35135e-06
-0.032122 -2.41054e-06
-0.032092 -2.47077e-06
-0.032062 -2.53208e-06
-0.0320321 -2.59454e-06
-0.0320021 -2.65819e-06
-0.0319721 -2.72309e-06
-0.0319421 -2.78928e-06
-0.0319121 -2.85681e-06
-0.0318822 -2.92575e-06
-0.0318522 -2.99614e-06
-0.0318222 -3.06802e-06
-0.0317922 -3.14146e-06
-0.0317622 -3.21648e-06
-0.0317323 -3.29313e-06
-0.0317023 -3.37145e-06
-0.0316723 -3.45147e-06
-0.0316423 -3.53322e-06
-0.0316123 -3.61672e-06
-0.0315824 -3.702e-06
-0.0315524 -3.78909e-06
-0.0315224 -3.87799e-06
-0.0314924 -3.96873e-06
-0.0314624 -4.06132e-06
-0.0314325 -4.15578e-06
-0.0314025 -4.25212e-06
-0.0313725 -4.35036e-06
-0.0313425 -4.45052e-06
-0.0313126 -4.55261e-06
-0.0312826 -4.65665e-06
-0.0312526 -4.76266e-06
-0.0312226 -4.87067e-06
-0.0311926 -4.98069e-06
-0.0311627 -5.09276e-06
-0.0311327 -5.2069e-06
-0.0311027 -5.32316e-06
-0.0310727 -5.44156e-06
-0.0310427 -5.56215e-06
-0.0310128 -5.68497e-06
-0.0309828 -5.81008e-06
-0.0309528 -5.93751e-06
-0.0309228 -6.06734e-06
-0.0308928 -6.1996e-06
-0.0308629 -6.33436e-06
-0.0308329 -6.47168e-06
-0.0308029 -6.61161e-06
-0.0307729 -6.75423e-06
-0.0307429 -6.89959e-06
-0.030713 -7.04776e-06
-0.030683 -7.19879e-06
-0.030653 -7.35276e-06
-0.030623 -7.50972e-06
-0.0305931 -7.66972e-06
-0.0305631 -7.83284e-06
-0.0305331 -7.99912e-06
-0.0305031 -8.16861e-06
-0.0304731 -8.34138e-06
-0.0304432 -8.51748e-06
-0.0304132 -8.69694e-06
-0.0303832 -8.87983e-06
-0.0303532 -9.06618e-06
-0.0303232 -9.25606e-06
-0.0302933 -9.4495e-06
-0.0302633 -9.64657e-06
-0.0302333 -9.84732e-06
-0.0302033 -1.00518e-05
-0.0301733 -1.02601e-05
-0.0301434 -1.04722e-05
-0.0301134 -1.06883e-05
-0.0300834 -1.09083e-05
-0.0300534 -1.11325e-05
-0.0300234 -1.13607e-05
-0.0299935 -1.15932e-05
-0.0299635 -1.183e-05
-0.0299335 -1.20712e-05
-0.0299035 -1.23168e-05
-0.0298735 -1.2567e-05
-0.0298436 -1.28218e-05
-0.0298136 -1.30814e-05
-0.0297836 -1.33457e-05
-0.0297536 -1.3615e-05
-0.0297237 -1.38892e-05
-0.0296937 -1.41686e-05
-0.0296637 -1.44531e-05
-0.0296337 -1.47429e-05
-0.0296037 -1.5038e-05
-0.0295738 -1.53387e-05
-0.0295438 -1.56448e-05
-0.0295138 -1.59566e-05
-0.0294838 -1.62742e-05
-0.0294538 -1.65975e-05
-0.0294239 -1.69269e-05
-0.0293939 -1.72622e-05
-0.0293639 -1.76038e-05
-0.0293339 -1.79515e-05
-0.0293039 -1.83056e-05
-0.029274 -1.86662e-05
-0.029244 -1.90333e-05
-0.029214 -1.94071e-05
-0.029184 -1.97877e-05
-0.029154 -2.01752e-05
-0.0291241 -2.05697e-05
-0.0290941 -2.09713e-05
-0.0290641 -2.13802e-05
-0.0290341 -2.17965e-05
-0.0290042 -2.22203e-05
-0.0289742 -2.26517e-05
-0.0289442 -2.30909e-05
-0.0289142 -2.3538e-05
-0.0288842 -2.39931e-05
-0.0288543 -2.44563e-05
-0.0288243 -2.49278e-05
-0.0287943 -2.54078e-05
-0.0287643 -2.58963e-05
-0.0287343 -2.63936e-05
-0.0287044 -2.68997e-05
-0.0286744 -2.74149e-05
-0.0286444 -2.79392e-05
-0.0286144 -2.8473e-05
-0.0285844 -2.90162e-05
-0.0285545 -2.95691e-05
-0.0285245 -3.01319e-05
-0.0284945 -3.07047e-05
-0.0284645 -3.12876e-05
-0.0284345 -3.18809e-05
-0.0284046 -3.24847e-05
-0.0283746 -3.30992e-05
-0.0283446 -3.37246e-05
-0.0283146 -3.4361e-05
-0.0282846 -3.50087e-05
-0.0282547 -3.56678e-05
-0.0282247 -3.63385e-05
-0.0281947 -3.7021e-05
-0.0281647 -3.77154e-05
-0.0281348 -3.84221e-05
-0.0281048 -3.91412e-05
-0.0280748 -3.98728e-05
-0.0280448 -4.06173e-05
-0.0280148 -4.13747e-05
-0.0279849 -4.21453e-05
-0.0279549 -4.29293e-05
-0.0279249 -4.37269e-05
-0.0278949 -4.45384e-05
-0.0278649 -4.53639e-05
-0.027835 -4.62037e-05
-0.027805 -4.70581e-05
-0.027775 -4.79272e-05
-0.027745 -4.88114e-05
-0.027715 -4.97108e-05
-0.0276851 -5.06257e-05
-0.0276551 -5.15564e-05
-0.0276251 -5.25032e-05
-0.0275951 -5.34663e-05
-0.0275651 -5.44459e-05
-0.0275352 -5.54423e-05
-0.0275052 -5.64559e-05
-0.0274752 -5.74868e-05
-0.0274452 -5.85353e-05
-0.0274153 -5.96018e-05
-0.0273853 -6.06865e-05
-0.0273553 -6.17898e-05
-0.0273253 -6.29118e-05
-0.0272953 -6.40529e-05
-0.0272654 -6.52134e-05
-0.0272354 -6.63936e-05
-0.0272054 -6.75938e-05
-0.0271754 -6.88144e-05
-0.0271454 -7.00556e-05
-0.0271155 -7.13178e-05
-0.0270855 -7.26013e-05
-0.0270555 -7.39064e-05
-0.0270255 -7.52335e-05
-0.0269955 -7.6583e-05
-0.0269656 -7.79552e-05
-0.0269356 -7.93504e-05
-0.0269056 -8.0769e-05
-0.0268756 -8.22115e-05
-0.0268456 -8.36781e-05
-0.0268157 -8.51692e-05
-0.0267857 -8.66852e-05
-0.0267557 -8.82266e-05
-0.0267257 -8.97937e-05
-0.0266957 -9.13869e-05
-0.0266658 -9.30065e-05
-0.0266358 -9.46531e-05
-0.0266058 -9.63271e-05
-0.0265758 -9.80288e-05
-0.0265459 -9.97586e-05
-0.0265159 -0.000101517
-0.0264859 -0.000103305
-0.0264559 -0.000105121
-0.0264259 -0.000106968
-0.026396 -0.000108846
-0.026366 -0.000110754
-0.026336 -0.000112693
-0.026306 -0.000114664
-0.026276 -0.000116668
-0.0262461 -0.000118704
-0.0262161 -0.000120773
-0.0261861 -0.000122877
-0.0261561 -0.000125014
-0.0261261 -0.000127187
-0.0260962 -0.000129394
-0.0260662 -0.000131638
-0.0260362 -0.000133918
-0.0260062 -0.000136235
-0.0259762 -0.00013859
-0.0259463 -0.000140983
-0.0259163 -0.000143414
-0.0258863 -0.000145885
-0.0258563 -0.000148396
-0.0258264 -0.000150947
-0.0257964 -0.000153539
-0.0257664 -0.000156173
-0.0257364 -0.000158849
-0.0257064 -0.000161568
-0.0256765 -0.000164331
-0.0256465 -0.000167138
-0.0256165 -0.00016999
-0.0255865 -0.000172888
-0.0255565 -0.000175831
-0.0255266 -0.000178822
-0.0254966 -0.00018186
-0.0254666 -0.000184946
-0.0254366 -0.000188082
-0.0254066 -0.000191267
-0.0253767 -0.000194502
-0.0253467 -0.000197789
-0.0253167 -0.000201127
-0.0252867 -0.000204518
-0.0252567 -0.000207963
-0.0252268 -0.000211462
-0.0251968 -0.000215015
-0.0251668 -0.000218624
-0.0251368 -0.00022229
-0.0251068 -0.000226014
-0.0250769 -0.000229795
-0.0250469 -0.000233636
-0.0250169 -0.000237536
-0.0249869 -0.000241498
-0.024957 -0.000245521
-0.024927 -0.000249607
-0.024897 -0.000253756
-0.024867 -0.000257969
-0.024837 -0.000262248
-0.0248071 -0.000266594
-0.0247771 -0.000271006
-0.0247471 -0.000275487
-0.0247171 -0.000280037
-0.0246871 -0.000284657
-0.0246572 -0.000289348
-0.0246272 -0.000294111
-0.0245972 -0.000298948
-0.0245672 -0.000303859
-0.0245372 -0.000308844
-0.0245073 -0.000313906
-0.0244773 -0.000319046
-0.0244473 -0.000324263
-0.0244173 -0.000329561
-0.0243873 -0.000334938
-0.0243574 -0.000340398
-0.0243274 -0.00034594
-0.0242974 -0.000351566
-0.0242674 -0.000357278
-0.0242375 -0.000363076
-0.0242075 -0.000368961
-0.0241775 -0.000374935
-0.0241475 -0.000380999
-0.0241175 -0.000387154
-0.0240876 -0.000393402
-0.0240576 -0.000399743
-0.0240276 -0.00040618
-0.0239976 -0.000412713
-0.0239676 -0.000419343
-0.0239377 -0.000426073
-0.0239077 -0.000432903
-0.0238777 -0.000439835
-0.0238477 -0.00044687
-0.0238177 -0.00045401
-0.0237878 -0.000461255
-0.0237578 -0.000468609
-0.0237278 -0.000476071
-0.0236978 -0.000483643
-0.0236678 -0.000491328
-0.0236379 -0.000499126
-0.0236079 -0.000507038
-0.0235779 -0.000515067
-0.0235479 -0.000523215
-0.0235179 -0.000531481
-0.023488 -0.000539869
-0.023458 -0.00054838
-0.023428 -0.000557015
-0.023398 -0.000565776
-0.0233681 -0.000574665
-0.0233381 -0.000583683
-0.0233081 -0.000592833
-0.0232781 -0.000602115
-0.0232481 -0.000611532
-0.0232182 -0.000621085
-0.0231882 -0.000630777
-0.0231582 -0.000640608
-0.0231282 -0.000650582
-0.0230982 -0.000660699
-0.0230683 -0.000670962
-0.0230383 -0.000681372
-0.0230083 -0.000691932
-0.0229783 -0.000702643
-0.0229483 -0.000713507
-0.0229184 -0.000724527
-0.0228884 -0.000735704
-0.0228584 -0.000747041
-0.0228284 -0.000758539
-0.0227984 -0.000770201
-0.0227685 -0.000782029
-0.0227385 -0.000794024
-0.0227085 -0.00080619
-0.0226785 -0.000818527
-0.0226486 -0.000831039
-0.0226186 -0.000843728
-0.0225886 -0.000856595
-0.0225586 -0.000869643
-0.0225286 -0.000882875
-0.0224987 -0.000896293
-0.0224687 -0.000909899
-0.0224387 -0.000923695
-0.0224087 -0.000937684
-0.0223787 -0.000951869
-0.0223488 -0.000966251
-0.0223188 -0.000980834
-0.0222888 -0.000995619
-0.0222588 -0.00101061
-0.0222288 -0.00102581
-0.0221989 -0.00104122
-0.0221689 -0.00105684
-0.0221389 -0.00107268
-0.0221089 -0.00108874
-0.0220789 -0.00110501
-0.022049 -0.00112152
-0.022019 -0.00113824
-0.021989 -0.0011552
-0.021959 -0.00117239
-0.021929 -0.00118982
-0.0218991 -0.00120748
-0.0218691 -0.00122539
-0.0218391 -0.00124354
-0.0218091 -0.00126193
-0.0217792 -0.00128058
-0.0217492 -0.00129948
-0.0217192 -0.00131863
-0.0216892 -0.00133805
-0.0216592 -0.00135772
-0.0216293 -0.00137766
-0.0215993 -0.00139788
-0.0215693 -0.00141836
-0.0215393 -0.00143912
-0.0215093 -0.00146015
-0.0214794 -0.00148147
-0.0214494 -0.00150308
-0.0214194 -0.00152497
-0.0213894 -0.00154715
-0.0213594 -0.00156963
-0.0213295 -0.00159241
-0.0212995 -0.00161549
-0.0212695 -0.00163888
-0.0212395 -0.00166258
-0.0212095 -0.00168659
-0.0211796 -0.00171092
-0.0211496 -0.00173557
-0.0211196 -0.00176055
-0.0210896 -0.00178585
-0.0210597 -0.00181149
-0.0210297 -0.00183746
-0.0209997 -0.00186377
-0.0209697 -0.00189043
-0.0209397 -0.00191743
-0.0209098 -0.00194479
-0.0208798 -0.0019725
-0.0208498 -0.00200058
-0.0208198 -0.00202902
-0.0207898 -0.00205782
-0.0207599 -0.002087
-0.0207299 -0.00211656
-0.0206999 -0.0021465
-0.0206699 -0.00217683
-0.0206399 -0.00220754
-0.02061 -0.00223865
-0.02058 -0.00227016
-0.02055 -0.00230208
-0.02052 -0.0023344
-0.02049 -0.00236714
-0.0204601 -0.00240029
-0.0204301 -0.00243387
-0.0204001 -0.00246787
-0.0203701 -0.0025023
-0.0203401 -0.00253718
-0.0203102 -0.00257249
-0.0202802 -0.00260825
-0.0202502 -0.00264446
-0.0202202 -0.00268113
-0.0201903 -0.00271826
-0.0201603 -0.00275586
-0.0201303 -0.00279393
-0.0201003 -0.00283248
-0.0200703 -0.00287151
-0.0200404 -0.00291102
-0.0200104 -0.00295103
-0.0199804 -0.00299154
-0.0199504 -0.00303255
-0.0199204 -0.00307408
-0.0198905 -0.00311611
-0.0198605 -0.00315867
-0.0198305 -0.00320175
-0.0198005 -0.00324537
-0.0197705 -0.00328952
-0.0197406 -0.00333422
-0.0197106 -0.00337947
-0.0196806 -0.00342527
-0.0196506 -0.00347163
-0.0196206 -0.00351856
-0.0195907 -0.00356606
-0.0195607 -0.00361415
-0.0195307 -0.00366281
-0.0195007 -0.00371207
-0.0194708 -0.00376193
-0.0194408 -0.00381239
-0.0194108 -0.00386347
-0.0193808 -0.00391516
-0.0193508 -0.00396747
-0.0193209 -0.00402041
-0.0192909 -0.00407399
-0.0192609 -0.00412822
-0.0192309 -0.00418309
-0.0192009 -0.00423862
-0.019171 -0.00429481
-0.019141 -0.00435168
-0.019111 -0.00440922
-0.019081 -0.00446745
-0.019051 -0.00452636
-0.0190211 -0.00458598
-0.0189911 -0.0046463
-0.0189611 -0.00470734
-0.0189311 -0.00476909
-0.0189011 -0.00483158
-0.0188712 -0.0048948
-0.0188412 -0.00495876
-0.0188112 -0.00502347
-0.0187812 -0.00508893
-0.0187512 -0.00515517
-0.0187213 -0.00522217
-0.0186913 -0.00528996
-0.0186613 -0.00535853
-0.0186313 -0.0054279
-0.0186014 -0.00549808
-0.0185714 -0.00556906
-0.0185414 -0.00564087
-0.0185114 -0.00571351
-0.0184814 -0.00578698
-0.0184515 -0.00586129
-0.0184215 -0.00593646
-0.0183915 -0.00601249
-0.0183615 -0.00608939
-0.0183315 -0.00616717
-0.0183016 -0.00624584
-0.0182716 -0.0063254
-0.0182416 -0.00640587
-0.0182116 -0.00648724
-0.0181816 -0.00656954
-0.0181517 -0.00665277
-0.0181217 -0.00673695
-0.0180917 -0.00682206
-0.0180617 -0.00690814
-0.0180317 -0.00699518
-0.0180018 -0.0070832
-0.0179718 -0.00717221
-0.0179418 -0.00726221
-0.0179118 -0.00735321
-0.0178819 -0.00744523
-0.0178519 -0.00753827
-0.0178219 -0.00763234
-0.0177919 -0.00772746
-0.0177619 -0.00782363
-0.017732 -0.00792086
-0.017702 -0.00801916
-0.017672 -0.00811854
-0.017642 -0.00821901
-0.017612 -0.00832059
-0.0175821 -0.00842328
-0.0175521 -0.00852709
-0.0175221 -0.00863203
-0.0174921 -0.00873812
-0.0174621 -0.00884536
-0.0174322 -0.00895376
-0.0174022 -0.00906334
-0.0173722 -0.0091741
-0.0173422 -0.00928606
-0.0173122 -0.00939923
-0.0172823 -0.00951361
-0.0172523 -0.00962922
-0.0172223 -0.00974607
-0.0171923 -0.00986417
-0.0171623 -0.00998354
-0.0171324 -0.0101042
-0.0171024 -0.0102261
-0.0170724 -0.0103493
-0.0170424 -0.0104738
-0.0170125 -0.0105997
-0.0169825 -0.0107268
-0.0169525 -0.0108553
-0.0169225 -0.0109852
-0.0168925 -0.0111164
-0.0168626 -0.011249
-0.0168326 -0.011383
-0.0168026 -0.0115184
-0.0167726 -0.0116552
-0.0167426 -0.0117935
-0.0167127 -0.0119332
-0.0166827 -0.0120743
-0.0166527 -0.0122169
-0.0166227 -0.0123609
-0.0165927 -0.0125065
-0.0165628 -0.0126535
-0.0165328 -0.012802
-0.0165028 -0.0129521
-0.0164728 -0.0131037
-0.0164428 -0.0132569
-0.0164129 -0.0134116
-0.0163829 -0.0135679
-0.0163529 -0.0137258
-0.0163229 -0.0138853
-0.016293 -0.0140464
-0.016263 -0.0142092
-0.016233 -0.0143736
-0.016203 -0.0145396
-0.016173 -0.0147073
-0.0161431 -0.0148767
-0.0161131 -0.0150478
-0.0160831 -0.0152206
-0.0160531 -0.0153951
-0.0160231 -0.0155714
-0.0159932 -0.0157494
-0.0159632 -0.0159292
-0.0159332 -0.0161107
-0.0159032 -0.0162941
-0.0158732 -0.0164792
-0.0158433 -0.0166662
-0.0158133 -0.016855
-0.0157833 -0.0170457
-0.0157533 -0.0172383
-0.0157233 -0.0174327
-0.0156934 -0.017629
-0.0156634 -0.0178272
-0.0156334 -0.0180274
-0.0156034 -0.0182294
-0.0155734 -0.0184335
-0.0155435 -0.0186395
-0.0155135 -0.0188475
-0.0154835 -0.0190575
-0.0154535 -0.0192695
-0.0154236 -0.0194835
-0.0153936 -0.0196996
-0.0153636 -0.0199178
-0.0153336 -0.020138
-0.0153036 -0.0203603
-0.0152737 -0.0205847
-0.0152437 -0.0208113
-0.0152137 -0.0210399
-0.0151837 -0.0212708
-0.0151537 -0.0215038
-0.0151238 -0.021739
-0.0150938 -0.0219764
-0.0150638 -0.022216
-0.0150338 -0.0224578
-0.0150038 -0.0227019
-0.0149739 -0.0229483
-0.0149439 -0.023197
-0.0149139 -0.0234479
-0.0148839 -0.0237012
-0.0148539 -0.0239568
-0.014824 -0.0242147
-0.014794 -0.024475
-0.014764 -0.0247377
-0.014734 -0.0250028
-0.0147041 -0.0252703
-0.0146741 -0.0255403
-0.0146441 -0.0258127
-0.0146141 -0.0260875
-0.0145841 -0.0263649
-0.0145542 -0.0266447
-0.0145242 -0.0269271
-0.0144942 -0.027212
-0.0144642 -0.0274994
-0.0144342 -0.0277895
-0.0144043 -0.0280821
-0.0143743 -0.0283773
-0.0143443 -0.0286751
-0.0143143 -0.0289756
-0.0142843 -0.0292787
-0.0142544 -0.0295845
-0.0142244 -0.029893
-0.0141944 -0.0302042
-0.0141644 -0.0305182
-0.0141344 -0.0308349
-0.0141045 -0.0311543
-0.0140745 -0.0314766
-0.0140445 -0.0318016
-0.0140145 -0.0321294
-0.0139845 -0.0324601
-0.0139546 -0.0327937
-0.0139246 -0.0331301
-0.0138946 -0.0334694
-0.0138646 -0.0338116
-0.0138347 -0.0341567
-0.0138047 -0.0345048
-0.0137747 -0.0348559
-0.0137447 -0.0352099
-0.0137147 -0.0355669
-0.0136848 -0.035927
-0.0136548 -0.0362901
-0.0136248 -0.0366562
-0.0135948 -0.0370255
-0.0135648 -0.0373978
-0.0135349 -0.0377732
-0.0135049 -0.0381518
-0.0134749 -0.0385335
-0.0134449 -0.0389184
-0.0134149 -0.0393064
-0.013385 -0.0396977
-0.013355 -0.0400922
-0.013325 -0.0404899
-0.013295 -0.040891
-0.013265 -0.0412952
-0.0132351 -0.0417028
-0.0132051 -0.0421137
-0.0131751 -0.042528
-0.0131451 -0.0429456
-0.0131152 -0.0433666
-0.0130852 -0.043791
-0.0130552 -0.0442188
-0.0130252 -0.04465
-0.0129952 -0.0450847
-0.0129653 -0.0455229
-0.0129353 -0.0459645
-0.0129053 -0.0464097
-0.0128753 -0.0468584
-0.0128453 -0.0473106
-0.0128154 -0.0477664
-0.0127854 -0.0482259
-0.0127554 -0.0486889
-0.0127254 -0.0491555
-0.0126954 -0.0496258
-0.0126655 -0.0500997
-0.0126355 -0.0505774
-0.0126055 -0.0510587
-0.0125755 -0.0515438
-0.0125455 -0.0520326
-0.0125156 -0.0525252
-0.0124856 -0.0530215
-0.0124556 -0.0535217
-0.0124256 -0.0540256
-0.0123956 -0.0545335
-0.0123657 -0.0550451
-0.0123357 -0.0555607
-0.0123057 -0.0560801
-0.0122757 -0.0566035
-0.0122458 -0.0571308
-0.0122158 -0.057662
-0.0121858 -0.0581973
-0.0121558 -0.0587365
-0.0121258 -0.0592797
-0.0120959 -0.059827
-0.0120659 -0.0603783
-0.0120359 -0.0609337
-0.0120059 -0.0614931
-0.0119759 -0.0620567
-0.011946 -0.0626244
-0.011916 -0.0631963
-0.011886 -0.0637723
-0.011856 -0.0643525
-0.011826 -0.0649369
-0.0117961 -0.0655255
-0.0117661 -0.0661184
-0.0117361 -0.0667155
-0.0117061 -0.0673169
-0.0116761 -0.0679227
-0.0116462 -0.0685327
-0.0116162 -0.069147
-0.0115862 -0.0697657
-0.0115562 -0.0703888
-0.0115263 -0.0710163
-0.0114963 -0.0716482
-0.0114663 -0.0722845
-0.0114363 -0.0729252
-0.0114063 -0.0735704
-0.0113764 -0.0742201
-0.0113464 -0.0748743
-0.0113164 -0.075533
-0.0112864 -0.0761963
-0.0112564 -0.0768641
-0.0112265 -0.0775365
-0.0111965 -0.0782134
-0.0111665 -0.078895
-0.0111365 -0.0795812
-0.0111065 -0.0802721
-0.0110766 -0.0809676
-0.0110466 -0.0816678
-0.0110166 -0.0823727
-0.0109866 -0.0830823
-0.0109566 -0.0837966
-0.0109267 -0.0845157
-0.0108967 -0.0852395
-0.0108667 -0.0859681
-0.0108367 -0.0867016
-0.0108067 -0.0874398
-0.0107768 -0.0881829
-0.0107468 -0.0889308
-0.0107168 -0.0896836
-0.0106868 -0.0904413
-0.0106569 -0.0912038
-0.0106269 -0.0919713
-0.0105969 -0.0927438
-0.0105669 -0.0935211
-0.0105369 -0.0943035
-0.010507 -0.0950908
-0.010477 -0.0958831
-0.010447 -0.0966804
-0.010417 -0.0974828
-0.010387 -0.0982902
-0.0103571 -0.0991027
-0.0103271 -0.0999202
-0.0102971 -0.100743
-0.0102671 -0.101571
-0.0102371 -0.102403
-0.0102072 -0.103241
-0.0101772 -0.104085
-0.0101472 -0.104933
-0.0101172 -0.105786
-0.0100872 -0.106645
-0.0100573 -0.107509
-0.0100273 -0.108378
-0.00999731 -0.109252
-0.00996733 -0.110132
-0.00993735 -0.111017
-0.00990737 -0.111907
-0.00987739 -0.112802
-0.00984741 -0.113703
-0.00981743 -0.114609
-0.00978745 -0.11552
-0.00975748 -0.116437
-0.0097275 -0.117359
-0.00969752 -0.118286
-0.00966754 -0.119219
-0.00963756 -0.120157
-0.00960758 -0.121101
-0.0095776 -0.12205
-0.00954762 -0.123004
-0.00951764 -0.123964
-0.00948766 -0.124929
-0.00945768 -0.1259
-0.0094277 -0.126876
-0.00939772 -0.127858
-0.00936774 -0.128845
-0.00933777 -0.129838
-0.00930779 -0.130836
-0.00927781 -0.13184
-0.00924783 -0.132849
-0.00921785 -0.133864
-0.00918787 -0.134884
-0.00915789 -0.13591
-0.00912791 -0.136942
-0.00909793 -0.137979
-0.00906795 -0.139021
-0.00903797 -0.140069
-0.00900799 -0.141123
-0.00897801 -0.142183
-0.00894804 -0.143248
-0.00891806 -0.144318
-0.00888808 -0.145395
-0.0088581 -0.146477
-0.00882812 -0.147564
-0.00879814 -0.148658
-0.00876816 -0.149757
-0.00873818 -0.150861
-0.0087082 -0.151972
-0.00867822 -0.153087
-0.00864824 -0.154209
-0.00861826 -0.155336
-0.00858828 -0.156469
-0.00855831 -0.157608
-0.00852833 -0.158753
-0.00849835 -0.159903
-0.00846837 -0.161059
-0.00843839 -0.16222
-0.00840841 -0.163388
-0.00837843 -0.164561
-0.00834845 -0.165739
-0.00831847 -0.166924
-0.00828849 -0.168114
-0.00825851 -0.16931
-0.00822853 -0.170512
-0.00819855 -0.171719
-0.00816858 -0.172933
-0.0081386 -0.174152
-0.00810862 -0.175376
-0.00807864 -0.176607
-0.00804866 -0.177843
-0.00801868 -0.179085
-0.0079887 -0.180333
-0.00795872 -0.181586
-0.00792874 -0.182845
-0.00789876 -0.18411
-0.00786878 -0.185381
-0.0078388 -0.186657
-0.00780882 -0.18794
-0.00777884 -0.189228
-0.00774887 -0.190521
-0.00771889 -0.191821
-0.00768891 -0.193126
-0.00765893 -0.194437
-0.00762895 -0.195754
-0.00759897 -0.197076
-0.00756899 -0.198404
-0.00753901 -0.199738
-0.00750903 -0.201077
-0.00747905 -0.202423
-0.00744907 -0.203774
-0.00741909 -0.20513
-0.00738911 -0.206493
-0.00735914 -0.207861
-0.00732916 -0.209235
-0.00729918 -0.210614
-0.0072692 -0.211999
-0.00723922 -0.21339
-0.00720924 -0.214786
-0.00717926 -0.216189
-0.00714928 -0.217596
-0.0071193 -0.21901
-0.00708932 -0.220429
-0.00705934 -0.221853
-0.00702936 -0.223284
-0.00699938 -0.224719
-0.00696941 -0.226161
-0.00693943 -0.227608
-0.00690945 -0.22906
-0.00687947 -0.230519
-0.00684949 -0.231982
-0.00681951 -0.233452
-0.00678953 -0.234926
-0.00675955 -0.236407
-0.00672957 -0.237892
-0.00669959 -0.239384
-0.00666961 -0.240881
-0.00663963 -0.242383
-0.00660965 -0.24389
-0.00657967 -0.245404
-0.0065497 -0.246922
-0.00651972 -0.248446
-0.00648974 -0.249975
-0.00645976 -0.25151
-0.00642978 -0.25305
-0.0063998 -0.254596
-0.00636982 -0.256146
-0.00633984 -0.257702
-0.00630986 -0.259264
-0.00627988 -0.26083
-0.0062499 -0.262402
-0.00621992 -0.263979
-0.00618994 -0.265562
-0.00615997 -0.267149
-0.00612999 -0.268742
-0.00610001 -0.27034
-0.00607003 -0.271943
-0.00604005 -0.273551
-0.00601007 -0.275164
-0.00598009 -0.276783
-0.00595011 -0.278406
-0.00592013 -0.280035
-0.00589015 -0.281668
-0.00586017 -0.283307
-0.00583019 -0.28495
-0.00580021 -0.286599
-0.00577024 -0.288252
-0.00574026 -0.28991
-0.00571028 -0.291573
-0.0056803 -0.293241
-0.00565032 -0.294914
-0.00562034 -0.296592
-0.00559036 -0.298274
-0.00556038 -0.299961
-0.0055304 -0.301653
-0.00550042 -0.30335
-0.00547044 -0.305051
-0.00544046 -0.306757
-0.00541048 -0.308468
-0.00538051 -0.310183
-0.00535053 -0.311903
-0.00532055 -0.313627
-0.00529057 -0.315355
-0.00526059 -0.317089
-0.00523061 -0.318826
-0.00520063 -0.320568
-0.00517065 -0.322315
-0.00514067 -0.324066
-0.00511069 -0.325821
-0.00508071 -0.32758
-0.00505073 -0.329344
-0.00502075 -0.331112
-0.00499077 -0.332884
-0.0049608 -0.33466
-0.00493082 -0.336441
-0.00490084 -0.338225
-0.00487086 -0.340014
-0.00484088 -0.341806
-0.0048109 -0.343603
-0.00478092 -0.345403
-0.00475094 -0.347208
-0.00472096 -0.349016
-0.00469098 -0.350828
-0.004661 -0.352644
-0.00463102 -0.354464
-0.00460104 -0.356287
-0.00457107 -0.358114
-0.00454109 -0.359945
-0.00451111 -0.361779
-0.00448113 -0.363617
-0.00445115 -0.365459
-0.00442117 -0.367304
-0.00439119 -0.369153
-0.00436121 -0.371004
-0.00433123 -0.37286
-0.00430125 -0.374718
-0.00427127 -0.37658
-0.00424129 -0.378446
-0.00421131 -0.380314
-0.00418134 -0.382185
-0.00415136 -0.38406
-0.00412138 -0.385938
-0.0040914 -0.387819
-0.00406142 -0.389703
-0.00403144 -0.391589
-0.00400146 -0.393479
-0.00397148 -0.395372
-0.0039415 -0.397267
-0.00391152 -0.399165
-0.00388154 -0.401066
-0.00385156 -0.402969
-0.00382158 -0.404875
-0.00379161 -0.406784
-0.00376163 -0.408695
-0.00373165 -0.410609
-0.00370167 -0.412525
-0.00367169 -0.414444
-0.00364171 -0.416365
-0.00361173 -0.418288
-0.00358175 -0.420214
-0.00355177 -0.422141
-0.00352179 -0.424071
-0.00349181 -0.426003
-0.00346183 -0.427937
-0.00343185 -0.429873
-0.00340187 -0.431811
-0.0033719 -0.433751
-0.00334192 -0.435692
-0.00331194 -0.437636
-0.00328196 -0.439581
-0.00325198 -0.441528
-0.003222 -0.443476
-0.00319202 -0.445426
-0.00316204 -0.447378
-0.00313206 -0.449331
-0.00310208 -0.451285
-0.0030721 -0.453241
-0.00304212 -0.455198
-0.00301214 -0.457156
-0.00298217 -0.459116
-0.00295219 -0.461076
-0.00292221 -0.463038
-0.00289223 -0.465001
-0.00286225 -0.466964
-0.00283227 -0.468929
-0.00280229 -0.470895
-0.00277231 -0.472861
-0.00274233 -0.474828
-0.00271235 -0.476795
-0.00268237 -0.478764
-0.00265239 -0.480733
-0.00262241 -0.482702
-0.00259244 -0.484672
-0.00256246 -0.486642
-0.00253248 -0.488612
-0.0025025 -0.490583
-0.00247252 -0.492554
-0.00244254 -0.494525
-0.00241256 -0.496496
-0.00238258 -0.498468
-0.0023526 -0.500439
-0.00232262 -0.50241
-0.00229264 -0.504381
-0.00226266 -0.506351
-0.00223268 -0.508322
-0.00220271 -0.510292
-0.00217273 -0.512261
-0.00214275 -0.514231
-0.00211277 -0.516199
-0.00208279 -0.518167
-0.00205281 -0.520134
-0.00202283 -0.522101
-0.00199285 -0.524067
-0.00196287 -0.526032
-0.00193289 -0.527996
-0.00190291 -0.529959
-0.00187293 -0.531921
-0.00184295 -0.533882
-0.00181297 -0.535841
-0.001783 -0.5378
-0.00175302 -0.539757
-0.00172304 -0.541712
-0.00169306 -0.543667
-0.00166308 -0.545619
-0.0016331 -0.547571
-0.00160312 -0.54952
-0.00157314 -0.551468
-0.00154316 -0.553414
-0.00151318 -0.555358
-0.0014832 -0.5573
-0.00145322 -0.559241
-0.00142324 -0.561179
-0.00139327 -0.563115
-0.00136329 -0.565049
-0.00133331 -0.56698
-0.00130333 -0.56891
-0.00127335 -0.570837
-0.00124337 -0.572761
-0.00121339 -0.574683
-0.00118341 -0.576602
-0.00115343 -0.578519
-0.00112345 -0.580433
-0.00109347 -0.582344
-0.00106349 -0.584253
-0.00103351 -0.586158
-0.00100354 -0.58806
-0.000973556 -0.589959
-0.000943577 -0.591856
-0.000913598 -0.593748
-0.000883618 -0.595638
-0.000853639 -0.597524
-0.00082366 -0.599407
-0.000793681 -0.601286
-0.000763701 -0.603162
-0.000733722 -0.605034
-0.000703743 -0.606902
-0.000673764 -0.608767
-0.000643784 -0.610628
-0.000613805 -0.612485
-0.000583826 -0.614337
-0.000553847 -0.616186
-0.000523867 -0.618031
-0.000493888 -0.619871
-0.000463909 -0.621707
-0.00043393 -0.623539
-0.00040395 -0.625367
-0.000373971 -0.627189
-0.000343992 -0.629008
-0.000314013 -0.630821
-0.000284033 -0.63263
-0.000254054 -0.634435
-0.000224075 -0.636234
-0.000194096 -0.638028
-0.000164116 -0.639818
-0.000134137 -0.641602
-0.000104158 -0.643382
-7.41786e-05 -0.645156
-4.41994e-05 -0.646925
-1.42202e-05 -0.648688
1.57591e-05 -0.650446
4.57383e-05 -0.652199
7.57176e-05 -0.653946
0.000105697 -0.655687
0.000135676 -0.657423
0.000165655 -0.659153
0.000195635 -0.660877
0.000225614 -0.662595
0.000255593 -0.664307
0.000285572 -0.666013
0.000315552 -0.667713
0.000345531 -0.669407
0.00037551 -0.671095
0.000405489 -0.672776
0.000435469 -0.674451
0.000465448 -0.676119
0.000495427 -0.677781
0.000525406 -0.679437
0.000555386 -0.681085
0.000585365 -0.682727
0.000615344 -0.684362
0.000645323 -0.68599
0.000675302 -0.687611
0.000705282 -0.689225
0.000735261 -0.690832
0.00076524 -0.692432
0.000795219 -0.694024
0.000825199 -0.69561
0.000855178 -0.697188
0.000885157 -0.698758
0.000915136 -0.700321
0.000945116 -0.701876
0.000975095 -0.703424
0.00100507 -0.704964
0.00103505 -0.706496
0.00106503 -0.70802
0.00109501 -0.709537
0.00112499 -0.711045
0.00115497 -0.712545
0.00118495 -0.714038
0.00121493 -0.715522
0.00124491 -0.716997
0.00127489 -0.718465
0.00130487 -0.719924
0.00133485 -0.721374
0.00136483 -0.722816
0.0013948 -0.72425
0.00142478 -0.725675
0.00145476 -0.727091
0.00148474 -0.728498
0.00151472 -0.729896
0.0015447 -0.731286
0.00157468 -0.732666
0.00160466 -0.734038
0.00163464 -0.7354
0.00166462 -0.736753
0.0016946 -0.738097
0.00172458 -0.739431
0.00175456 -0.740757
0.00178453 -0.742072
0.00181451 -0.743379
0.00184449 -0.744675
0.00187447 -0.745962
0.00190445 -0.74724
0.00193443 -0.748507
0.00196441 -0.749765
0.00199439 -0.751013
0.00202437 -0.752251
0.00205435 -0.753479
0.00208433 -0.754697
0.00211431 -0.755905
0.00214429 -0.757103
0.00217426 -0.75829
0.00220424 -0.759467
0.00223422 -0.760634
0.0022642 -0.761791
0.00229418 -0.762936
0.00232416 -0.764072
0.00235414 -0.765197
0.00238412 -0.766311
0.0024141 -0.767414
0.00244408 -0.768507
0.00247406 -0.769589
0.00250404 -0.77066
0.00253402 -0.77172
0.00256399 -0.772769
0.00259397 -0.773807
0.00262395 -0.774834
0.00265393 -0.775849
0.00268391 -0.776854
0.00271389 -0.777847
0.00274387 -0.778829
0.00277385 -0.7798
0.00280383 -0.780759
0.00283381 -0.781707
0.00286379 -0.782643
0.00289377 -0.783568
0.00292375 -0.784481
0.00295373 -0.785382
0.0029837 -0.786271
0.00301368 -0.787149
0.00304366 -0.788015
0.00307364 -0.788869
0.00310362 -0.789711
0.0031336 -0.790541
0.00316358 -0.79136
0.00319356 -0.792166
0.00322354 -0.792959
0.00325352 -0.793741
0.0032835 -0.794511
0.00331348 -0.795268
0.00334346 -0.796013
0.00337343 -0.796745
0.00340341 -0.797466
0.00343339 -0.798173
0.00346337 -0.798868
0.00349335 -0.799551
0.00352333 -0.800221
0.00355331 -0.800879
0.00358329 -0.801523
0.00361327 -0.802155
0.00364325 -0.802775
0.00367323 -0.803381
0.00370321 -0.803975
0.00373319 -0.804556
0.00376316 -0.805123
0.00379314 -0.805678
0.00382312 -0.80622
0.0038531 -0.806749
0.00388308 -0.807265
0.00391306 -0.807768
0.00394304 -0.808257
0.00397302 -0.808733
0.004003 -0.809196
0.00403298 -0.809646
0.00406296 -0.810083
0.00409294 -0.810506
0.00412292 -0.810916
0.0041529 -0.811312
0.00418287 -0.811695
0.00421285 -0.812065
0.00424283 -0.812421
0.00427281 -0.812763
0.00430279 -0.813092
0.00433277 -0.813407
0.00436275 -0.813709
0.00439273 -0.813997
0.00442271 -0.814271
0.00445269 -0.814531
0.00448267 -0.814778
0.00451265 -0.815011
0.00454263 -0.81523
0.0045726 -0.815436
0.00460258 -0.815627
0.00463256 -0.815805
0.00466254 -0.815968
0.00469252 -0.816118
0.0047225 -0.816253
0.00475248 -0.816375
0.00478246 -0.816483
0.00481244 -0.816576
0.00484242 -0.816656
0.0048724 -0.816721
0.00490238 -0.816773
0.00493236 -0.81681
0.00496233 -0.816833
0.00499231 -0.816842
0.00502229 -0.816836
0.00505227 -0.816817
0.00508225 -0.816783
0.00511223 -0.816735
0.00514221 -0.816672
0.00517219 -0.816596
0.00520217 -0.816505
0.00523215 -0.816399
0.00526213 -0.81628
0.00529211 -0.816146
0.00532209 -0.815997
0.00535206 -0.815834
0.00538204 -0.815657
0.00541202 -0.815465
0.005442 -0.815259
0.00547198 -0.815039
0.00550196 -0.814803
0.00553194 -0.814554
0.00556192 -0.81429
0.0055919 -0.814011
0.00562188 -0.813718
0.00565186 -0.813411
0.00568184 -0.813089
0.00571182 -0.812752
0.0057418 -0.812401
0.00577177 -0.812035
0.00580175 -0.811655
0.00583173 -0.81126
0.00586171 -0.81085
0.00589169 -0.810426
0.00592167 -0.809988
0.00595165 -0.809534
0.00598163 -0.809067
0.00601161 -0.808584
0.00604159 -0.808087
0.00607157 -0.807575
0.00610155 -0.807049
0.00613153 -0.806508
0.0061615 -0.805953
0.00619148 -0.805383
0.00622146 -0.804798
0.00625144 -0.804199
0.00628142 -0.803585
0.0063114 -0.802956
0.00634138 -0.802313
0.00637136 -0.801655
0.00640134 -0.800983
0.00643132 -0.800296
0.0064613 -0.799594
0.00649128 -0.798878
0.00652126 -0.798147
0.00655123 -0.797402
0.00658121 -0.796642
0.00661119 -0.795868
0.00664117 -0.795078
0.00667115 -0.794275
0.00670113 -0.793457
0.00673111 -0.792624
0.00676109 -0.791777
0.00679107 -0.790915
0.00682105 -0.790039
0.00685103 -0.789148
0.00688101 -0.788243
0.00691099 -0.787323
0.00694096 -0.786389
0.00697094 -0.78544
0.00700092 -0.784477
0.0070309 -0.783499
0.00706088 -0.782507
0.00709086 -0.781501
0.00712084 -0.78048
0.00715082 -0.779445
0.0071808 -0.778396
0.00721078 -0.777332
0.00724076 -0.776254
0.00727074 -0.775161
0.00730072 -0.774055
0.0073307 -0.772934
0.00736067 -0.771798
0.00739065 -0.770649
0.00742063 -0.769485
0.00745061 -0.768308
0.00748059 -0.767116
0.00751057 -0.765909
0.00754055 -0.764689
0.00757053 -0.763455
0.00760051 -0.762206
0.00763049 -0.760944
0.00766047 -0.759667
0.00769045 -0.758377
0.00772043 -0.757072
0.0077504 -0.755754
0.00778038 -0.754421
0.00781036 -0.753075
0.00784034 -0.751715
0.00787032 -0.750341
0.0079003 -0.748953
0.00793028 -0.747551
0.00796026 -0.746135
0.00799024 -0.744706
0.00802022 -0.743263
0.0080502 -0.741807
0.00808018 -0.740337
0.00811016 -0.738853
0.00814013 -0.737355
0.00817011 -0.735844
0.00820009 -0.73432
0.00823007 -0.732782
0.00826005 -0.73123
0.00829003 -0.729665
0.00832001 -0.728087
0.00834999 -0.726495
0.00837997 -0.72489
0.00840995 -0.723272
0.00843993 -0.72164
0.00846991 -0.719996
0.00849989 -0.718338
0.00852986 -0.716667
0.00855984 -0.714982
0.00858982 -0.713285
0.0086198 -0.711575
0.00864978 -0.709851
0.00867976 -0.708115
0.00870974 -0.706366
0.00873972 -0.704604
0.0087697 -0.702829
0.00879968 -0.701041
0.00882966 -0.699241
0.00885964 -0.697428
0.00888962 -0.695602
0.0089196 -0.693763
0.00894957 -0.691912
0.00897955 -0.690049
0.00900953 -0.688173
0.00903951 -0.686284
0.00906949 -0.684383
0.00909947 -0.68247
0.00912945 -0.680544
0.00915943 -0.678606
0.00918941 -0.676656
0.00921939 -0.674694
0.00924937 -0.672719
0.00927935 -0.670733
0.00930933 -0.668734
0.0093393 -0.666723
0.00936928 -0.664701
0.00939926 -0.662666
0.00942924 -0.66062
0.00945922 -0.658562
0.0094892 -0.656492
0.00951918 -0.65441
0.00954916 -0.652317
0.00957914 -0.650212
0.00960912 -0.648095
0.0096391 -0.645967
0.00966908 -0.643828
0.00969906 -0.641677
0.00972903 -0.639515
0.00975901 -0.637342
0.00978899 -0.635157
0.00981897 -0.632961
0.00984895 -0.630754
0.00987893 -0.628536
0.00990891 -0.626307
0.00993889 -0.624066
0.00996887 -0.621815
0.00999885 -0.619553
0.0100288 -0.617281
0.0100588 -0.614997
0.0100888 -0.612703
0.0101188 -0.610398
0.0101487 -0.608083
0.0101787 -0.605757
0.0102087 -0.60342
0.0102387 -0.601073
0.0102687 -0.598716
0.0102986 -0.596349
0.0103286 -0.593971
0.0103586 -0.591583
0.0103886 -0.589185
0.0104186 -0.586777
0.0104485 -0.584359
0.0104785 -0.581931
0.0105085 -0.579493
0.0105385 -0.577045
0.0105685 -0.574587
0.0105984 -0.57212
0.0106284 -0.569643
0.0106584 -0.567157
0.0106884 -0.564661
0.0107183 -0.562155
0.0107483 -0.55964
0.0107783 -0.557116
0.0108083 -0.554583
0.0108383 -0.55204
0.0108682 -0.549488
0.0108982 -0.546927
0.0109282 -0.544357
0.0109582 -0.541778
0.0109882 -0.539191
0.0110181 -0.536594
0.0110481 -0.533989
0.0110781 -0.531375
0.0111081 -0.528752
0.0111381 -0.526121
0.011168 -0.523481
0.011198 -0.520833
0.011228 -0.518176
0.011258 -0.515511
0.011288 -0.512838
0.0113179 -0.510157
0.0113479 -0.507468
0.0113779 -0.50477
0.0114079 -0.502065
0.0114379 -0.499352
0.0114678 -0.496631
0.0114978 -0.493902
0.0115278 -0.491165
0.0115578 -0.488421
0.0115877 -0.48567
0.0116177 -0.48291
0.0116477 -0.480144
0.0116777 -0.47737
0.0117077 -0.474588
0.0117376 -0.4718
0.0117676 -0.469004
0.0117976 -0.466202
0.0118276 -0.463392
0.0118576 -0.460575
0.0118875 -0.457752
0.0119175 -0.454921
0.0119475 -0.452084
0.0119775 -0.449241
0.0120075 -0.44639
0.0120374 -0.443534
0.0120674 -0.44067
0.0120974 -0.437801
0.0121274 -0.434925
0.0121574 -0.432043
0.0121873 -0.429154
0.0122173 -0.42626
0.0122473 -0.42336
0.0122773 -0.420453
0.0123072 -0.417541
0.0123372 -0.414623
0.0123672 -0.4117
0.0123972 -0.40877
0.0124272 -0.405835
0.0124571 -0.402895
0.0124871 -0.399949
0.0125171 -0.396998
0.0125471 -0.394041
0.0125771 -0.39108
0.012607 -0.388113
0.012637 -0.385141
0.012667 -0.382164
0.012697 -0.379182
0.012727 -0.376195
0.0127569 -0.373204
0.0127869 -0.370208
0.0128169 -0.367207
0.0128469 -0.364202
0.0128769 -0.361192
0.0129068 -0.358178
0.0129368 -0.355159
0.0129668 -0.352137
0.0129968 -0.34911
0.0130268 -0.346079
0.0130567 -0.343044
0.0130867 -0.340005
0.0131167 -0.336962
0.0131467 -0.333915
0.0131766 -0.330865
0.0132066 -0.327811
0.0132366 -0.324753
0.0132666 -0.321692
0.0132966 -0.318628
0.0133265 -0.31556
0.0133565 -0.312488
0.0133865 -0.309414
0.0134165 -0.306337
0.0134465 -0.303256
0.0134764 -0.300173
0.0135064 -0.297086
0.0135364 -0.293997
0.0135664 -0.290905
0.0135964 -0.28781
0.0136263 -0.284713
0.0136563 -0.281614
0.0136863 -0.278511
0.0137163 -0.275407
0.0137463 -0.2723
0.0137762 -0.269191
0.0138062 -0.26608
0.0138362 -0.262967
0.0138662 -0.259851
0.0138961 -0.256734
0.0139261 -0.253615
0.0139561 -0.250495
0.0139861 -0.247372
0.0140161 -0.244248
0.014046 -0.241123
0.014076 -0.237996
0.014106 -0.234867
0.014136 -0.231738
0.014166 -0.228607
0.0141959 -0.225475
0.0142259 -0.222342
0.0142559 -0.219208
0.0142859 -0.216073
0.0143159 -0.212937
0.0143458 -0.2098
0.0143758 -0.206663
0.0144058 -0.203525
0.0144358 -0.200386
0.0144658 -0.197247
0.0144957 -0.194108
0.0145257 -0.190969
0.0145557 -0.187829
0.0145857 -0.184689
0.0146157 -0.181549
0.0146456 -0.178408
0.0146756 -0.175268
0.0147056 -0.172128
0.0147356 -0.168989
0.0147655 -0.165849
0.0147955 -0.16271
0.0148255 -0.159572
0.0148555 -0.156434
0.0148855 -0.153296
0.0149154 -0.15016
0.0149454 -0.147023
0.0149754 -0.143888
0.0150054 -0.140754
0.0150354 -0.137621
0.0150653 -0.134488
0.0150953 -0.131357
0.0151253 -0.128227
0.0151553 -0.125099
0.0151853 -0.121971
0.0152152 -0.118845
0.0152452 -0.115721
0.0152752 -0.112598
0.0153052 -0.109477
0.0153352 -0.106357
0.0153651 -0.10324
0.0153951 -0.100124
0.0154251 -0.09701
0.0154551 -0.0938981
0.015485 -0.0907884
0.015515 -0.0876808
0.015545 -0.0845755
0.015575 -0.0814725
0.015605 -0.0783718
0.0156349 -0.0752737
0.0156649 -0.072178
0.0156949 -0.069085
0.0157249 -0.0659947
0.0157549 -0.0629071
0.0157848 -0.0598224
0.0158148 -0.0567405
0.0158448 -0.0536617
0.0158748 -0.0505859
0.0159048 -0.0475132
0.0159347 -0.0444437
0.0159647 -0.0413775
0.0159947 -0.0383146
0.0160247 -0.0352551
0.0160547 -0.0321992
0.0160846 -0.0291468
0.0161146 -0.026098
0.0161446 -0.0230529
0.0161746 -0.0200116
0.0162046 -0.0169741
0.0162345 -0.0139406
0.0162645 -0.010911
0.0162945 -0.00788553
0.0163245 -0.00486417
0.0163544 -0.00184701
0.0163844 0.00116587
0.0164144 0.0041744
0.0164444 0.00717852
0.0164744 0.0101782
0.0165043 0.0131732
0.0165343 0.0161637
0.0165643 0.0191494
0.0165943 0.0221304
0.0166243 0.0251066
0.0166542 0.0280778
0.0166842 0.0310441
0.0167142 0.0340053
0.0167442 0.0369614
0.0167742 0.0399123
0.0168041 0.0428579
0.0168341 0.0457983
0.0168641 0.0487332
0.0168941 0.0516627
0.0169241 0.0545867
0.016954 0.057505
0.016984 0.0604177
0.017014 0.0633247
0.017044 0.0662258
0.0170739 0.0691211
0.0171039 0.0720104
0.0171339 0.0748938
0.0171639 0.0777711
0.0171939 0.0806422
0.0172238 0.0835071
0.0172538 0.0863658
0.0172838 0.0892181
0.0173138 0.092064
0.0173438 0.0949035
0.0173737 0.0977364
0.0174037 0.100563
0.0174337 0.103382
0.0174637 0.106195
0.0174937 0.109001
0.0175236 0.111801
0.0175536 0.114593
0.0175836 0.117378
0.0176136 0.120156
0.0176436 0.122928
0.0176735 0.125692
0.0177035 0.128448
0.0177335 0.131198
0.0177635 0.13394
0.0177935 0.136674
0.0178234 0.139401
0.0178534 0.142121
0.0178834 0.144833
0.0179134 0.147537
0.0179433 0.150233
0.0179733 0.152922
0.0180033 0.155603
0.0180333 0.158275
0.0180633 0.16094
0.0180932 0.163597
0.0181232 0.166246
0.0181532 0.168886
0.0181832 0.171518
0.0182132 0.174142
0.0182431 0.176757
0.0182731 0.179364
0.0183031 0.181963
0.0183331 0.184553
0.0183631 0.187134
0.018393 0.189707
0.018423 0.192271
0.018453 0.194826
0.018483 0.197373
0.018513 0.19991
0.0185429 0.202439
0.0185729 0.204958
0.0186029 0.207469
0.0186329 0.20997
0.0186628 0.212462
0.0186928 0.214945
0.0187228 0.217419
0.0187528 0.219883
0.0187828 0.222338
0.0188127 0.224783
0.0188427 0.227219
0.0188727 0.229645
0.0189027 0.232062
0.0189327 0.234469
0.0189626 0.236866
0.0189926 0.239253
0.0190226 0.24163
0.0190526 0.243998
0.0190826 0.246356
0.0191125 0.248703
0.0191425 0.251041
0.0191725 0.253368
0.0192025 0.255685
0.0192325 0.257992
0.0192624 0.260289
0.0192924 0.262575
0.0193224 0.264851
0.0193524 0.267117
0.0193824 0.269372
0.0194123 0.271616
0.0194423 0.27385
0.0194723 0.276073
0.0195023 0.278286
0.0195322 0.280488
0.0195622 0.282679
0.0195922 0.284859
0.0196222 0.287028
0.0196522 0.289186
0.0196821 0.291334
0.0197121 0.29347
0.0197421 0.295595
0.0197721 0.297709
0.0198021 0.299812
0.019832 0.301904
0.019862 0.303984
0.019892 0.306053
0.019922 0.308111
0.019952 0.310157
0.0199819 0.312192
0.0200119 0.314215
0.0200419 0.316227
0.0200719 0.318227
0.0201019 0.320216
0.0201318 0.322192
0.0201618 0.324158
0.0201918 0.326111
0.0202218 0.328052
0.0202518 0.329982
0.0202817 0.3319
0.0203117 0.333805
0.0203417 0.335699
0.0203717 0.337581
0.0204016 0.33945
0.0204316 0.341308
0.0204616 0.343153
0.0204916 0.344986
0.0205216 0.346807
0.0205515 0.348616
0.0205815 0.350412
0.0206115 0.352196
0.0206415 0.353968
0.0206715 0.355727
0.0207014 0.357473
0.0207314 0.359207
0.0207614 0.360929
0.0207914 0.362638
0.0208214 0.364334
0.0208513 0.366018
0.0208813 0.367689
0.0209113 0.369347
0.0209413 0.370992
0.0209713 0.372625
0.0210012 0.374244
0.0210312 0.375851
0.0210612 0.377445
0.0210912 0.379026
0.0211211 0.380594
0.0211511 0.382149
0.0211811 0.383691
0.0212111 0.385219
0.0212411 0.386735
0.021271 0.388237
0.021301 0.389727
0.021331 0.391203
0.021361 0.392665
0.021391 0.394115
0.0214209 0.395551
0.0214509 0.396974
0.0214809 0.398383
0.0215109 0.399779
0.0215409 0.401161
0.0215708 0.40253
0.0216008 0.403886
0.0216308 0.405228
0.0216608 0.406556
0.0216908 0.407871
0.0217207 0.409172
0.0217507 0.41046
0.0217807 0.411734
0.0218107 0.412994
0.0218407 0.41424
0.0218706 0.415473
0.0219006 0.416692
0.0219306 0.417897
0.0219606 0.419088
0.0219905 0.420265
0.0220205 0.421429
0.0220505 0.422578
0.0220805 0.423714
0.0221105 0.424835
0.0221404 0.425943
0.0221704 0.427037
0.0222004 0.428116
0.0222304 0.429182
0.0222604 0.430233
0.0222903 0.431271
0.0223203 0.432294
0.0223503 0.433303
0.0223803 0.434298
0.0224103 0.435279
0.0224402 0.436246
0.0224702 0.437198
0.0225002 0.438136
0.0225302 0.43906
0.0225602 0.43997
0.0225901 0.440865
0.0226201 0.441746
0.0226501 0.442613
0.0226801 0.443465
0.02271 0.444303
0.02274 0.445127
0.02277 0.445936
0.0228 0.446731
0.02283 0.447511
0.0228599 0.448277
0.0228899 0.449028
0.0229199 0.449765
0.0229499 0.450488
0.0229799 0.451196
0.0230098 0.451889
0.0230398 0.452568
0.0230698 0.453233
0.0230998 0.453883
0.0231298 0.454518
0.0231597 0.455139
0.0231897 0.455745
0.0232197 0.456337
0.0232497 0.456914
0.0232797 0.457476
0.0233096 0.458024
0.0233396 0.458557
0.0233696 0.459075
0.0233996 0.459579
0.0234296 0.460068
0.0234595 0.460543
0.0234895 0.461002
0.0235195 0.461448
0.0235495 0.461878
0.0235794 0.462294
0.0236094 0.462695
0.0236394 0.463081
0.0236694 0.463453
0.0236994 0.46381
0.0237293 0.464152
0.0237593 0.46448
0.0237893 0.464792
0.0238193 0.46509
0.0238493 0.465374
0.0238792 0.465642
0.0239092 0.465896
0.0239392 0.466135
0.0239692 0.46636
0.0239992 0.466569
0.0240291 0.466764
0.0240591 0.466944
0.0240891 0.46711
0.0241191 0.467261
0.0241491 0.467397
0.024179 0.467518
0.024209 0.467624
0.024239 0.467716
0.024269 0.467793
0.0242989 0.467855
0.0243289 0.467903
0.0243589 0.467936
0.0243889 0.467954
0.0244189 0.467958
0.0244488 0.467946
0.0244788 0.46792
0.0245088 0.46788
0.0245388 0.467824
0.0245688 0.467754
0.0245987 0.46767
0.0246287 0.46757
0.0246587 0.467456
0.0246887 0.467328
0.0247187 0.467184
0.0247486 0.467027
0.0247786 0.466854
0.0248086 0.466667
0.0248386 0.466465
0.0248686 0.466249
0.0248985 0.466018
0.0249285 0.465772
0.0249585 0.465512
0.0249885 0.465238
0.0250185 0.464949
0.0250484 0.464645
0.0250784 0.464327
0.0251084 0.463994
0.0251384 0.463647
0.0251683 0.463285
0.0251983 0.462909
0.0252283 0.462519
0.0252583 0.462114
0.0252883 0.461694
0.0253182 0.461261
0.0253482 0.460813
0.0253782 0.46035
0.0254082 0.459873
0.0254382 0.459382
0.0254681 0.458877
0.0254981 0.458357
0.0255281 0.457823
0.0255581 0.457275
0.0255881 0.456712
0.025618 0.456136
0.025648 0.455545
0.025678 0.45494
0.025708 0.454321
0.025738 0.453688
0.0257679 0.45304
0.0257979 0.452379
0.0258279 0.451703
0.0258579 0.451014
0.0258878 0.45031
0.0259178 0.449593
0.0259478 0.448861
0.0259778 0.448116
0.0260078 0.447357
0.0260377 0.446584
0.0260677 0.445797
0.0260977 0.444996
0.0261277 0.444181
0.0261577 0.443353
0.0261876 0.442511
0.0262176 0.441655
0.0262476 0.440785
0.0262776 0.439902
0.0263076 0.439005
0.0263375 0.438095
0.0263675 0.437171
0.0263975 0.436233
0.0264275 0.435282
0.0264575 0.434317
0.0264874 0.433339
0.0265174 0.432348
0.0265474 0.431343
0.0265774 0.430325
0.0266074 0.429293
0.0266373 0.428249
0.0266673 0.427191
0.0266973 0.426119
0.0267273 0.425035
0.0267572 0.423937
0.0267872 0.422827
0.0268172 0.421703
0.0268472 0.420566
0.0268772 0.419416
0.0269071 0.418254
0.0269371 0.417078
0.0269671 0.415889
0.0269971 0.414688
0.0270271 0.413474
0.027057 0.412247
0.027087 0.411007
0.027117 0.409755
0.027147 0.408489
0.027177 0.407212
0.0272069 0.405921
0.0272369 0.404619
0.0272669 0.403303
0.0272969 0.401976
0.0273269 0.400635
0.0273568 0.399283
0.0273868 0.397918
0.0274168 0.396541
0.0274468 0.395151
0.0274767 0.39375
0.0275067 0.392336
0.0275367 0.39091
0.0275667 0.389472
0.0275967 0.388022
0.0276266 0.38656
0.0276566 0.385087
0.0276866 0.383601
0.0277166 0.382103
0.0277466 0.380594
0.0277765 0.379073
0.0278065 0.37754
0.0278365 0.375996
0.0278665 0.37444
0.0278965 0.372873
0.0279264 0.371294
0.0279564 0.369703
0.0279864 0.368101
0.0280164 0.366488
0.0280464 0.364864
0.0280763 0.363228
0.0281063 0.361581
0.0281363 0.359923
0.0281663 0.358254
0.0281963 0.356574
0.0282262 0.354883
0.0282562 0.353181
0.0282862 0.351468
0.0283162 0.349744
0.0283461 0.34801
0.0283761 0.346265
0.0284061 0.344509
0.0284361 0.342742
0.0284661 0.340965
0.028496 0.339178
0.028526 0.33738
0.028556 0.335572
0.028586 0.333753
0.028616 0.331924
0.0286459 0.330085
0.0286759 0.328236
0.0287059 0.326377
0.0287359 0.324507
0.0287659 0.322628
0.0287958 0.320739
0.0288258 0.31884
0.0288558 0.316931
0.0288858 0.315012
0.0289158 0.313084
0.0289457 0.311146
0.0289757 0.309199
0.0290057 0.307242
0.0290357 0.305275
0.0290656 0.3033
0.0290956 0.301314
0.0291256 0.29932
0.0291556 0.297317
0.0291856 0.295304
0.0292155 0.293283
0.0292455 0.291252
0.0292755 0.289212
0.0293055 0.287164
0.0293355 0.285107
0.0293654 0.283041
0.0293954 0.280966
0.0294254 0.278883
0.0294554 0.276791
0.0294854 0.274691
0.0295153 0.272583
0.0295453 0.270466
0.0295753 0.26834
0.0296053 0.266207
0.0296353 0.264065
0.0296652 0.261916
0.0296952 0.259758
0.0297252 0.257592
0.0297552 0.255419
0.0297852 0.253238
0.0298151 0.251049
0.0298451 0.248852
0.0298751 0.246648
0.0299051 0.244436
0.029935 0.242217
0.029965 0.23999
0.029995 0.237756
0.030025 0.235515
0.030055 0.233267
0.0300849 0.231012
0.0301149 0.228749
0.0301449 0.22648
0.0301749 0.224204
0.0302049 0.22192
0.0302348 0.219631
0.0302648 0.217334
0.0302948 0.215031
0.0303248 0.212721
0.0303548 0.210405
0.0303847 0.208083
0.0304147 0.205754
0.0304447 0.203419
0.0304747 0.201078
0.0305047 0.198731
0.0305346 0.196378
0.0305646 0.194018
0.0305946 0.191653
0.0306246 0.189283
0.0306545 0.186906
0.0306845 0.184524
0.0307145 0.182136
0.0307445 0.179743
0.0307745 0.177345
0.0308044 0.174941
0.0308344 0.172532
0.0308644 0.170117
0.0308944 0.167698
0.0309244 0.165273
0.0309543 0.162844
0.0309843 0.16041
0.0310143 0.157971
0.0310443 0.155527
0.0310743 0.153078
0.0311042 0.150625
0.0311342 0.148168
0.0311642 0.145706
0.0311942 0.14324
0.0312242 0.14077
0.0312541 0.138295
0.0312841 0.135816
0.0313141 0.133334
0.0313441 0.130847
0.0313741 0.128357
0.031404 0.125862
0.031434 0.123364
0.031464 0.120863
0.031494 0.118358
0.0315239 0.115849
0.0315539 0.113337
0.0315839 0.110822
0.0316139 0.108304
0.0316439 0.105782
0.0316738 0.103258
0.0317038 0.10073
0.0317338 0.0981995
0.0317638 0.0956662
0.0317938 0.0931302
0.0318237 0.0905915
0.0318537 0.0880503
0.0318837 0.0855066
0.0319137 0.0829605
0.0319437 0.080412
0.0319736 0.0778613
0.0320036 0.0753085
0.0320336 0.0727536
0.0320636 0.0701966
0.0320936 0.0676378
0.0321235 0.0650771
0.0321535 0.0625147
0.0321835 0.0599505
0.0322135 0.0573848
0.0322434 0.0548176
0.0322734 0.052249
0.0323034 0.049679
0.0323334 0.0471078
0.0323634 0.0445354
0.0323933 0.0419619
0.0324233 0.0393873
0.0324533 0.0368119
0.0324833 0.0342356
0.0325133 0.0316585
0.0325432 0.0290807
0.0325732 0.0265023
0.0326032 0.0239234
0.0326332 0.0213441
0.0326632 0.0187644
0.0326931 0.0161845
0.0327231 0.0136043
0.0327531 0.0110241
0.0327831 0.00844378
0.0328131 0.00586356
0.032843 0.00328347
0.032873 0.000703609
0.032903 -0.00187595
0.032933 -0.00445512
0.032963 -0.00703382
0.0329929 -0.00961197
0.0330229 -0.0121895
0.0330529 -0.0147663
0.0330829 -0.0173423
0.0331128 -0.0199174
0.0331428 -0.0224915
0.0331728 -0.0250647
0.0332028 -0.0276366
0.0332328 -0.0302074
0.0332627 -0.0327769
0.0332927 -0.035345
0.0333227 -0.0379116
0.0333527 -0.0404767
0.0333827 -0.0430402
0.0334126 -0.0456019
0.0334426 -0.0481619
0.0334726 -0.05072
0.0335026 -0.0532762
0.0335326 -0.0558303
0.0335625 -0.0583823
0.0335925 -0.0609322
0.0336225 -0.0634797
0.0336525 -0.0660249
0.0336825 -0.0685677
0.0337124 -0.0711079
0.0337424 -0.0736455
0.0337724 -0.0761805
0.0338024 -0.0787126
0.0338323 -0.081242
0.0338623 -0.0837684
0.0338923 -0.0862918
0.0339223 -0.0888121
0.0339523 -0.0913293
0.0339822 -0.0938432
0.0340122 -0.0963537
0.0340422 -0.0988609
0.0340722 -0.101365
0.0341022 -0.103865
0.0341321 -0.106361
0.0341621 -0.108854
0.0341921 -0.111343
0.0342221 -0.113828
0.0342521 -0.116309
0.034282 -0.118786
0.034312 -0.121259
0.034342 -0.123728
0.034372 -0.126192
0.034402 -0.128652
0.0344319 -0.131108
0.0344619 -0.133559
0.0344919 -0.136005
0.0345219 -0.138447
0.0345519 -0.140884
0.0345818 -0.143317
0.0346118 -0.145744
0.0346418 -0.148166
0.0346718 -0.150584
0.0347017 -0.152996
0.0347317 -0.155403
0.0347617 -0.157805
0.0347917 -0.160201
0.0348217 -0.162592
0.0348516 -0.164977
0.0348816 -0.167357
0.0349116 -0.169731
0.0349416 -0.172099
0.0349716 -0.174462
0.0350015 -0.176819
0.0350315 -0.179169
0.0350615 -0.181514
0.0350915 -0.183853
0.0351215 -0.186185
0.0351514 -0.188511
0.0351814 -0.190831
0.0352114 -0.193144
0.0352414 -0.195451
0.0352714 -0.197751
0.0353013 -0.200045
0.0353313 -0.202332
0.0353613 -0.204612
0.0353913 -0.206886
0.0354212 -0.209152
0.0354512 -0.211412
0.0354812 -0.213664
0.0355112 -0.215909
0.0355412 -0.218147
0.0355711 -0.220378
0.0356011 -0.222602
0.0356311 -0.224818
0.0356611 -0.227027
0.0356911 -0.229228
0.035721 -0.231421
0.035751 -0.233607
0.035781 -0.235785
0.035811 -0.237955
0.035841 -0.240117
0.0358709 -0.242272
0.0359009 -0.244418
0.0359309 -0.246556
0.0359609 -0.248686
0.0359909 -0.250808
0.0360208 -0.252922
0.0360508 -0.255027
0.0360808 -0.257124
0.0361108 -0.259212
0.0361408 -0.261292
0.0361707 -0.263363
0.0362007 -0.265426
0.0362307 -0.267479
0.0362607 -0.269524
0.0362906 -0.271561
0.0363206 -0.273588
0.0363506 -0.275606
0.0363806 -0.277615
0.0364106 -0.279615
0.0364405 -0.281606
0.0364705 -0.283587
0.0365005 -0.28556
0.0365305 -0.287523
0.0365605 -0.289476
0.0365904 -0.29142
0.0366204 -0.293355
0.0366504 -0.29528
0.0366804 -0.297195
0.0367104 -0.2991
0.0367403 -0.300996
0.0367703 -0.302882
0.0368003 -0.304758
0.0368303 -0.306624
0.0368603 -0.30848
0.0368902 -0.310327
0.0369202 -0.312162
0.0369502 -0.313988
0.0369802 -0.315804
0.0370101 -0.317609
0.0370401 -0.319404
0.0370701 -0.321189
0.0371001 -0.322963
0.0371301 -0.324726
0.03716 -0.32648
0.03719 -0.328222
0.03722 -0.329954
0.03725 -0.331675
0.03728 -0.333385
0.0373099 -0.335085
0.0373399 -0.336774
0.0373699 -0.338452
0.0373999 -0.340119
0.0374299 -0.341774
0.0374598 -0.343419
0.0374898 -0.345053
0.0375198 -0.346676
0.0375498 -0.348287
0.0375798 -0.349887
0.0376097 -0.351476
0.0376397 -0.353054
0.0376697 -0.35462
0.0376997 -0.356175
0.0377297 -0.357718
0.0377596 -0.35925
0.0377896 -0.36077
0.0378196 -0.362278
0.0378496 -0.363775
0.0378795 -0.365261
0.0379095 -0.366734
0.0379395 -0.368196
0.0379695 -0.369646
0.0379995 -0.371084
0.0380294 -0.37251
0.0380594 -0.373924
0.0380894 -0.375327
0.0381194 -0.376717
0.0381494 -0.378095
0.0381793 -0.379461
0.0382093 -0.380815
0.0382393 -0.382157
0.0382693 -0.383487
0.0382993 -0.384804
0.0383292 -0.386109
0.0383592 -0.387402
0.0383892 -0.388682
0.0384192 -0.38995
0.0384492 -0.391206
0.0384791 -0.392449
0.0385091 -0.39368
0.0385391 -0.394898
0.0385691 -0.396103
0.038599 -0.397296
0.038629 -0.398476
0.038659 -0.399644
0.038689 -0.400799
0.038719 -0.401941
0.0387489 -0.403071
0.0387789 -0.404188
0.0388089 -0.405292
0.0388389 -0.406383
0.0388689 -0.407461
0.0388988 -0.408526
0.0389288 -0.409579
0.0389588 -0.410618
0.0389888 -0.411645
0.0390188 -0.412658
0.0390487 -0.413659
0.0390787 -0.414646
0.0391087 -0.415621
0.0391387 -0.416582
0.0391687 -0.41753
0.0391986 -0.418465
0.0392286 -0.419387
0.0392586 -0.420295
0.0392886 -0.421191
0.0393186 -0.422073
0.0393485 -0.422942
0.0393785 -0.423798
0.0394085 -0.42464
0.0394385 -0.425469
0.0394684 -0.426285
0.0394984 -0.427087
0.0395284 -0.427876
0.0395584 -0.428652
0.0395884 -0.429414
0.0396183 -0.430163
0.0396483 -0.430898
0.0396783 -0.43162
0.0397083 -0.432328
0.0397383 -0.433023
0.0397682 -0.433705
0.0397982 -0.434372
0.0398282 -0.435027
0.0398582 -0.435668
0.0398882 -0.436295
0.0399181 -0.436909
0.0399481 -0.437509
0.0399781 -0.438095
0.0400081 -0.438668
0.0400381 -0.439227
0.040068 -0.439773
0.040098 -0.440305
0.040128 -0.440823
0.040158 -0.441328
0.0401879 -0.441819
0.0402179 -0.442297
0.0402479 -0.44276
0.0402779 -0.443211
0.0403079 -0.443647
0.0403378 -0.44407
0.0403678 -0.444479
0.0403978 -0.444874
0.0404278 -0.445256
0.0404578 -0.445623
0.0404877 -0.445978
0.0405177 -0.446318
0.0405477 -0.446645
0.0405777 -0.446958
0.0406077 -0.447257
0.0406376 -0.447543
0.0406676 -0.447814
0.0406976 -0.448073
0.0407276 -0.448317
0.0407576 -0.448548
0.0407875 -0.448765
0.0408175 -0.448968
0.0408475 -0.449157
0.0408775 -0.449333
0.0409075 -0.449495
0.0409374 -0.449643
0.0409674 -0.449778
0.0409974 -0.449899
0.0410274 -0.450006
0.0410573 -0.4501
0.0410873 -0.45018
0.0411173 -0.450246
0.0411473 -0.450298
0.0411773 -0.450337
0.0412072 -0.450362
0.0412372 -0.450374
0.0412672 -0.450372
0.0412972 -0.450356
0.0413272 -0.450326
0.0413571 -0.450283
0.0413871 -0.450227
0.0414171 -0.450157
0.0414471 -0.450073
0.0414771 -0.449975
0.041507 -0.449864
0.041537 -0.44974
0.041567 -0.449602
0.041597 -0.44945
0.041627 -0.449285
0.0416569 -0.449106
0.0416869 -0.448914
0.0417169 -0.448709
0.0417469 -0.44849
0.0417768 -0.448257
0.0418068 -0.448011
0.0418368 -0.447752
0.0418668 -0.447479
0.0418968 -0.447193
0.0419267 -0.446894
0.0419567 -0.446581
0.0419867 -0.446255
0.0420167 -0.445916
0.0420467 -0.445563
0.0420766 -0.445197
0.0421066 -0.444818
0.0421366 -0.444425
0.0421666 -0.44402
0.0421966 -0.443601
0.0422265 -0.443169
0.0422565 -0.442724
0.0422865 -0.442266
0.0423165 -0.441794
0.0423465 -0.44131
0.0423764 -0.440812
0.0424064 -0.440302
0.0424364 -0.439778
0.0424664 -0.439242
0.0424964 -0.438693
0.0425263 -0.43813
0.0425563 -0.437555
0.0425863 -0.436967
0.0426163 -0.436366
0.0426462 -0.435752
0.0426762 -0.435126
0.0427062 -0.434486
0.0427362 -0.433834
0.0427662 -0.433169
0.0427961 -0.432492
0.0428261 -0.431802
0.0428561 -0.431099
0.0428861 -0.430384
0.0429161 -0.429656
0.042946 -0.428916
0.042976 -0.428163
0.043006 -0.427397
0.043036 -0.426619
0.043066 -0.425829
0.0430959 -0.425027
0.0431259 -0.424212
0.0431559 -0.423384
0.0431859 -0.422545
0.0432159 -0.421693
0.0432458 -0.420829
0.0432758 -0.419953
0.0433058 -0.419065
0.0433358 -0.418164
0.0433657 -0.417252
0.0433957 -0.416327
0.0434257 -0.415391
0.0434557 -0.414443
0.0434857 -0.413482
0.0435156 -0.41251
0.0435456 -0.411526
0.0435756 -0.41053
0.0436056 -0.409522
0.0436356 -0.408503
0.0436655 -0.407472
0.0436955 -0.406429
0.0437255 -0.405375
0.0437555 -0.404309
0.0437855 -0.403231
0.0438154 -0.402142
0.0438454 -0.401042
0.0438754 -0.39993
0.0439054 -0.398807
0.0439354 -0.397672
0.0439653 -0.396526
0.0439953 -0.395369
0.0440253 -0.394201
0.0440553 -0.393021
0.0440853 -0.391831
0.0441152 -0.390629
0.0441452 -0.389416
0.0441752 -0.388193
0.0442052 -0.386958
0.0442351 -0.385712
0.0442651 -0.384456
0.0442951 -0.383189
0.0443251 -0.381911
0.0443551 -0.380622
0.044385 -0.379322
0.044415 -0.378012
0.044445 -0.376692
0.044475 -0.37536
0.044505 -0.374019
0.0445349 -0.372667
0.0445649 -0.371304
0.0445949 -0.369931
0.0446249 -0.368548
0.0446549 -0.367154
0.0446848 -0.365751
0.0447148 -0.364337
0.0447448 -0.362913
0.0447748 -0.361479
0.0448048 -0.360035
0.0448347 -0.358581
0.0448647 -0.357117
0.0448947 -0.355643
0.0449247 -0.354159
0.0449546 -0.352666
0.0449846 -0.351163
