-0.035 0
-0.03497 -2.63591e-10
-0.03494 -5.44818e-10
-0.0349101 -8.45678e-10
-0.0348801 -1.17264e-09
-0.0348501 -1.53097e-09
-0.0348201 -1.92248e-09
-0.0347901 -2.34701e-09
-0.0347602 -2.80402e-09
-0.0347302 -3.2942e-09
-0.0347002 -3.8201e-09
-0.0346702 -4.38558e-09
-0.0346402 -4.99466e-09
-0.0346103 -5.65047e-09
-0.0345803 -6.35493e-09
-0.0345503 -7.10915e-09
-0.0345203 -7.91426e-09
-0.0344904 -8.77197e-09
-0.0344604 -9.68479e-09
-0.0344304 -1.06557e-08
-0.0344004 -1.16877e-08
-0.0343704 -1.27833e-08
-0.0343405 -1.39447e-08
-0.0343105 -1.51737e-08
-0.0342805 -1.64725e-08
-0.0342505 -1.78434e-08
-0.0342205 -1.92889e-08
-0.0341906 -2.08113e-08
-0.0341606 -2.2412e-08
-0.0341306 -2.40921e-08
-0.0341006 -2.58521e-08
-0.0340706 -2.76927e-08
-0.0340407 -2.9615e-08
-0.0340107 -3.16203e-08
-0.0339807 -3.37095e-08
-0.0339507 -3.58833e-08
-0.0339207 -3.81413e-08
-0.0338908 -4.04825e-08
-0.0338608 -4.29057e-08
-0.0338308 -4.541e-08
-0.0338008 -4.79943e-08
-0.0337709 -5.0658e-08
-0.0337409 -5.34e-08
-0.0337109 -5.62188e-08
-0.0336809 -5.91124e-08
-0.0336509 -6.20782e-08
-0.033621 -6.51133e-08
-0.033591 -6.82151e-08
-0.033561 -7.13812e-08
-0.033531 -7.46092e-08
-0.033501 -7.7897e-08
-0.0334711 -8.12423e-08
-0.0334411 -8.46423e-08
-0.0334111 -8.8094e-08
-0.0333811 -9.15944e-08
-0.0333511 -9.51412e-08
-0.0333212 -9.87324e-08
-0.0332912 -1.02367e-07
-0.0332612 -1.06044e-07
-0.0332312 -1.09762e-07
-0.0332012 -1.1352e-07
-0.0331713 -1.17318e-07
-0.0331413 -1.21156e-07
-0.0331113 -1.25034e-07
-0.0330813 -1.28953e-07
-0.0330513 -1.32916e-07
-0.0330214 -1.36926e-07
-0.0329914 -1.40985e-07
-0.0329614 -1.45096e-07
-0.0329314 -1.49264e-07
-0.0329015 -1.53493e-07
-0.0328715 -1.57789e-07
-0.0328415 -1.62158e-07
-0.0328115 -1.66606e-07
-0.0327815 -1.71141e-07
-0.0327516 -1.75769e-07
-0.0327216 -1.80499e-07
-0.0326916 -1.85338e-07
-0.0326616 -1.90295e-07
-0.0326316 -1.95379e-07
-0.0326017 -2.00598e-07
-0.0325717 -2.0596e-07
-0.0325417 -2.11476e-07
-0.0325117 -2.17154e-07
-0.0324817 -2.23003e-07
-0.0324518 -2.2903e-07
-0.0324218 -2.35244e-07
-0.0323918 -2.41651e-07
-0.0323618 -2.48259e-07
-0.0323318 -2.55074e-07
-0.0323019 -2.62101e-07
-0.0322719 -2.69346e-07
-0.0322419 -2.76813e-07
-0.0322119 -2.84504e-07
-0.032182 -2.92423e-07
-0.032152 -3.0057e-07
-0.032122 -3.08947e-07
-0.032092 -3.17553e-07
-0.032062 -3.26386e-07
-0.0320321 -3.35445e-07
-0.0320021 -3.44727e-07
-0.0319721 -3.54229e-07
-0.0319421 -3.63948e-07
-0.0319121 -3.73878e-07
-0.0318822 -3.84013e-07
-0.0318522 -3.94349e-07
-0.0318222 -4.0488e-07
-0.0317922 -4.15599e-07
-0.0317622 -4.26502e-07
-0.0317323 -4.37582e-07
-0.0317023 -4.48835e-07
-0.0316723 -4.60255e-07
-0.0316423 -4.71839e-07
-0.0316123 -4.83581e-07
-0.0315824 -4.95481e-07
-0.0315524 -5.07535e-07
-0.0315224 -5.19743e-07
-0.0314924 -5.32105e-07
-0.0314624 -5.44624e-07
-0.0314325 -5.57301e-07
-0.0314025 -5.70142e-07
-0.0313725 -5.83151e-07
-0.0313425 -5.96336e-07
-0.0313126 -6.09704e-07
-0.0312826 -6.23265e-07
-0.0312526 -6.37032e-07
-0.0312226 -6.51014e-07
-0.0311926 -6.65227e-07
-0.0311627 -6.79684e-07
-0.0311327 -6.94399e-07
-0.0311027 -7.0939e-07
-0.0310727 -7.24672e-07
-0.0310427 -7.40262e-07
-0.0310128 -7.56177e-07
-0.0309828 -7.72436e-07
-0.0309528 -7.89056e-07
-0.0309228 -8.06052e-07
-0.0308928 -8.23443e-07
-0.0308629 -8.41243e-07
-0.0308329 -8.59468e-07
-0.0308029 -8.78131e-07
-0.0307729 -8.97248e-07
-0.0307429 -9.16829e-07
-0.030713 -9.36887e-07
-0.030683 -9.57431e-07
-0.030653 -9.7847e-07
-0.030623 -1.00001e-06
-0.0305931 -1.02206e-06
-0.0305631 -1.04461e-06
-0.0305331 -1.06769e-06
-0.0305031 -1.09128e-06
-0.0304731 -1.11539e-06
-0.0304432 -1.14001e-06
-0.0304132 -1.16515e-06
-0.0303832 -1.19081e-06
-0.0303532 -1.21698e-06
-0.0303232 -1.24366e-06
-0.0302933 -1.27085e-06
-0.0302633 -1.29854e-06
-0.0302333 -1.32673e-06
-0.0302033 -1.35542e-06
-0.0301733 -1.38461e-06
-0.0301434 -1.4143e-06
-0.0301134 -1.44448e-06
-0.0300834 -1.47516e-06
-0.0300534 -1.50634e-06
-0.0300234 -1.53802e-06
-0.0299935 -1.57021e-06
-0.0299635 -1.60292e-06
-0.0299335 -1.63614e-06
-0.0299035 -1.6699e-06
-0.0298735 -1.7042e-06
-0.0298436 -1.73906e-06
-0.0298136 -1.77448e-06
-0.0297836 -1.81049e-06
-0.0297536 -1.84711e-06
-0.0297237 -1.88434e-06
-0.0296937 -1.92222e-06
-0.0296637 -1.96076e-06
-0.0296337 -1.99999e-06
-0.0296037 -2.03992e-06
-0.0295738 -2.08058e-06
-0.0295438 -2.122e-06
-0.0295138 -2.16419e-06
-0.0294838 -2.20719e-06
-0.0294538 -2.25101e-06
-0.0294239 -2.29568e-06
-0.0293939 -2.34122e-06
-0.0293639 -2.38766e-06
-0.0293339 -2.43501e-06
-0.0293039 -2.48331e-06
-0.029274 -2.53256e-06
-0.029244 -2.58279e-06
-0.029214 -2.63403e-06
-0.029184 -2.68627e-06
-0.029154 -2.73955e-06
-0.0291241 -2.79388e-06
-0.0290941 -2.84927e-06
-0.0290641 -2.90574e-06
-0.0290341 -2.9633e-06
-0.0290042 -3.02196e-06
-0.0289742 -3.08174e-06
-0.0289442 -3.14264e-06
-0.0289142 -3.20468e-06
-0.0288842 -3.26788e-06
-0.0288543 -3.33223e-06
-0.0288243 -3.39775e-06
-0.0287943 -3.46446e-06
-0.0287643 -3.53237e-06
-0.0287343 -3.60148e-06
-0.0287044 -3.67181e-06
-0.0286744 -3.74338e-06
-0.0286444 -3.8162e-06
-0.0286144 -3.89028e-06
-0.0285844 -3.96565e-06
-0.0285545 -4.04232e-06
-0.0285245 -4.1203e-06
-0.0284945 -4.19963e-06
-0.0284645 -4.28033e-06
-0.0284345 -4.36241e-06
-0.0284046 -4.4459e-06
-0.0283746 -4.53082e-06
-0.0283446 -4.61721e-06
-0.0283146 -4.70509e-06
-0.0282846 -4.79449e-06
-0.0282547 -4.88544e-06
-0.0282247 -4.97796e-06
-0.0281947 -5.0721e-06
-0.0281647 -5.16788e-06
-0.0281348 -5.26533e-06
-0.0281048 -5.3645e-06
-0.0280748 -5.4654e-06
-0.0280448 -5.56809e-06
-0.0280148 -5.67258e-06
-0.0279849 -5.77892e-06
-0.0279549 -5.88714e-06
-0.0279249 -5.99727e-06
-0.0278949 -6.10936e-06
-0.0278649 -6.22342e-06
-0.027835 -6.33951e-06
-0.027805 -6.45765e-06
-0.027775 -6.57789e-06
-0.027745 -6.70024e-06
-0.027715 -6.82476e-06
-0.0276851 -6.95147e-06
-0.0276551 -7.08042e-06
-0.0276251 -7.21162e-06
-0.0275951 -7.34513e-06
-0.0275651 -7.48098e-06
-0.0275352 -7.6192e-06
-0.0275052 -7.75983e-06
-0.0274752 -7.90291e-06
-0.0274452 -8.04847e-06
-0.0274153 -8.19655e-06
-0.0273853 -8.34719e-06
-0.0273553 -8.50043e-06
-0.0273253 -8.65631e-06
-0.0272953 -8.81486e-06
-0.0272654 -8.97613e-06
-0.0272354 -9.14016e-06
-0.0272054 -9.307e-06
-0.0271754 -9.47668e-06
-0.0271454 -9.64924e-06
-0.0271155 -9.82474e-06
-0.0270855 -1.00032e-05
-0.0270555 -1.01847e-05
-0.0270255 -1.03693e-05
-0.0269955 -1.0557e-05
-0.0269656 -1.07479e-05
-0.0269356 -1.09419e-05
-0.0269056 -1.11393e-05
-0.0268756 -1.134e-05
-0.0268456 -1.1544e-05
-0.0268157 -1.17515e-05
-0.0267857 -1.19625e-05
-0.0267557 -1.2177e-05
-0.0267257 -1.23951e-05
-0.0266957 -1.26168e-05
-0.0266658 -1.28423e-05
-0.0266358 -1.30715e-05
-0.0266058 -1.33045e-05
-0.0265758 -1.35415e-05
-0.0265459 -1.37824e-05
-0.0265159 -1.40273e-05
-0.0264859 -1.42762e-05
-0.0264559 -1.45293e-05
-0.0264259 -1.47866e-05
-0.026396 -1.50482e-05
-0.026366 -1.53141e-05
-0.026336 -1.55844e-05
-0.026306 -1.58592e-05
-0.026276 -1.61385e-05
-0.0262461 -1.64224e-05
-0.0262161 -1.6711e-05
-0.0261861 -1.70043e-05
-0.0261561 -1.73025e-05
-0.0261261 -1.76056e-05
-0.0260962 -1.79136e-05
-0.0260662 -1.82267e-05
-0.0260362 -1.85449e-05
-0.0260062 -1.88683e-05
-0.0259762 -1.9197e-05
-0.0259463 -1.95311e-05
-0.0259163 -1.98706e-05
-0.0258863 -2.02156e-05
-0.0258563 -2.05663e-05
-0.0258264 -2.09226e-05
-0.0257964 -2.12847e-05
-0.0257664 -2.16527e-05
-0.0257364 -2.20267e-05
-0.0257064 -2.24067e-05
-0.0256765 -2.27928e-05
-0.0256465 -2.31852e-05
-0.0256165 -2.35839e-05
-0.0255865 -2.3989e-05
-0.0255565 -2.44006e-05
-0.0255266 -2.48188e-05
-0.0254966 -2.52438e-05
-0.0254666 -2.56755e-05
-0.0254366 -2.61142e-05
-0.0254066 -2.65599e-05
-0.0253767 -2.70127e-05
-0.0253467 -2.74727e-05
-0.0253167 -2.79401e-05
-0.0252867 -2.84149e-05
-0.0252567 -2.88972e-05
-0.0252268 -2.93872e-05
-0.0251968 -2.9885e-05
-0.0251668 -3.03906e-05
-0.0251368 -3.09043e-05
-0.0251068 -3.14261e-05
-0.0250769 -3.19561e-05
-0.0250469 -3.24944e-05
-0.0250169 -3.30412e-05
-0.0249869 -3.35966e-05
-0.024957 -3.41607e-05
-0.024927 -3.47337e-05
-0.024897 -3.53156e-05
-0.024867 -3.59067e-05
-0.024837 -3.6507e-05
-0.0248071 -3.71166e-05
-0.0247771 -3.77357e-05
-0.0247471 -3.83645e-05
-0.0247171 -3.90031e-05
-0.0246871 -3.96516e-05
-0.0246572 -4.03101e-05
-0.0246272 -4.09788e-05
-0.0245972 -4.16579e-05
-0.0245672 -4.23476e-05
-0.0245372 -4.30478e-05
-0.0245073 -4.37589e-05
-0.0244773 -4.44809e-05
-0.0244473 -4.52141e-05
-0.0244173 -4.59585e-05
-0.0243873 -4.67143e-05
-0.0243574 -4.74818e-05
-0.0243274 -4.8261e-05
-0.0242974 -4.90522e-05
-0.0242674 -4.98555e-05
-0.0242375 -5.0671e-05
-0.0242075 -5.1499e-05
-0.0241775 -5.23396e-05
-0.0241475 -5.3193e-05
-0.0241175 -5.40594e-05
-0.0240876 -5.49389e-05
-0.0240576 -5.58318e-05
-0.0240276 -5.67382e-05
-0.0239976 -5.76583e-05
-0.0239676 -5.85923e-05
-0.0239377 -5.95404e-05
-0.0239077 -6.05029e-05
-0.0238777 -6.14797e-05
-0.0238477 -6.24713e-05
-0.0238177 -6.34778e-05
-0.0237878 -6.44994e-05
-0.0237578 -6.55362e-05
-0.0237278 -6.65886e-05
-0.0236978 -6.76566e-05
-0.0236678 -6.87406e-05
-0.0236379 -6.98408e-05
-0.0236079 -7.09573e-05
-0.0235779 -7.20904e-05
-0.0235479 -7.32402e-05
-0.0235179 -7.44071e-05
-0.023488 -7.55913e-05
-0.023458 -7.6793e-05
-0.023428 -7.80123e-05
-0.023398 -7.92497e-05
-0.0233681 -8.05052e-05
-0.0233381 -8.17792e-05
-0.0233081 -8.30719e-05
-0.0232781 -8.43836e-05
-0.0232481 -8.57144e-05
-0.0232182 -8.70648e-05
-0.0231882 -8.84348e-05
-0.0231582 -8.98249e-05
-0.0231282 -9.12352e-05
-0.0230982 -9.26661e-05
-0.0230683 -9.41177e-05
-0.0230383 -9.55905e-05
-0.0230083 -9.70846e-05
-0.0229783 -9.86004e-05
-0.0229483 -0.000100138
-0.0229184 -0.000101698
-0.0228884 -0.000103281
-0.0228584 -0.000104886
-0.0228284 -0.000106515
-0.0227984 -0.000108166
-0.0227685 -0.000109842
-0.0227385 -0.000111542
-0.0227085 -0.000113266
-0.0226785 -0.000115015
-0.0226486 -0.000116788
-0.0226186 -0.000118587
-0.0225886 -0.000120412
-0.0225586 -0.000122263
-0.0225286 -0.00012414
-0.0224987 -0.000126044
-0.0224687 -0.000127974
-0.0224387 -0.000129932
-0.0224087 -0.000131918
-0.0223787 -0.000133932
-0.0223488 -0.000135974
-0.0223188 -0.000138045
-0.0222888 -0.000140145
-0.0222588 -0.000142274
-0.0222288 -0.000144434
-0.0221989 -0.000146623
-0.0221689 -0.000148844
-0.0221389 -0.000151095
-0.0221089 -0.000153378
-0.0220789 -0.000155692
-0.022049 -0.000158039
-0.022019 -0.000160418
-0.021989 -0.00016283
-0.021959 -0.000165276
-0.021929 -0.000167756
-0.0218991 -0.00017027
-0.0218691 -0.000172818
-0.0218391 -0.000175402
-0.0218091 -0.000178021
-0.0217792 -0.000180677
-0.0217492 -0.000183368
-0.0217192 -0.000186097
-0.0216892 -0.000188863
-0.0216592 -0.000191667
-0.0216293 -0.00019451
-0.0215993 -0.000197391
-0.0215693 -0.000200311
-0.0215393 -0.000203271
-0.0215093 -0.000206271
-0.0214794 -0.000209312
-0.0214494 -0.000212394
-0.0214194 -0.000215518
-0.0213894 -0.000218685
-0.0213594 -0.000221893
-0.0213295 -0.000225146
-0.0212995 -0.000228442
-0.0212695 -0.000231782
-0.0212395 -0.000235167
-0.0212095 -0.000238597
-0.0211796 -0.000242074
-0.0211496 -0.000245596
-0.0211196 -0.000249166
-0.0210896 -0.000252784
-0.0210597 -0.000256449
-0.0210297 -0.000260164
-0.0209997 -0.000263927
-0.0209697 -0.000267741
-0.0209397 -0.000271605
-0.0209098 -0.00027552
-0.0208798 -0.000279487
-0.0208498 -0.000283506
-0.0208198 -0.000287578
-0.0207898 -0.000291703
-0.0207599 -0.000295883
-0.0207299 -0.000300117
-0.0206999 -0.000304407
-0.0206699 -0.000308753
-0.0206399 -0.000313156
-0.02061 -0.000317615
-0.02058 -0.000322134
-0.02055 -0.00032671
-0.02052 -0.000331346
-0.02049 -0.000336043
-0.0204601 -0.0003408
-0.0204301 -0.000345618
-0.0204001 -0.000350499
-0.0203701 -0.000355442
-0.0203401 -0.000360449
-0.0203102 -0.000365521
-0.0202802 -0.000370657
-0.0202502 -0.00037586
-0.0202202 -0.000381129
-0.0201903 -0.000386465
-0.0201603 -0.000391869
-0.0201303 -0.000397342
-0.0201003 -0.000402885
-0.0200703 -0.000408498
-0.0200404 -0.000414182
-0.0200104 -0.000419939
-0.0199804 -0.000425768
-0.0199504 -0.00043167
-0.0199204 -0.000437647
-0.0198905 -0.0004437
-0.0198605 -0.000449828
-0.0198305 -0.000456033
-0.0198005 -0.000462317
-0.0197705 -0.000468678
-0.0197406 -0.00047512
-0.0197106 -0.000481641
-0.0196806 -0.000488244
-0.0196506 -0.000494929
-0.0196206 -0.000501697
-0.0195907 -0.000508549
-0.0195607 -0.000515486
-0.0195307 -0.000522509
-0.0195007 -0.000529619
-0.0194708 -0.000536816
-0.0194408 -0.000544102
-0.0194108 -0.000551477
-0.0193808 -0.000558943
-0.0193508 -0.000566501
-0.0193209 -0.000574151
-0.0192909 -0.000581894
-0.0192609 -0.000589732
-0.0192309 -0.000597666
-0.0192009 -0.000605696
-0.019171 -0.000613823
-0.019141 -0.00062205
-0.019111 -0.000630376
-0.019081 -0.000638802
-0.019051 -0.00064733
-0.0190211 -0.000655961
-0.0189911 -0.000664696
-0.0189611 -0.000673536
-0.0189311 -0.000682482
-0.0189011 -0.000691535
-0.0188712 -0.000700696
-0.0188412 -0.000709967
-0.0188112 -0.000719349
-0.0187812 -0.000728841
-0.0187512 -0.000738447
-0.0187213 -0.000748167
-0.0186913 -0.000758002
-0.0186613 -0.000767953
-0.0186313 -0.000778022
-0.0186014 -0.00078821
-0.0185714 -0.000798517
-0.0185414 -0.000808946
-0.0185114 -0.000819497
-0.0184814 -0.000830172
-0.0184515 -0.000840972
-0.0184215 -0.000851898
-0.0183915 -0.000862951
-0.0183615 -0.000874134
-0.0183315 -0.000885446
-0.0183016 -0.000896889
-0.0182716 -0.000908465
-0.0182416 -0.000920176
-0.0182116 -0.000932021
-0.0181816 -0.000944003
-0.0181517 -0.000956123
-0.0181217 -0.000968383
-0.0180917 -0.000980783
-0.0180617 -0.000993326
-0.0180317 -0.00100601
-0.0180018 -0.00101884
-0.0179718 -0.00103182
-0.0179418 -0.00104495
-0.0179118 -0.00105822
-0.0178819 -0.00107164
-0.0178519 -0.00108522
-0.0178219 -0.00109895
-0.0177919 -0.00111284
-0.0177619 -0.00112688
-0.017732 -0.00114108
-0.017702 -0.00115544
-0.017672 -0.00116996
-0.017642 -0.00118465
-0.017612 -0.0011995
-0.0175821 -0.00121451
-0.0175521 -0.00122969
-0.0175221 -0.00124504
-0.0174921 -0.00126056
-0.0174621 -0.00127626
-0.0174322 -0.00129213
-0.0174022 -0.00130817
-0.0173722 -0.00132439
-0.0173422 -0.00134079
-0.0173122 -0.00135736
-0.0172823 -0.00137413
-0.0172523 -0.00139107
-0.0172223 -0.0014082
-0.0171923 -0.00142552
-0.0171623 -0.00144302
-0.0171324 -0.00146072
-0.0171024 -0.00147861
-0.0170724 -0.00149669
-0.0170424 -0.00151497
-0.0170125 -0.00153345
-0.0169825 -0.00155212
-0.0169525 -0.001571
-0.0169225 -0.00159008
-0.0168925 -0.00160936
-0.0168626 -0.00162886
-0.0168326 -0.00164856
-0.0168026 -0.00166847
-0.0167726 -0.00168859
-0.0167426 -0.00170893
-0.0167127 -0.00172948
-0.0166827 -0.00175026
-0.0166527 -0.00177125
-0.0166227 -0.00179246
-0.0165927 -0.0018139
-0.0165628 -0.00183556
-0.0165328 -0.00185745
-0.0165028 -0.00187958
-0.0164728 -0.00190193
-0.0164428 -0.00192452
-0.0164129 -0.00194734
-0.0163829 -0.0019704
-0.0163529 -0.0019937
-0.0163229 -0.00201724
-0.016293 -0.00204103
-0.016263 -0.00206506
-0.016233 -0.00208935
-0.016203 -0.00211388
-0.016173 -0.00213866
-0.0161431 -0.0021637
-0.0161131 -0.002189
-0.0160831 -0.00221455
-0.0160531 -0.00224037
-0.0160231 -0.00226645
-0.0159932 -0.00229279
-0.0159632 -0.00231941
-0.0159332 -0.00234629
-0.0159032 -0.00237345
-0.0158732 -0.00240088
-0.0158433 -0.00242858
-0.0158133 -0.00245657
-0.0157833 -0.00248483
-0.0157533 -0.00251338
-0.0157233 -0.00254222
-0.0156934 -0.00257135
-0.0156634 -0.00260076
-0.0156334 -0.00263047
-0.0156034 -0.00266047
-0.0155734 -0.00269077
-0.0155435 -0.00272137
-0.0155135 -0.00275228
-0.0154835 -0.00278349
-0.0154535 -0.002815
-0.0154236 -0.00284683
-0.0153936 -0.00287897
-0.0153636 -0.00291142
-0.0153336 -0.00294419
-0.0153036 -0.00297728
-0.0152737 -0.00301069
-0.0152437 -0.00304443
-0.0152137 -0.00307849
-0.0151837 -0.00311289
-0.0151537 -0.00314761
-0.0151238 -0.00318267
-0.0150938 -0.00321807
-0.0150638 -0.00325381
-0.0150338 -0.00328989
-0.0150038 -0.00332631
-0.0149739 -0.00336309
-0.0149439 -0.00340021
-0.0149139 -0.00343769
-0.0148839 -0.00347552
-0.0148539 -0.00351372
-0.014824 -0.00355227
-0.014794 -0.00359119
-0.014764 -0.00363047
-0.014734 -0.00367012
-0.0147041 -0.00371015
-0.0146741 -0.00375055
-0.0146441 -0.00379132
-0.0146141 -0.00383248
-0.0145841 -0.00387402
-0.0145542 -0.00391595
-0.0145242 -0.00395826
-0.0144942 -0.00400097
-0.0144642 -0.00404407
-0.0144342 -0.00408757
-0.0144043 -0.00413147
-0.0143743 -0.00417577
-0.0143443 -0.00422047
-0.0143143 -0.00426559
-0.0142843 -0.00431111
-0.0142544 -0.00435705
-0.0142244 -0.00440341
-0.0141944 -0.00445019
-0.0141644 -0.00449739
-0.0141344 -0.00454502
-0.0141045 -0.00459308
-0.0140745 -0.00464156
-0.0140445 -0.00469049
-0.0140145 -0.00473985
-0.0139845 -0.00478965
-0.0139546 -0.0048399
-0.0139246 -0.00489059
-0.0138946 -0.00494174
-0.0138646 -0.00499333
-0.0138347 -0.00504538
-0.0138047 -0.0050979
-0.0137747 -0.00515087
-0.0137447 -0.00520431
-0.0137147 -0.00525822
-0.0136848 -0.0053126
-0.0136548 -0.00536745
-0.0136248 -0.00542278
-0.0135948 -0.00547859
-0.0135648 -0.00553489
-0.0135349 -0.00559167
-0.0135049 -0.00564895
-0.0134749 -0.00570671
-0.0134449 -0.00576498
-0.0134149 -0.00582374
-0.013385 -0.00588301
-0.013355 -0.00594278
-0.013325 -0.00600306
-0.013295 -0.00606386
-0.013265 -0.00612517
-0.0132351 -0.00618699
-0.0132051 -0.00624935
-0.0131751 -0.00631222
-0.0131451 -0.00637563
-0.0131152 -0.00643956
-0.0130852 -0.00650404
-0.0130552 -0.00656905
-0.0130252 -0.0066346
-0.0129952 -0.0067007
-0.0129653 -0.00676734
-0.0129353 -0.00683454
-0.0129053 -0.00690229
-0.0128753 -0.0069706
-0.0128453 -0.00703948
-0.0128154 -0.00710891
-0.0127854 -0.00717892
-0.0127554 -0.0072495
-0.0127254 -0.00732065
-0.0126954 -0.00739238
-0.0126655 -0.00746469
-0.0126355 -0.00753758
-0.0126055 -0.00761107
-0.0125755 -0.00768514
-0.0125455 -0.00775981
-0.0125156 -0.00783508
-0.0124856 -0.00791096
-0.0124556 -0.00798743
-0.0124256 -0.00806452
-0.0123956 -0.00814221
-0.0123657 -0.00822052
-0.0123357 -0.00829945
-0.0123057 -0.00837901
-0.0122757 -0.00845918
-0.0122458 -0.00853999
-0.0122158 -0.00862143
-0.0121858 -0.0087035
-0.0121558 -0.00878622
-0.0121258 -0.00886957
-0.0120959 -0.00895358
-0.0120659 -0.00903823
-0.0120359 -0.00912353
-0.0120059 -0.00920949
-0.0119759 -0.00929611
-0.011946 -0.00938339
-0.011916 -0.00947134
-0.011886 -0.00955996
-0.011856 -0.00964925
-0.011826 -0.00973922
-0.0117961 -0.00982987
-0.0117661 -0.0099212
-0.0117361 -0.0100132
-0.0117061 -0.0101059
-0.0116761 -0.0101993
-0.0116462 -0.0102934
-0.0116162 -0.0103882
-0.0115862 -0.0104837
-0.0115562 -0.01058
-0.0115263 -0.0106769
-0.0114963 -0.0107745
-0.0114663 -0.0108729
-0.0114363 -0.0109719
-0.0114063 -0.0110717
-0.0113764 -0.0111723
-0.0113464 -0.0112735
-0.0113164 -0.0113755
-0.0112864 -0.0114783
-0.0112564 -0.0115817
-0.0112265 -0.0116859
-0.0111965 -0.0117909
-0.0111665 -0.0118966
-0.0111365 -0.0120031
-0.0111065 -0.0121103
-0.0110766 -0.0122183
-0.0110466 -0.0123271
-0.0110166 -0.0124366
-0.0109866 -0.0125469
-0.0109566 -0.012658
-0.0109267 -0.0127698
-0.0108967 -0.0128825
-0.0108667 -0.0129959
-0.0108367 -0.0131101
-0.0108067 -0.0132251
-0.0107768 -0.0133409
-0.0107468 -0.0134575
-0.0107168 -0.0135748
-0.0106868 -0.013693
-0.0106569 -0.013812
-0.0106269 -0.0139319
-0.0105969 -0.0140525
-0.0105669 -0.0141739
-0.0105369 -0.0142962
-0.010507 -0.0144193
-0.010477 -0.0145432
-0.010447 -0.014668
-0.010417 -0.0147935
-0.010387 -0.01492
-0.0103571 -0.0150472
-0.0103271 -0.0151753
-0.0102971 -0.0153043
-0.0102671 -0.0154341
-0.0102371 -0.0155647
-0.0102072 -0.0156962
-0.0101772 -0.0158286
-0.0101472 -0.0159618
-0.0101172 -0.0160959
-0.0100872 -0.0162308
-0.0100573 -0.0163667
-0.0100273 -0.0165034
-0.00999731 -0.0166409
-0.00996733 -0.0167794
-0.00993735 -0.0169187
-0.00990737 -0.0170589
-0.00987739 -0.0172
-0.00984741 -0.017342
-0.00981743 -0.0174849
-0.00978745 -0.0176287
-0.00975748 -0.0177734
-0.0097275 -0.017919
-0.00969752 -0.0180655
-0.00966754 -0.0182129
-0.00963756 -0.0183612
-0.00960758 -0.0185105
-0.0095776 -0.0186606
-0.00954762 -0.0188117
-0.00951764 -0.0189637
-0.00948766 -0.0191166
-0.00945768 -0.0192704
-0.0094277 -0.0194252
-0.00939772 -0.0195809
-0.00936774 -0.0197375
-0.00933777 -0.0198951
-0.00930779 -0.0200536
-0.00927781 -0.0202131
-0.00924783 -0.0203735
-0.00921785 -0.0205348
-0.00918787 -0.0206971
-0.00915789 -0.0208604
-0.00912791 -0.0210246
-0.00909793 -0.0211897
-0.00906795 -0.0213559
-0.00903797 -0.0215229
-0.00900799 -0.021691
-0.00897801 -0.02186
-0.00894804 -0.02203
-0.00891806 -0.0222009
-0.00888808 -0.0223729
-0.0088581 -0.0225458
-0.00882812 -0.0227196
-0.00879814 -0.0228945
-0.00876816 -0.0230703
-0.00873818 -0.0232471
-0.0087082 -0.023425
-0.00867822 -0.0236037
-0.00864824 -0.0237835
-0.00861826 -0.0239643
-0.00858828 -0.0241461
-0.00855831 -0.0243288
-0.00852833 -0.0245126
-0.00849835 -0.0246974
-0.00846837 -0.0248831
-0.00843839 -0.0250699
-0.00840841 -0.0252576
-0.00837843 -0.0254464
-0.00834845 -0.0256362
-0.00831847 -0.025827
-0.00828849 -0.0260188
-0.00825851 -0.0262116
-0.00822853 -0.0264054
-0.00819855 -0.0266002
-0.00816858 -0.0267961
-0.0081386 -0.026993
-0.00810862 -0.0271908
-0.00807864 -0.0273898
-0.00804866 -0.0275897
-0.00801868 -0.0277906
-0.0079887 -0.0279926
-0.00795872 -0.0281956
-0.00792874 -0.0283997
-0.00789876 -0.0286047
-0.00786878 -0.0288108
-0.0078388 -0.0290179
-0.00780882 -0.0292261
-0.00777884 -0.0294353
-0.00774887 -0.0296455
-0.00771889 -0.0298567
-0.00768891 -0.030069
-0.00765893 -0.0302823
-0.00762895 -0.0304967
-0.00759897 -0.0307121
-0.00756899 -0.0309285
-0.00753901 -0.031146
-0.00750903 -0.0313645
-0.00747905 -0.031584
-0.00744907 -0.0318046
-0.00741909 -0.0320262
-0.00738911 -0.0322489
-0.00735914 -0.0324726
-0.00732916 -0.0326973
-0.00729918 -0.0329231
-0.0072692 -0.0331499
-0.00723922 -0.0333778
-0.00720924 -0.0336067
-0.00717926 -0.0338367
-0.00714928 -0.0340677
-0.0071193 -0.0342997
-0.00708932 -0.0345328
-0.00705934 -0.0347669
-0.00702936 -0.0350021
-0.00699938 -0.0352383
-0.00696941 -0.0354755
-0.00693943 -0.0357138
-0.00690945 -0.0359531
-0.00687947 -0.0361935
-0.00684949 -0.0364349
-0.00681951 -0.0366774
-0.00678953 -0.0369209
-0.00675955 -0.0371654
-0.00672957 -0.0374109
-0.00669959 -0.0376576
-0.00666961 -0.0379052
-0.00663963 -0.0381539
-0.00660965 -0.0384036
-0.00657967 -0.0386543
-0.0065497 -0.0389061
-0.00651972 -0.0391589
-0.00648974 -0.0394128
-0.00645976 -0.0396676
-0.00642978 -0.0399235
-0.0063998 -0.0401805
-0.00636982 -0.0404384
-0.00633984 -0.0406974
-0.00630986 -0.0409574
-0.00627988 -0.0412184
-0.0062499 -0.0414805
-0.00621992 -0.0417436
-0.00618994 -0.0420077
-0.00615997 -0.0422728
-0.00612999 -0.0425389
-0.00610001 -0.042806
-0.00607003 -0.0430742
-0.00604005 -0.0433433
-0.00601007 -0.0436135
-0.00598009 -0.0438847
-0.00595011 -0.0441568
-0.00592013 -0.04443
-0.00589015 -0.0447042
-0.00586017 -0.0449794
-0.00583019 -0.0452555
-0.00580021 -0.0455327
-0.00577024 -0.0458109
-0.00574026 -0.04609
-0.00571028 -0.0463701
-0.0056803 -0.0466512
-0.00565032 -0.0469333
-0.00562034 -0.0472164
-0.00559036 -0.0475004
-0.00556038 -0.0477855
-0.0055304 -0.0480715
-0.00550042 -0.0483584
-0.00547044 -0.0486463
-0.00544046 -0.0489352
-0.00541048 -0.0492251
-0.00538051 -0.0495159
-0.00535053 -0.0498076
-0.00532055 -0.0501003
-0.00529057 -0.0503939
-0.00526059 -0.0506885
-0.00523061 -0.050984
-0.00520063 -0.0512805
-0.00517065 -0.0515779
-0.00514067 -0.0518762
-0.00511069 -0.0521755
-0.00508071 -0.0524756
-0.00505073 -0.0527767
-0.00502075 -0.0530787
-0.00499077 -0.0533816
-0.0049608 -0.0536854
-0.00493082 -0.0539901
-0.00490084 -0.0542958
-0.00487086 -0.0546023
-0.00484088 -0.0549097
-0.0048109 -0.0552179
-0.00478092 -0.0555271
-0.00475094 -0.0558371
-0.00472096 -0.056148
-0.00469098 -0.0564598
-0.004661 -0.0567725
-0.00463102 -0.057086
-0.00460104 -0.0574003
-0.00457107 -0.0577155
-0.00454109 -0.0580315
-0.00451111 -0.0583484
-0.00448113 -0.0586661
-0.00445115 -0.0589847
-0.00442117 -0.0593041
-0.00439119 -0.0596243
-0.00436121 -0.0599453
-0.00433123 -0.0602671
-0.00430125 -0.0605897
-0.00427127 -0.0609131
-0.00424129 -0.0612373
-0.00421131 -0.0615623
-0.00418134 -0.0618881
-0.00415136 -0.0622146
-0.00412138 -0.062542
-0.0040914 -0.06287
-0.00406142 -0.0631989
-0.00403144 -0.0635285
-0.00400146 -0.0638588
-0.00397148 -0.0641899
-0.0039415 -0.0645217
-0.00391152 -0.0648543
-0.00388154 -0.0651875
-0.00385156 -0.0655215
-0.00382158 -0.0658562
-0.00379161 -0.0661916
-0.00376163 -0.0665277
-0.00373165 -0.0668645
-0.00370167 -0.067202
-0.00367169 -0.0675401
-0.00364171 -0.067879
-0.00361173 -0.0682185
-0.00358175 -0.0685586
-0.00355177 -0.0688994
-0.00352179 -0.0692408
-0.00349181 -0.0695829
-0.00346183 -0.0699256
-0.00343185 -0.0702689
-0.00340187 -0.0706129
-0.0033719 -0.0709574
-0.00334192 -0.0713026
-0.00331194 -0.0716483
-0.00328196 -0.0719946
-0.00325198 -0.0723415
-0.003222 -0.072689
-0.00319202 -0.073037
-0.00316204 -0.0733856
-0.00313206 -0.0737348
-0.00310208 -0.0740845
-0.0030721 -0.0744347
-0.00304212 -0.0747854
-0.00301214 -0.0751367
-0.00298217 -0.0754884
-0.00295219 -0.0758407
-0.00292221 -0.0761934
-0.00289223 -0.0765467
-0.00286225 -0.0769004
-0.00283227 -0.0772546
-0.00280229 -0.0776092
-0.00277231 -0.0779643
-0.00274233 -0.0783198
-0.00271235 -0.0786758
-0.00268237 -0.0790322
-0.00265239 -0.079389
-0.00262241 -0.0797462
-0.00259244 -0.0801038
-0.00256246 -0.0804618
-0.00253248 -0.0808202
-0.0025025 -0.0811789
-0.00247252 -0.0815381
-0.00244254 -0.0818975
-0.00241256 -0.0822573
-0.00238258 -0.0826175
-0.0023526 -0.082978
-0.00232262 -0.0833388
-0.00229264 -0.0836999
-0.00226266 -0.0840612
-0.00223268 -0.0844229
-0.00220271 -0.0847849
-0.00217273 -0.0851471
-0.00214275 -0.0855096
-0.00211277 -0.0858724
-0.00208279 -0.0862354
-0.00205281 -0.0865986
-0.00202283 -0.086962
-0.00199285 -0.0873257
-0.00196287 -0.0876895
-0.00193289 -0.0880536
-0.00190291 -0.0884178
-0.00187293 -0.0887822
-0.00184295 -0.0891468
-0.00181297 -0.0895115
-0.001783 -0.0898763
-0.00175302 -0.0902413
-0.00172304 -0.0906064
-0.00169306 -0.0909716
-0.00166308 -0.0913369
-0.0016331 -0.0917023
-0.00160312 -0.0920678
-0.00157314 -0.0924333
-0.00154316 -0.0927989
-0.00151318 -0.0931646
-0.0014832 -0.0935303
-0.00145322 -0.093896
-0.00142324 -0.0942617
-0.00139327 -0.0946274
-0.00136329 -0.0949932
-0.00133331 -0.0953589
-0.00130333 -0.0957245
-0.00127335 -0.0960902
-0.00124337 -0.0964558
-0.00121339 -0.0968213
-0.00118341 -0.0971867
-0.00115343 -0.0975521
-0.00112345 -0.0979174
-0.00109347 -0.0982825
-0.00106349 -0.0986476
-0.00103351 -0.0990125
-0.00100354 -0.0993773
-0.000973556 -0.0997419
-0.000943577 -0.100106
-0.000913598 -0.100471
-0.000883618 -0.100835
-0.000853639 -0.101199
-0.00082366 -0.101562
-0.000793681 -0.101926
-0.000763701 -0.102289
-0.000733722 -0.102652
-0.000703743 -0.103015
-0.000673764 -0.103377
-0.000643784 -0.103739
-0.000613805 -0.104101
-0.000583826 -0.104463
-0.000553847 -0.104824
-0.000523867 -0.105185
-0.000493888 -0.105546
-0.000463909 -0.105906
-0.00043393 -0.106266
-0.00040395 -0.106625
-0.000373971 -0.106985
-0.000343992 -0.107343
-0.000314013 -0.107702
-0.000284033 -0.108059
-0.000254054 -0.108417
-0.000224075 -0.108774
-0.000194096 -0.109131
-0.000164116 -0.109487
-0.000134137 -0.109842
-0.000104158 -0.110197
-7.41786e-05 -0.110552
-4.41994e-05 -0.110906
-1.42202e-05 -0.111259
1.57591e-05 -0.111612
4.57383e-05 -0.111965
7.57176e-05 -0.112317
0.000105697 -0.112668
0.000135676 -0.113019
0.000165655 -0.113369
0.000195635 -0.113718
0.000225614 -0.114067
0.000255593 -0.114415
0.000285572 -0.114763
0.000315552 -0.11511
0.000345531 -0.115456
0.00037551 -0.115801
0.000405489 -0.116146
0.000435469 -0.11649
0.000465448 -0.116833
0.000495427 -0.117176
0.000525406 -0.117518
0.000555386 -0.117859
0.000585365 -0.118199
0.000615344 -0.118538
0.000645323 -0.118877
0.000675302 -0.119215
0.000705282 -0.119552
0.000735261 -0.119888
0.00076524 -0.120223
0.000795219 -0.120557
0.000825199 -0.120891
0.000855178 -0.121224
0.000885157 -0.121555
0.000915136 -0.121886
0.000945116 -0.122216
0.000975095 -0.122545
0.00100507 -0.122873
0.00103505 -0.123199
0.00106503 -0.123525
0.00109501 -0.12385
0.00112499 -0.124174
0.00115497 -0.124497
0.00118495 -0.124819
0.00121493 -0.12514
0.00124491 -0.12546
0.00127489 -0.125778
0.00130487 -0.126096
0.00133485 -0.126412
0.00136483 -0.126728
0.0013948 -0.127042
0.00142478 -0.127355
0.00145476 -0.127667
0.00148474 -0.127978
0.00151472 -0.128287
0.0015447 -0.128596
0.00157468 -0.128903
0.00160466 -0.129209
0.00163464 -0.129513
0.00166462 -0.129817
0.0016946 -0.130119
0.00172458 -0.13042
0.00175456 -0.13072
0.00178453 -0.131018
0.00181451 -0.131315
0.00184449 -0.131611
0.00187447 -0.131905
0.00190445 -0.132199
0.00193443 -0.13249
0.00196441 -0.132781
0.00199439 -0.13307
0.00202437 -0.133357
0.00205435 -0.133643
0.00208433 -0.133928
0.00211431 -0.134211
0.00214429 -0.134493
0.00217426 -0.134774
0.00220424 -0.135053
0.00223422 -0.13533
0.0022642 -0.135606
0.00229418 -0.135881
0.00232416 -0.136154
0.00235414 -0.136425
0.00238412 -0.136695
0.0024141 -0.136963
0.00244408 -0.13723
0.00247406 -0.137495
0.00250404 -0.137759
0.00253402 -0.138021
0.00256399 -0.138281
0.00259397 -0.13854
0.00262395 -0.138797
0.00265393 -0.139052
0.00268391 -0.139306
0.00271389 -0.139558
0.00274387 -0.139809
0.00277385 -0.140057
0.00280383 -0.140304
0.00283381 -0.14055
0.00286379 -0.140793
0.00289377 -0.141035
0.00292375 -0.141275
0.00295373 -0.141514
0.0029837 -0.14175
0.00301368 -0.141985
0.00304366 -0.142218
0.00307364 -0.142449
0.00310362 -0.142678
0.0031336 -0.142905
0.00316358 -0.143131
0.00319356 -0.143355
0.00322354 -0.143577
0.00325352 -0.143797
0.0032835 -0.144015
0.00331348 -0.144231
0.00334346 -0.144445
0.00337343 -0.144658
0.00340341 -0.144868
0.00343339 -0.145076
0.00346337 -0.145283
0.00349335 -0.145487
0.00352333 -0.14569
0.00355331 -0.14589
0.00358329 -0.146089
0.00361327 -0.146286
0.00364325 -0.14648
0.00367323 -0.146673
0.00370321 -0.146863
0.00373319 -0.147051
0.00376316 -0.147238
0.00379314 -0.147422
0.00382312 -0.147604
0.0038531 -0.147784
0.00388308 -0.147962
0.00391306 -0.148138
0.00394304 -0.148312
0.00397302 -0.148483
0.004003 -0.148652
0.00403298 -0.14882
0.00406296 -0.148985
0.00409294 -0.149148
0.00412292 -0.149308
0.0041529 -0.149467
0.00418287 -0.149623
0.00421285 -0.149777
0.00424283 -0.149929
0.00427281 -0.150079
0.00430279 -0.150226
0.00433277 -0.150372
0.00436275 -0.150514
0.00439273 -0.150655
0.00442271 -0.150793
0.00445269 -0.15093
0.00448267 -0.151063
0.00451265 -0.151195
0.00454263 -0.151324
0.0045726 -0.151451
0.00460258 -0.151575
0.00463256 -0.151697
0.00466254 -0.151817
0.00469252 -0.151935
0.0047225 -0.15205
0.00475248 -0.152162
0.00478246 -0.152273
0.00481244 -0.152381
0.00484242 -0.152486
0.0048724 -0.152589
0.00490238 -0.15269
0.00493236 -0.152788
0.00496233 -0.152884
0.00499231 -0.152977
0.00502229 -0.153068
0.00505227 -0.153157
0.00508225 -0.153243
0.00511223 -0.153326
0.00514221 -0.153408
0.00517219 -0.153486
0.00520217 -0.153562
0.00523215 -0.153636
0.00526213 -0.153707
0.00529211 -0.153776
0.00532209 -0.153842
0.00535206 -0.153905
0.00538204 -0.153966
0.00541202 -0.154025
0.005442 -0.154081
0.00547198 -0.154134
0.00550196 -0.154185
0.00553194 -0.154233
0.00556192 -0.154279
0.0055919 -0.154322
0.00562188 -0.154362
0.00565186 -0.1544
0.00568184 -0.154435
0.00571182 -0.154468
0.0057418 -0.154498
0.00577177 -0.154526
0.00580175 -0.15455
0.00583173 -0.154573
0.00586171 -0.154592
0.00589169 -0.154609
0.00592167 -0.154624
0.00595165 -0.154635
0.00598163 -0.154644
0.00601161 -0.154651
0.00604159 -0.154654
0.00607157 -0.154655
0.00610155 -0.154653
0.00613153 -0.154649
0.0061615 -0.154642
0.00619148 -0.154632
0.00622146 -0.15462
0.00625144 -0.154605
0.00628142 -0.154587
0.0063114 -0.154566
0.00634138 -0.154543
0.00637136 -0.154517
0.00640134 -0.154489
0.00643132 -0.154457
0.0064613 -0.154423
0.00649128 -0.154386
0.00652126 -0.154347
0.00655123 -0.154304
0.00658121 -0.154259
0.00661119 -0.154211
0.00664117 -0.154161
0.00667115 -0.154107
0.00670113 -0.154051
0.00673111 -0.153992
0.00676109 -0.153931
0.00679107 -0.153866
0.00682105 -0.153799
0.00685103 -0.153729
0.00688101 -0.153657
0.00691099 -0.153581
0.00694096 -0.153503
0.00697094 -0.153422
0.00700092 -0.153338
0.0070309 -0.153252
0.00706088 -0.153162
0.00709086 -0.15307
0.00712084 -0.152975
0.00715082 -0.152877
0.0071808 -0.152777
0.00721078 -0.152673
0.00724076 -0.152567
0.00727074 -0.152458
0.00730072 -0.152347
0.0073307 -0.152232
0.00736067 -0.152115
0.00739065 -0.151994
0.00742063 -0.151871
0.00745061 -0.151746
0.00748059 -0.151617
0.00751057 -0.151486
0.00754055 -0.151351
0.00757053 -0.151214
0.00760051 -0.151075
0.00763049 -0.150932
0.00766047 -0.150787
0.00769045 -0.150638
0.00772043 -0.150487
0.0077504 -0.150333
0.00778038 -0.150177
0.00781036 -0.150017
0.00784034 -0.149855
0.00787032 -0.14969
0.0079003 -0.149522
0.00793028 -0.149351
0.00796026 -0.149177
0.00799024 -0.149001
0.00802022 -0.148822
0.0080502 -0.14864
0.00808018 -0.148455
0.00811016 -0.148267
0.00814013 -0.148077
0.00817011 -0.147883
0.00820009 -0.147687
0.00823007 -0.147489
0.00826005 -0.147287
0.00829003 -0.147082
0.00832001 -0.146875
0.00834999 -0.146665
0.00837997 -0.146452
0.00840995 -0.146237
0.00843993 -0.146018
0.00846991 -0.145797
0.00849989 -0.145573
0.00852986 -0.145346
0.00855984 -0.145117
0.00858982 -0.144884
0.0086198 -0.144649
0.00864978 -0.144411
0.00867976 -0.144171
0.00870974 -0.143927
0.00873972 -0.143681
0.0087697 -0.143432
0.00879968 -0.14318
0.00882966 -0.142926
0.00885964 -0.142669
0.00888962 -0.142409
0.0089196 -0.142146
0.00894957 -0.14188
0.00897955 -0.141612
0.00900953 -0.141341
0.00903951 -0.141068
0.00906949 -0.140791
0.00909947 -0.140512
0.00912945 -0.14023
0.00915943 -0.139946
0.00918941 -0.139658
0.00921939 -0.139368
0.00924937 -0.139076
0.00927935 -0.13878
0.00930933 -0.138482
0.0093393 -0.138181
0.00936928 -0.137878
0.00939926 -0.137572
0.00942924 -0.137263
0.00945922 -0.136952
0.0094892 -0.136637
0.00951918 -0.136321
0.00954916 -0.136001
0.00957914 -0.135679
0.00960912 -0.135354
0.0096391 -0.135027
0.00966908 -0.134697
0.00969906 -0.134364
0.00972903 -0.134029
0.00975901 -0.133691
0.00978899 -0.13335
0.00981897 -0.133007
0.00984895 -0.132661
0.00987893 -0.132313
0.00990891 -0.131962
0.00993889 -0.131609
0.00996887 -0.131253
0.00999885 -0.130894
0.0100288 -0.130533
0.0100588 -0.130169
0.0100888 -0.129803
0.0101188 -0.129434
0.0101487 -0.129063
0.0101787 -0.128689
0.0102087 -0.128312
0.0102387 -0.127934
0.0102687 -0.127552
0.0102986 -0.127168
0.0103286 -0.126782
0.0103586 -0.126393
0.0103886 -0.126002
0.0104186 -0.125608
0.0104485 -0.125211
0.0104785 -0.124813
0.0105085 -0.124412
0.0105385 -0.124008
0.0105685 -0.123602
0.0105984 -0.123193
0.0106284 -0.122782
0.0106584 -0.122369
0.0106884 -0.121954
0.0107183 -0.121535
0.0107483 -0.121115
0.0107783 -0.120692
0.0108083 -0.120267
0.0108383 -0.119839
0.0108682 -0.11941
0.0108982 -0.118977
0.0109282 -0.118543
0.0109582 -0.118106
0.0109882 -0.117667
0.0110181 -0.117225
0.0110481 -0.116782
0.0110781 -0.116335
0.0111081 -0.115887
0.0111381 -0.115437
0.011168 -0.114984
0.011198 -0.114529
0.011228 -0.114071
0.011258 -0.113612
0.011288 -0.11315
0.0113179 -0.112686
0.0113479 -0.11222
0.0113779 -0.111752
0.0114079 -0.111281
0.0114379 -0.110809
0.0114678 -0.110334
0.0114978 -0.109857
0.0115278 -0.109378
0.0115578 -0.108896
0.0115877 -0.108413
0.0116177 -0.107928
0.0116477 -0.10744
0.0116777 -0.106951
0.0117077 -0.106459
0.0117376 -0.105965
0.0117676 -0.105469
0.0117976 -0.104972
0.0118276 -0.104472
0.0118576 -0.10397
0.0118875 -0.103466
0.0119175 -0.10296
0.0119475 -0.102452
0.0119775 -0.101943
0.0120075 -0.101431
0.0120374 -0.100917
0.0120674 -0.100401
0.0120974 -0.0998838
0.0121274 -0.0993643
0.0121574 -0.098843
0.0121873 -0.0983197
0.0122173 -0.0977945
0.0122473 -0.0972675
0.0122773 -0.0967386
0.0123072 -0.0962079
0.0123372 -0.0956754
0.0123672 -0.095141
0.0123972 -0.0946048
0.0124272 -0.0940669
0.0124571 -0.0935271
0.0124871 -0.0929856
0.0125171 -0.0924423
0.0125471 -0.0918973
0.0125771 -0.0913506
0.012607 -0.0908021
0.012637 -0.090252
0.012667 -0.0897001
0.012697 -0.0891466
0.012727 -0.0885913
0.0127569 -0.0880345
0.0127869 -0.087476
0.0128169 -0.0869158
0.0128469 -0.0863541
0.0128769 -0.0857907
0.0129068 -0.0852258
0.0129368 -0.0846592
0.0129668 -0.0840912
0.0129968 -0.0835215
0.0130268 -0.0829503
0.0130567 -0.0823776
0.0130867 -0.0818034
0.0131167 -0.0812277
0.0131467 -0.0806505
0.0131766 -0.0800719
0.0132066 -0.0794918
0.0132366 -0.0789102
0.0132666 -0.0783272
0.0132966 -0.0777428
0.0133265 -0.077157
0.0133565 -0.0765698
0.0133865 -0.0759812
0.0134165 -0.0753913
0.0134465 -0.0748001
0.0134764 -0.0742074
0.0135064 -0.0736135
0.0135364 -0.0730183
0.0135664 -0.0724218
0.0135964 -0.071824
0.0136263 -0.0712249
0.0136563 -0.0706246
0.0136863 -0.0700231
0.0137163 -0.0694204
0.0137463 -0.0688164
0.0137762 -0.0682113
0.0138062 -0.067605
0.0138362 -0.0669975
0.0138662 -0.0663889
0.0138961 -0.0657791
0.0139261 -0.0651682
0.0139561 -0.0645563
0.0139861 -0.0639432
0.0140161 -0.0633291
0.014046 -0.0627139
0.014076 -0.0620977
0.014106 -0.0614804
0.014136 -0.0608621
0.014166 -0.0602429
0.0141959 -0.0596226
0.0142259 -0.0590014
0.0142559 -0.0583792
0.0142859 -0.0577561
0.0143159 -0.0571321
0.0143458 -0.0565071
0.0143758 -0.0558813
0.0144058 -0.0552546
0.0144358 -0.054627
0.0144658 -0.0539986
0.0144957 -0.0533693
0.0145257 -0.0527393
0.0145557 -0.0521084
0.0145857 -0.0514767
0.0146157 -0.0508443
0.0146456 -0.0502111
0.0146756 -0.0495772
0.0147056 -0.0489426
0.0147356 -0.0483072
0.0147655 -0.0476712
0.0147955 -0.0470345
0.0148255 -0.0463971
0.0148555 -0.0457591
0.0148855 -0.0451204
0.0149154 -0.0444811
0.0149454 -0.0438413
0.0149754 -0.0432008
0.0150054 -0.0425598
0.0150354 -0.0419182
0.0150653 -0.0412761
0.0150953 -0.0406335
0.0151253 -0.0399904
0.0151553 -0.0393468
0.0151853 -0.0387027
0.0152152 -0.0380581
0.0152452 -0.0374132
0.0152752 -0.0367677
0.0153052 -0.0361219
0.0153352 -0.0354757
0.0153651 -0.0348291
0.0153951 -0.0341822
0.0154251 -0.0335349
0.0154551 -0.0328873
0.015485 -0.0322394
0.015515 -0.0315911
0.015545 -0.0309426
0.015575 -0.0302939
0.015605 -0.0296448
0.0156349 -0.0289956
0.0156649 -0.0283461
0.0156949 -0.0276965
0.0157249 -0.0270466
0.0157549 -0.0263966
0.0157848 -0.0257465
0.0158148 -0.0250962
0.0158448 -0.0244458
0.0158748 -0.0237953
0.0159048 -0.0231447
0.0159347 -0.022494
0.0159647 -0.0218433
0.0159947 -0.0211925
0.0160247 -0.0205417
0.0160547 -0.019891
0.0160846 -0.0192402
0.0161146 -0.0185895
0.0161446 -0.0179388
0.0161746 -0.0172881
0.0162046 -0.0166376
0.0162345 -0.0159871
0.0162645 -0.0153368
0.0162945 -0.0146866
0.0163245 -0.0140365
0.0163544 -0.0133866
0.0163844 -0.0127368
0.0164144 -0.0120873
0.0164444 -0.011438
0.0164744 -0.0107888
0.0165043 -0.01014
0.0165343 -0.00949137
0.0165643 -0.00884304
0.0165943 -0.008195
0.0166243 -0.00754726
0.0166542 -0.00689985
0.0166842 -0.00625278
0.0167142 -0.00560607
0.0167442 -0.00495973
0.0167742 -0.00431378
0.0168041 -0.00366824
0.0168341 -0.00302312
0.0168641 -0.00237844
0.0168941 -0.00173422
0.0169241 -0.00109047
0.016954 -0.000447204
0.016984 0.000195554
0.017014 0.000837791
0.017044 0.00147949
0.0170739 0.00212064
0.0171039 0.00276121
0.0171339 0.0034012
0.0171639 0.00404058
0.0171939 0.00467935
0.0172238 0.00531748
0.0172538 0.00595495
0.0172838 0.00659176
0.0173138 0.00722789
0.0173438 0.00786331
0.0173737 0.00849801
0.0174037 0.00913198
0.0174337 0.0097652
0.0174637 0.0103977
0.0174937 0.0110293
0.0175236 0.0116602
0.0175536 0.0122903
0.0175836 0.0129195
0.0176136 0.0135479
0.0176436 0.0141754
0.0176735 0.014802
0.0177035 0.0154278
0.0177335 0.0160526
0.0177635 0.0166765
0.0177935 0.0172994
0.0178234 0.0179214
0.0178534 0.0185424
0.0178834 0.0191625
0.0179134 0.0197815
0.0179433 0.0203995
0.0179733 0.0210164
0.0180033 0.0216323
0.0180333 0.0222471
0.0180633 0.0228609
0.0180932 0.0234735
0.0181232 0.024085
0.0181532 0.0246954
0.0181832 0.0253046
0.0182132 0.0259126
0.0182431 0.0265195
0.0182731 0.0271252
0.0183031 0.0277296
0.0183331 0.0283328
0.0183631 0.0289348
0.018393 0.0295355
0.018423 0.030135
0.018453 0.0307331
0.018483 0.0313299
0.018513 0.0319254
0.0185429 0.0325196
0.0185729 0.0331124
0.0186029 0.0337038
0.0186329 0.0342939
0.0186628 0.0348825
0.0186928 0.0354697
0.0187228 0.0360555
0.0187528 0.0366399
0.0187828 0.0372227
0.0188127 0.0378041
0.0188427 0.038384
0.0188727 0.0389624
0.0189027 0.0395393
0.0189327 0.0401146
0.0189626 0.0406884
0.0189926 0.0412606
0.0190226 0.0418312
0.0190526 0.0424002
0.0190826 0.0429676
0.0191125 0.0435334
0.0191425 0.0440975
0.0191725 0.04466
0.0192025 0.0452207
0.0192325 0.0457798
0.0192624 0.0463372
0.0192924 0.0468929
0.0193224 0.0474468
0.0193524 0.047999
0.0193824 0.0485494
0.0194123 0.0490981
0.0194423 0.0496449
0.0194723 0.0501899
0.0195023 0.0507332
0.0195322 0.0512745
0.0195622 0.0518141
0.0195922 0.0523517
0.0196222 0.0528875
0.0196522 0.0534214
0.0196821 0.0539534
0.0197121 0.0544834
0.0197421 0.0550116
0.0197721 0.0555377
0.0198021 0.0560619
0.019832 0.0565842
0.019862 0.0571044
0.019892 0.0576226
0.019922 0.0581388
0.019952 0.058653
0.0199819 0.0591651
0.0200119 0.0596752
0.0200419 0.0601832
0.0200719 0.0606891
0.0201019 0.0611928
0.0201318 0.0616945
0.0201618 0.0621941
0.0201918 0.0626915
0.0202218 0.0631867
0.0202518 0.0636798
0.0202817 0.0641707
0.0203117 0.0646594
0.0203417 0.0651459
0.0203717 0.0656301
0.0204016 0.0661122
0.0204316 0.066592
0.0204616 0.0670695
0.0204916 0.0675447
0.0205216 0.0680177
0.0205515 0.0684883
0.0205815 0.0689567
0.0206115 0.0694227
0.0206415 0.0698864
0.0206715 0.0703477
0.0207014 0.0708067
0.0207314 0.0712633
0.0207614 0.0717175
0.0207914 0.0721693
0.0208214 0.0726187
0.0208513 0.0730656
0.0208813 0.0735101
0.0209113 0.0739522
0.0209413 0.0743918
0.0209713 0.074829
0.0210012 0.0752636
0.0210312 0.0756958
0.0210612 0.0761255
0.0210912 0.0765526
0.0211211 0.0769772
0.0211511 0.0773992
0.0211811 0.0778187
0.0212111 0.0782357
0.0212411 0.07865
0.021271 0.0790618
0.021301 0.0794709
0.021331 0.0798775
0.021361 0.0802814
0.021391 0.0806827
0.0214209 0.0810814
0.0214509 0.0814774
0.0214809 0.0818707
0.0215109 0.0822613
0.0215409 0.0826493
0.0215708 0.0830345
0.0216008 0.0834171
0.0216308 0.0837969
0.0216608 0.084174
0.0216908 0.0845484
0.0217207 0.08492
0.0217507 0.0852888
0.0217807 0.0856549
0.0218107 0.0860182
0.0218407 0.0863787
0.0218706 0.0867363
0.0219006 0.0870912
0.0219306 0.0874433
0.0219606 0.0877925
0.0219905 0.0881389
0.0220205 0.0884824
0.0220505 0.0888231
0.0220805 0.0891609
0.0221105 0.0894958
0.0221404 0.0898279
0.0221704 0.090157
0.0222004 0.0904832
0.0222304 0.0908065
0.0222604 0.0911269
0.0222903 0.0914444
0.0223203 0.0917589
0.0223503 0.0920704
0.0223803 0.092379
0.0224103 0.0926847
0.0224402 0.0929873
0.0224702 0.093287
0.0225002 0.0935836
0.0225302 0.0938773
0.0225602 0.094168
0.0225901 0.0944556
0.0226201 0.0947402
0.0226501 0.0950218
0.0226801 0.0953003
0.02271 0.0955758
0.02274 0.0958482
0.02277 0.0961176
0.0228 0.0963839
0.02283 0.0966471
0.0228599 0.0969072
0.0228899 0.0971642
0.0229199 0.0974181
0.0229499 0.0976689
0.0229799 0.0979166
0.0230098 0.0981611
0.0230398 0.0984026
0.0230698 0.0986409
0.0230998 0.098876
0.0231298 0.099108
0.0231597 0.0993368
0.0231897 0.0995625
0.0232197 0.099785
0.0232497 0.100004
0.0232797 0.10022
0.0233096 0.100433
0.0233396 0.100643
0.0233696 0.10085
0.0233996 0.101053
0.0234296 0.101253
0.0234595 0.10145
0.0234895 0.101644
0.0235195 0.101834
0.0235495 0.102022
0.0235794 0.102205
0.0236094 0.102386
0.0236394 0.102564
0.0236694 0.102738
0.0236994 0.102909
0.0237293 0.103077
0.0237593 0.103241
0.0237893 0.103402
0.0238193 0.10356
0.0238493 0.103715
0.0238792 0.103866
0.0239092 0.104014
0.0239392 0.104159
0.0239692 0.1043
0.0239992 0.104438
0.0240291 0.104573
0.0240591 0.104705
0.0240891 0.104833
0.0241191 0.104958
0.0241491 0.105079
0.024179 0.105197
0.024209 0.105312
0.024239 0.105424
0.024269 0.105532
0.0242989 0.105637
0.0243289 0.105738
0.0243589 0.105837
0.0243889 0.105931
0.0244189 0.106023
0.0244488 0.106111
0.0244788 0.106196
0.0245088 0.106277
0.0245388 0.106355
0.0245688 0.10643
0.0245987 0.106501
0.0246287 0.106569
0.0246587 0.106634
0.0246887 0.106695
0.0247187 0.106753
0.0247486 0.106807
0.0247786 0.106858
0.0248086 0.106906
0.0248386 0.10695
0.0248686 0.106991
0.0248985 0.107029
0.0249285 0.107063
0.0249585 0.107094
0.0249885 0.107121
0.0250185 0.107145
0.0250484 0.107166
0.0250784 0.107183
0.0251084 0.107197
0.0251384 0.107207
0.0251683 0.107214
0.0251983 0.107218
0.0252283 0.107219
0.0252583 0.107215
0.0252883 0.107209
0.0253182 0.107199
0.0253482 0.107186
0.0253782 0.107169
0.0254082 0.107149
0.0254382 0.107126
0.0254681 0.107099
0.0254981 0.107069
0.0255281 0.107035
0.0255581 0.106999
0.0255881 0.106958
0.025618 0.106915
0.025648 0.106868
0.025678 0.106817
0.025708 0.106763
0.025738 0.106706
0.0257679 0.106646
0.0257979 0.106582
0.0258279 0.106515
0.0258579 0.106444
0.0258878 0.10637
0.0259178 0.106293
0.0259478 0.106212
0.0259778 0.106128
0.0260078 0.10604
0.0260377 0.10595
0.0260677 0.105855
0.0260977 0.105758
0.0261277 0.105657
0.0261577 0.105553
0.0261876 0.105446
0.0262176 0.105335
0.0262476 0.105221
0.0262776 0.105103
0.0263076 0.104983
0.0263375 0.104858
0.0263675 0.104731
0.0263975 0.1046
0.0264275 0.104466
0.0264575 0.104329
0.0264874 0.104188
0.0265174 0.104045
0.0265474 0.103897
0.0265774 0.103747
0.0266074 0.103593
0.0266373 0.103436
0.0266673 0.103276
0.0266973 0.103112
0.0267273 0.102946
0.0267572 0.102775
0.0267872 0.102602
0.0268172 0.102426
0.0268472 0.102246
0.0268772 0.102063
0.0269071 0.101877
0.0269371 0.101687
0.0269671 0.101494
0.0269971 0.101299
0.0270271 0.1011
0.027057 0.100897
0.027087 0.100692
0.027117 0.100483
0.027147 0.100271
0.027177 0.100056
0.0272069 0.0998382
0.0272369 0.0996169
0.0272669 0.0993925
0.0272969 0.0991649
0.0273269 0.0989342
0.0273568 0.0987003
0.0273868 0.0984634
0.0274168 0.0982233
0.0274468 0.0979801
0.0274767 0.0977338
0.0275067 0.0974844
0.0275367 0.097232
0.0275667 0.0969765
0.0275967 0.0967179
0.0276266 0.0964562
0.0276566 0.0961915
0.0276866 0.0959238
0.0277166 0.095653
0.0277466 0.0953792
0.0277765 0.0951024
0.0278065 0.0948226
0.0278365 0.0945398
0.0278665 0.094254
0.0278965 0.0939652
0.0279264 0.0936735
0.0279564 0.0933788
0.0279864 0.0930811
0.0280164 0.0927805
0.0280464 0.092477
0.0280763 0.0921705
0.0281063 0.0918612
0.0281363 0.0915489
0.0281663 0.0912337
0.0281963 0.0909157
0.0282262 0.0905948
0.0282562 0.090271
0.0282862 0.0899443
0.0283162 0.0896148
0.0283461 0.0892825
0.0283761 0.0889474
0.0284061 0.0886095
0.0284361 0.0882687
0.0284661 0.0879252
0.028496 0.0875789
0.028526 0.0872298
0.028556 0.0868779
0.028586 0.0865234
0.028616 0.086166
0.0286459 0.085806
0.0286759 0.0854433
0.0287059 0.0850778
0.0287359 0.0847097
0.0287659 0.0843389
0.0287958 0.0839654
0.0288258 0.0835893
0.0288558 0.0832105
0.0288858 0.0828291
0.0289158 0.0824451
0.0289457 0.0820585
0.0289757 0.0816693
0.0290057 0.0812776
0.0290357 0.0808832
0.0290656 0.0804863
0.0290956 0.0800869
0.0291256 0.0796849
0.0291556 0.0792805
0.0291856 0.0788735
0.0292155 0.078464
0.0292455 0.0780521
0.0292755 0.0776377
0.0293055 0.0772208
0.0293355 0.0768016
0.0293654 0.0763799
0.0293954 0.0759558
0.0294254 0.0755293
0.0294554 0.0751004
0.0294854 0.0746691
0.0295153 0.0742355
0.0295453 0.0737996
0.0295753 0.0733613
0.0296053 0.0729207
0.0296353 0.0724779
0.0296652 0.0720327
0.0296952 0.0715853
0.0297252 0.0711356
0.0297552 0.0706837
0.0297852 0.0702296
0.0298151 0.0697733
0.0298451 0.0693147
0.0298751 0.068854
0.0299051 0.0683912
0.029935 0.0679261
0.029965 0.067459
0.029995 0.0669897
0.030025 0.0665183
0.030055 0.0660449
0.0300849 0.0655693
0.0301149 0.0650917
0.0301449 0.0646121
0.0301749 0.0641305
0.0302049 0.0636468
0.0302348 0.0631611
0.0302648 0.0626735
0.0302948 0.0621839
0.0303248 0.0616923
0.0303548 0.0611989
0.0303847 0.0607035
0.0304147 0.0602062
0.0304447 0.059707
0.0304747 0.059206
0.0305047 0.0587031
0.0305346 0.0581984
0.0305646 0.0576918
0.0305946 0.0571835
0.0306246 0.0566734
0.0306545 0.0561615
0.0306845 0.0556479
0.0307145 0.0551325
0.0307445 0.0546155
0.0307745 0.0540967
0.0308044 0.0535762
0.0308344 0.0530541
0.0308644 0.0525303
0.0308944 0.0520049
0.0309244 0.0514779
0.0309543 0.0509493
0.0309843 0.0504192
0.0310143 0.0498874
0.0310443 0.0493541
0.0310743 0.0488193
0.0311042 0.048283
0.0311342 0.0477452
0.0311642 0.0472059
0.0311942 0.0466652
0.0312242 0.046123
0.0312541 0.0455794
0.0312841 0.0450345
0.0313141 0.0444881
0.0313441 0.0439404
0.0313741 0.0433913
0.031404 0.0428409
0.031434 0.0422892
0.031464 0.0417361
0.031494 0.0411819
0.0315239 0.0406263
0.0315539 0.0400696
0.0315839 0.0395116
0.0316139 0.0389524
0.0316439 0.038392
0.0316738 0.0378305
0.0317038 0.0372678
0.0317338 0.036704
0.0317638 0.0361391
0.0317938 0.0355731
0.0318237 0.035006
0.0318537 0.0344379
0.0318837 0.0338687
0.0319137 0.0332985
0.0319437 0.0327274
0.0319736 0.0321553
0.0320036 0.0315822
0.0320336 0.0310081
0.0320636 0.0304332
0.0320936 0.0298574
0.0321235 0.0292806
0.0321535 0.028703
0.0321835 0.0281246
0.0322135 0.0275454
0.0322434 0.0269653
0.0322734 0.0263845
0.0323034 0.0258029
0.0323334 0.0252206
0.0323634 0.0246375
0.0323933 0.0240537
0.0324233 0.0234693
0.0324533 0.0228842
0.0324833 0.0222984
0.0325133 0.021712
0.0325432 0.021125
0.0325732 0.0205374
0.0326032 0.0199492
0.0326332 0.0193605
0.0326632 0.0187713
0.0326931 0.0181815
0.0327231 0.0175913
0.0327531 0.0170006
0.0327831 0.0164094
0.0328131 0.0158178
0.032843 0.0152258
0.032873 0.0146334
0.032903 0.0140407
0.032933 0.0134475
0.032963 0.0128541
0.0329929 0.0122603
0.0330229 0.0116663
0.0330529 0.0110719
0.0330829 0.0104774
0.0331128 0.00988255
0.0331428 0.00928752
0.0331728 0.0086923
0.0332028 0.00809691
0.0332328 0.00750136
0.0332627 0.00690569
0.0332927 0.00630989
0.0333227 0.00571401
0.0333527 0.00511805
0.0333827 0.00452204
0.0334126 0.00392599
0.0334426 0.00332993
0.0334726 0.00273388
0.0335026 0.00213785
0.0335326 0.00154187
0.0335625 0.00094596
0.0335925 0.000350133
0.0336225 -0.000245588
0.0336525 -0.000841182
0.0336825 -0.00143663
0.0337124 -0.00203191
0.0337424 -0.00262701
0.0337724 -0.0032219
0.0338024 -0.00381656
0.0338323 -0.00441098
0.0338623 -0.00500513
0.0338923 -0.005599
0.0339223 -0.00619255
0.0339523 -0.00678579
0.0339822 -0.00737868
0.0340122 -0.0079712
0.0340422 -0.00856334
0.0340722 -0.00915507
0.0341022 -0.00974638
0.0341321 -0.0103372
0.0341621 -0.0109276
0.0341921 -0.0115176
0.0342221 -0.012107
0.0342521 -0.0126959
0.034282 -0.0132842
0.034312 -0.013872
0.034342 -0.0144592
0.034372 -0.0150458
0.034402 -0.0156317
0.0344319 -0.0162171
0.0344619 -0.0168017
0.0344919 -0.0173857
0.0345219 -0.017969
0.0345519 -0.0185516
0.0345818 -0.0191334
0.0346118 -0.0197145
0.0346418 -0.0202948
0.0346718 -0.0208742
0.0347017 -0.0214529
0.0347317 -0.0220308
0.0347617 -0.0226077
0.0347917 -0.0231838
0.0348217 -0.023759
0.0348516 -0.0243333
0.0348816 -0.0249067
0.0349116 -0.0254791
0.0349416 -0.0260505
0.0349716 -0.026621
0.0350015 -0.0271904
0.0350315 -0.0277588
0.0350615 -0.0283262
0.0350915 -0.0288925
0.0351215 -0.0294577
0.0351514 -0.0300218
0.0351814 -0.0305848
0.0352114 -0.0311466
0.0352414 -0.0317073
0.0352714 -0.0322667
0.0353013 -0.032825
0.0353313 -0.0333821
0.0353613 -0.033938
0.0353913 -0.0344925
0.0354212 -0.0350458
0.0354512 -0.0355979
0.0354812 -0.0361486
0.0355112 -0.036698
0.0355412 -0.037246
0.0355711 -0.0377927
0.0356011 -0.0383379
0.0356311 -0.0388818
0.0356611 -0.0394243
0.0356911 -0.0399653
0.035721 -0.0405049
0.035751 -0.041043
0.035781 -0.0415796
0.035811 -0.0421147
0.035841 -0.0426483
0.0358709 -0.0431803
0.0359009 -0.0437108
0.0359309 -0.0442396
0.0359609 -0.0447669
0.0359909 -0.0452926
0.0360208 -0.0458166
0.0360508 -0.046339
0.0360808 -0.0468597
0.0361108 -0.0473788
0.0361408 -0.0478961
0.0361707 -0.0484117
0.0362007 -0.0489256
0.0362307 -0.0494377
0.0362607 -0.0499481
0.0362906 -0.0504566
0.0363206 -0.0509634
0.0363506 -0.0514684
0.0363806 -0.0519715
0.0364106 -0.0524727
0.0364405 -0.0529721
0.0364705 -0.0534696
0.0365005 -0.0539652
0.0365305 -0.0544589
0.0365605 -0.0549506
0.0365904 -0.0554404
0.0366204 -0.0559282
0.0366504 -0.056414
0.0366804 -0.0568978
0.0367104 -0.0573797
0.0367403 -0.0578594
0.0367703 -0.0583372
0.0368003 -0.0588129
0.0368303 -0.0592864
0.0368603 -0.0597579
0.0368902 -0.0602273
0.0369202 -0.0606946
0.0369502 -0.0611597
0.0369802 -0.0616227
0.0370101 -0.0620835
0.0370401 -0.0625421
0.0370701 -0.0629985
0.0371001 -0.0634527
0.0371301 -0.0639046
0.03716 -0.0643544
0.03719 -0.0648018
0.03722 -0.065247
0.03725 -0.0656899
0.03728 -0.0661305
0.0373099 -0.0665687
0.0373399 -0.0670047
0.0373699 -0.0674383
0.0373999 -0.0678695
0.0374299 -0.0682984
0.0374598 -0.0687248
0.0374898 -0.0691489
0.0375198 -0.0695705
0.0375498 -0.0699898
0.0375798 -0.0704065
0.0376097 -0.0708209
0.0376397 -0.0712327
0.0376697 -0.0716421
0.0376997 -0.072049
0.0377297 -0.0724533
0.0377596 -0.0728552
0.0377896 -0.0732545
0.0378196 -0.0736512
0.0378496 -0.0740454
0.0378795 -0.0744371
0.0379095 -0.0748261
0.0379395 -0.0752125
0.0379695 -0.0755964
0.0379995 -0.0759776
0.0380294 -0.0763562
0.0380594 -0.0767321
0.0380894 -0.0771054
0.0381194 -0.077476
0.0381494 -0.0778439
0.0381793 -0.0782091
0.0382093 -0.0785716
0.0382393 -0.0789314
0.0382693 -0.0792885
0.0382993 -0.0796429
0.0383292 -0.0799944
0.0383592 -0.0803433
0.0383892 -0.0806893
0.0384192 -0.0810326
0.0384492 -0.0813731
0.0384791 -0.0817107
0.0385091 -0.0820456
0.0385391 -0.0823776
0.0385691 -0.0827068
0.038599 -0.0830332
0.038629 -0.0833567
0.038659 -0.0836773
0.038689 -0.0839951
0.038719 -0.0843099
0.0387489 -0.0846219
0.0387789 -0.084931
0.0388089 -0.0852371
0.0388389 -0.0855404
0.0388689 -0.0858407
0.0388988 -0.086138
0.0389288 -0.0864324
0.0389588 -0.0867239
0.0389888 -0.0870124
0.0390188 -0.0872979
0.0390487 -0.0875804
0.0390787 -0.0878599
0.0391087 -0.0881364
0.0391387 -0.08841
0.0391687 -0.0886804
0.0391986 -0.0889479
0.0392286 -0.0892123
0.0392586 -0.0894737
0.0392886 -0.089732
0.0393186 -0.0899873
0.0393485 -0.0902395
0.0393785 -0.0904887
0.0394085 -0.0907347
0.0394385 -0.0909777
0.0394684 -0.0912176
0.0394984 -0.0914543
0.0395284 -0.091688
0.0395584 -0.0919186
0.0395884 -0.092146
0.0396183 -0.0923703
0.0396483 -0.0925914
0.0396783 -0.0928095
0.0397083 -0.0930243
0.0397383 -0.0932361
0.0397682 -0.0934446
0.0397982 -0.09365
0.0398282 -0.0938523
0.0398582 -0.0940513
0.0398882 -0.0942472
0.0399181 -0.0944399
0.0399481 -0.0946294
0.0399781 -0.0948157
0.0400081 -0.0949988
0.0400381 -0.0951787
0.040068 -0.0953553
0.040098 -0.0955288
0.040128 -0.095699
0.040158 -0.0958661
0.0401879 -0.0960298
0.0402179 -0.0961904
0.0402479 -0.0963477
0.0402779 -0.0965018
0.0403079 -0.0966526
0.0403378 -0.0968002
0.0403678 -0.0969445
0.0403978 -0.0970856
0.0404278 -0.0972234
0.0404578 -0.0973579
0.0404877 -0.0974892
0.0405177 -0.0976172
0.0405477 -0.097742
0.0405777 -0.0978634
0.0406077 -0.0979816
0.0406376 -0.0980965
0.0406676 -0.0982082
0.0406976 -0.0983165
0.0407276 -0.0984216
0.0407576 -0.0985233
0.0407875 -0.0986218
0.0408175 -0.098717
0.0408475 -0.0988089
0.0408775 -0.0988974
0.0409075 -0.0989827
0.0409374 -0.0990647
0.0409674 -0.0991434
0.0409974 -0.0992188
0.0410274 -0.0992909
0.0410573 -0.0993597
0.0410873 -0.0994252
0.0411173 -0.0994873
0.0411473 -0.0995462
0.0411773 -0.0996018
0.0412072 -0.099654
0.0412372 -0.099703
0.0412672 -0.0997486
0.0412972 -0.0997909
0.0413272 -0.09983
0.0413571 -0.0998657
0.0413871 -0.0998981
0.0414171 -0.0999272
0.0414471 -0.099953
0.0414771 -0.0999755
0.041507 -0.0999947
0.041537 -0.100011
0.041567 -0.100023
0.041597 -0.100032
0.041627 -0.100038
0.0416569 -0.100041
0.0416869 -0.100041
0.0417169 -0.100037
0.0417469 -0.100029
0.0417768 -0.100019
0.0418068 -0.100005
0.0418368 -0.0999882
0.0418668 -0.0999678
0.0418968 -0.0999442
0.0419267 -0.0999173
0.0419567 -0.0998871
0.0419867 -0.0998537
0.0420167 -0.0998169
0.0420467 -0.0997769
0.0420766 -0.0997337
0.0421066 -0.0996872
0.0421366 -0.0996374
0.0421666 -0.0995843
0.0421966 -0.099528
0.0422265 -0.0994685
0.0422565 -0.0994057
0.0422865 -0.0993396
0.0423165 -0.0992703
0.0423465 -0.0991978
0.0423764 -0.0991221
0.0424064 -0.0990431
0.0424364 -0.0989609
0.0424664 -0.0988755
0.0424964 -0.0987869
0.0425263 -0.098695
0.0425563 -0.0986
0.0425863 -0.0985018
0.0426163 -0.0984003
0.0426462 -0.0982957
0.0426762 -0.0981879
0.0427062 -0.0980769
0.0427362 -0.0979628
0.0427662 -0.0978454
0.0427961 -0.0977249
0.0428261 -0.0976013
0.0428561 -0.0974745
0.0428861 -0.0973445
0.0429161 -0.0972115
0.042946 -0.0970752
0.042976 -0.0969359
0.043006 -0.0967934
0.043036 -0.0966478
0.043066 -0.0964992
0.0430959 -0.0963474
0.0431259 -0.0961925
0.0431559 -0.0960345
0.0431859 -0.0958735
0.0432159 -0.0957093
0.0432458 -0.0955421
0.0432758 -0.0953719
0.0433058 -0.0951986
0.0433358 -0.0950222
0.0433657 -0.0948428
0.0433957 -0.0946604
0.0434257 -0.094475
0.0434557 -0.0942865
0.0434857 -0.0940951
0.0435156 -0.0939006
0.0435456 -0.0937032
0.0435756 -0.0935027
0.0436056 -0.0932993
0.0436356 -0.093093
0.0436655 -0.0928836
0.0436955 -0.0926713
0.0437255 -0.0924561
0.0437555 -0.092238
0.0437855 -0.0920169
0.0438154 -0.0917929
0.0438454 -0.0915661
0.0438754 -0.0913363
0.0439054 -0.0911036
0.0439354 -0.0908681
0.0439653 -0.0906297
0.0439953 -0.0903884
0.0440253 -0.0901443
0.0440553 -0.0898973
0.0440853 -0.0896475
0.0441152 -0.0893949
0.0441452 -0.0891395
0.0441752 -0.0888813
0.0442052 -0.0886203
0.0442351 -0.0883566
0.0442651 -0.08809
0.0442951 -0.0878207
0.0443251 -0.0875487
0.0443551 -0.0872739
0.044385 -0.0869964
0.044415 -0.0867162
0.044445 -0.0864332
0.044475 -0.0861476
0.044505 -0.0858593
0.0445349 -0.0855683
0.0445649 -0.0852747
0.0445949 -0.0849784
0.0446249 -0.0846795
0.0446549 -0.0843779
0.0446848 -0.0840738
0.0447148 -0.083767
0.0447448 -0.0834576
0.0447748 -0.0831457
0.0448048 -0.0828312
0.0448347 -0.0825141
0.0448647 -0.0821945
0.0448947 -0.0818724
0.0449247 -0.0815477
0.0449546 -0.0812205
0.0449846 -0.0808909
